0.000000000000000000e+00,0.000000000000000000e+00,0.000000000000000000e+00,0.000000000000000000e+00,0.000000000000000000e+00,0.000000000000000000e+00
0.000000000000000000e+00,0.000000000000000000e+00,0.000000000000000000e+00,0.000000000000000000e+00,0.000000000000000000e+00,0.000000000000000000e+00
0.000000000000000000e+00,0.000000000000000000e+00,0.000000000000000000e+00,0.000000000000000000e+00,0.000000000000000000e+00,0.000000000000000000e+00
0.000000000000000000e+00,0.000000000000000000e+00,0.000000000000000000e+00,0.000000000000000000e+00,0.000000000000000000e+00,0.000000000000000000e+00
0.000000000000000000e+00,0.000000000000000000e+00,0.000000000000000000e+00,0.000000000000000000e+00,0.000000000000000000e+00,0.000000000000000000e+00
0.000000000000000000e+00,0.000000000000000000e+00,0.000000000000000000e+00,0.000000000000000000e+00,0.000000000000000000e+00,0.000000000000000000e+00
0.000000000000000000e+00,0.000000000000000000e+00,0.000000000000000000e+00,0.000000000000000000e+00,0.000000000000000000e+00,0.000000000000000000e+00
0.000000000000000000e+00,0.000000000000000000e+00,0.000000000000000000e+00,0.000000000000000000e+00,0.000000000000000000e+00,0.000000000000000000e+00
1.000045399929762491e+00,2.202746579480671789e+04,0.000000000000000000e+00,1.000045399929762491e+00,1.000045399929762491e+00,2.202746579480671789e+04
0.000000000000000000e+00,0.000000000000000000e+00,0.000000000000000000e+00,0.000000000000000000e+00,0.000000000000000000e+00,0.000000000000000000e+00
1.000045399929762491e+00,2.202746579480671789e+04,1.000045399929762491e+00,1.000045399929762491e+00,0.000000000000000000e+00,2.202746579480671789e+04
1.000045399929762491e+00,2.202746579480671789e+04,1.000045399929762491e+00,1.000045399929762491e+00,1.000045399929762491e+00,0.000000000000000000e+00
0.000000000000000000e+00,1.000000000000000000e+00,9.999546021313913124e-01,1.000000041238047865e+00,2.200647668668254482e+04,9.999999587993773087e-01
1.000000000000000000e+00,0.000000000000000000e+00,4.539786870243865007e-05,4.539993163468933302e-05,9.990924958951478141e-01,4.539992789197947598e-05
2.202646579480671789e+04,1.000000000000000000e+00,0.000000000000000000e+00,1.000000041238047865e+00,2.200647668668254482e+04,9.999999587993773087e-01
2.202646579480671789e+04,1.000000000000000000e+00,9.999546021313913124e-01,0.000000000000000000e+00,2.200647668668254482e+04,9.999999587993773087e-01
2.202646579480671789e+04,1.000000000000000000e+00,9.999546021313913124e-01,1.000000041238047865e+00,0.000000000000000000e+00,9.999999587993773087e-01
1.000000000000000000e+00,4.539992976248484740e-05,4.539786870243865007e-05,4.539993163468933302e-05,9.990924958951478141e-01,0.000000000000000000e+00
0.000000000000000000e+00,1.000000000000000000e+00,9.981849922018807275e-01,4.539992976248484740e-05,4.539993163298953441e-05,4.539993163468933302e-05
2.202646579480671789e+04,0.000000000000000000e+00,2.198648758762413490e+04,1.000000000000000000e+00,1.000000041200607370e+00,1.000000041238047865e+00
2.202746579480465152e+04,2.202746579480465152e+04,0.000000000000000000e+00,1.000045399929668788e+00,1.000045441132146662e+00,1.000045441169588933e+00
2.202646488647830120e+04,2.202646488647830120e+04,2.198648668094434470e+04,0.000000000000000000e+00,9.999999999625595049e-01,1.000000000000000000e+00
1.000908328416618920e+00,1.000908328416618920e+00,9.990916719953401026e-01,4.544116780880061521e-05,0.000000000000000000e+00,4.544116968270567195e-05
2.202646670231085955e+04,2.202646670231085955e+04,2.198648849348115255e+04,1.000000041200624468e+00,1.000000082401233614e+00,0.000000000000000000e+00
0.000000000000000000e+00,1.000000000000000000e+00,4.539992976418310780e-05,9.990908465235053271e-01,4.539993163639068340e-05,4.539992789197947598e-05
4.539992976248484740e-05,0.000000000000000000e+00,4.539992976418310780e-05,9.990908465235053271e-01,4.539993163639068340e-05,4.539992789197947598e-05
4.548248081985069329e-05,1.001818308041393824e+00,0.000000000000000000e+00,1.000907501443822012e+00,4.548248269716386502e-05,4.548247894594415933e-05
1.000000000000000000e+00,2.202646579480671789e+04,1.000000000037406744e+00,0.000000000000000000e+00,1.000000041275522777e+00,9.999999587993773087e-01
9.999999587993942951e-01,2.202646488730298370e+04,9.999999588368009285e-01,2.200643945017580336e+04,0.000000000000000000e+00,9.999999175987732691e-01
9.999999587619536889e-01,2.202646488647830120e+04,9.999999587993604333e-01,2.200643944935187028e+04,1.000000000037474912e+00,0.000000000000000000e+00
0.000000000000000000e+00,2.202646579480671789e+04,9.999546021313913124e-01,9.999546021313913124e-01,1.000000041200607370e+00,2.200647668668254482e+04
1.000000000000000000e+00,0.000000000000000000e+00,4.539786870243865007e-05,4.539786870243865007e-05,4.539993163298953441e-05,9.990924958951478141e-01
2.202646579398278118e+04,2.202646579398278118e+04,0.000000000000000000e+00,9.999546020939863444e-01,1.000000041163200848e+00,2.200647668585935389e+04
1.000909980788692311e+00,1.000909980788692311e+00,4.543917989080544103e-05,0.000000000000000000e+00,4.544124469858349953e-05,1.000001650872539116e+00
2.202646488565286563e+04,2.202646488565286563e+04,9.999545608577440348e-01,9.999545608577440348e-01,0.000000000000000000e+00,2.200647577835374977e+04
2.202646670231085955e+04,2.202646670231085955e+04,9.999546433301452764e-01,9.999546433301452764e-01,1.000000082401233614e+00,0.000000000000000000e+00
0.000000000000000000e+00,1.000000000000000000e+00,4.539786870243863652e-05,4.539786870243863652e-05,4.539992789028121558e-05,9.990924958951478141e-01
1.000000000000000000e+00,0.000000000000000000e+00,4.539786870243863652e-05,4.539786870243863652e-05,4.539992789028121558e-05,9.990924958951478141e-01
2.202746579480465152e+04,2.202746579480465152e+04,0.000000000000000000e+00,9.999999999999997780e-01,1.000045358689767294e+00,2.200747577917637682e+04
2.202746579480465152e+04,2.202746579480465152e+04,9.999999999999997780e-01,0.000000000000000000e+00,1.000045358689767294e+00,2.200747577917637682e+04
2.202646488730298370e+04,2.202646488730298370e+04,9.999545609326557782e-01,9.999545609326557782e-01,0.000000000000000000e+00,2.200647578000237627e+04
1.000908328416618920e+00,1.000908328416618920e+00,4.543910487663499470e-05,4.543910487663499470e-05,4.544116593489640551e-05,0.000000000000000000e+00
0.000000000000000000e+00,1.000000000000000000e+00,4.539786870243863652e-05,4.539786870243863652e-05,9.990916719578841754e-01,9.990924958951478141e-01
1.000000000000000000e+00,0.000000000000000000e+00,4.539786870243863652e-05,4.539786870243863652e-05,9.990916719578841754e-01,9.990924958951478141e-01
2.202746579480465880e+04,2.202746579480465880e+04,0.000000000000000000e+00,1.000000000000000000e+00,2.200745762992648815e+04,2.200747577917638046e+04
2.202746579480465880e+04,2.202746579480465880e+04,1.000000000000000000e+00,0.000000000000000000e+00,2.200745762992648815e+04,2.200747577917638046e+04
2.202646670313479626e+04,2.202646670313479626e+04,9.999546433675499113e-01,9.999546433675499113e-01,0.000000000000000000e+00,2.200647759418631176e+04
1.000908328416618920e+00,1.000908328416618920e+00,4.543910487663499470e-05,4.543910487663499470e-05,9.999991753143308015e-01,0.000000000000000000e+00
0.000000000000000000e+00,1.000000000000000000e+00,9.981849914538160062e-01,4.539992976248484740e-05,9.990916719578841754e-01,9.990924958951478141e-01
1.000000000000000000e+00,0.000000000000000000e+00,9.981849914538160062e-01,4.539992976248484740e-05,9.990916719578841754e-01,9.990924958951478141e-01
2.202746579480465880e+04,2.202746579480465880e+04,0.000000000000000000e+00,1.000045399929669010e+00,2.200745762992648815e+04,2.200747577917638046e+04
2.202746579480465880e+04,2.202746579480465880e+04,2.198748575613630965e+04,0.000000000000000000e+00,2.200745762992648815e+04,2.200747577917638046e+04
1.000909153852054256e+00,1.000909153852054256e+00,9.990924951838588974e-01,4.544120528351140226e-05,0.000000000000000000e+00,1.000000824686349432e+00
1.000908328416618920e+00,1.000908328416618920e+00,9.990916712465959248e-01,4.544116780880061521e-05,9.999991753143308015e-01,0.000000000000000000e+00
0.000000000000000000e+00,1.000000000000000000e+00,9.981849914538160062e-01,4.539992788857987198e-05,9.990916719578841754e-01,9.990924958951478141e-01
1.000000000000000000e+00,0.000000000000000000e+00,9.981849914538160062e-01,4.539992788857987198e-05,9.990916719578841754e-01,9.990924958951478141e-01
1.001818308792181478e+00,1.001818308792181478e+00,0.000000000000000000e+00,4.548247897662407893e-05,1.000908329129200469e+00,1.000909154564636472e+00
2.202646579480671789e+04,2.202646579480671789e+04,2.198648757114691398e+04,0.000000000000000000e+00,2.200645853825658924e+04,2.200647668668254482e+04
1.000909153852054256e+00,1.000909153852054256e+00,9.990924951838588974e-01,4.544120340790275221e-05,0.000000000000000000e+00,1.000000824686349432e+00
1.000908328416618920e+00,1.000908328416618920e+00,9.990916712465959248e-01,4.544116593319351015e-05,9.999991753143308015e-01,0.000000000000000000e+00
0.000000000000000000e+00,1.000000000000000000e+00,9.981849914538160062e-01,9.990908465228237612e-01,9.990916719578841754e-01,4.539992789197947598e-05
1.000000000000000000e+00,0.000000000000000000e+00,9.981849914538160062e-01,9.990908465228237612e-01,9.990916719578841754e-01,4.539992789197947598e-05
1.001818308792181478e+00,1.001818308792181478e+00,0.000000000000000000e+00,1.000907502193244314e+00,1.000908329129200469e+00,4.548247898002986289e-05
2.202646670396023183e+04,2.202646670396023183e+04,2.198648847865030621e+04,0.000000000000000000e+00,2.200645944658429289e+04,1.000000000074881212e+00
1.000909153852054256e+00,1.000909153852054256e+00,9.990924951838588974e-01,9.999991738144921039e-01,0.000000000000000000e+00,4.544120341130545297e-05
1.000908328416618920e+00,1.000908328416618920e+00,9.990916712465959248e-01,9.999983491295042493e-01,9.999991753143308015e-01,0.000000000000000000e+00
0.000000000000000000e+00,1.000000000000000000e+00,9.981849914538160062e-01,9.990908465228237612e-01,4.539786870243865007e-05,9.990924958951478141e-01
1.000000000000000000e+00,0.000000000000000000e+00,9.981849914538160062e-01,9.990908465228237612e-01,4.539786870243865007e-05,9.990924958951478141e-01
1.001818308792181478e+00,1.001818308792181478e+00,0.000000000000000000e+00,1.000907502193244314e+00,4.548041604624659240e-05,1.000909154564636472e+00
1.000909980789375098e+00,1.000909980789375098e+00,9.990933206202814443e-01,0.000000000000000000e+00,4.543917989083643566e-05,1.000001650873221237e+00
1.000909153852054256e+00,1.000909153852054256e+00,9.990924951838588974e-01,9.999991738144921039e-01,0.000000000000000000e+00,1.000000824686349432e+00
2.202646670231085955e+04,2.202646670231085955e+04,2.198648847700392798e+04,2.200644126351855084e+04,9.999546433301452764e-01,0.000000000000000000e+00
0.000000000000000000e+00,1.000000000000000000e+00,4.539992789197948276e-05,9.990908465228237612e-01,9.990916719578841754e-01,4.539992789197947598e-05
1.000000000000000000e+00,0.000000000000000000e+00,4.539992789197948276e-05,9.990908465228237612e-01,9.990916719578841754e-01,4.539992789197947598e-05
1.001818308792181478e+00,1.001818308792181478e+00,0.000000000000000000e+00,1.000907502193244314e+00,1.000908329129200469e+00,4.548247898002986289e-05
1.000909980789375098e+00,1.000909980789375098e+00,4.544124095420019676e-05,0.000000000000000000e+00,1.000000826186190572e+00,4.544124095420018998e-05
2.202746579480465152e+04,2.202746579480465152e+04,1.000045358727175815e+00,2.200743944768392612e+04,0.000000000000000000e+00,1.000045358727175593e+00
1.000908328416618920e+00,1.000908328416618920e+00,4.544116593659621090e-05,9.999983491295042493e-01,9.999991753143308015e-01,0.000000000000000000e+00
0.000000000000000000e+00,1.000000000000000000e+00,4.539992602147341339e-05,4.539993163298953441e-05,4.539993163298953441e-05,9.990924958951478141e-01
4.539992976248484740e-05,0.000000000000000000e+00,4.539992602147341339e-05,4.539993163298953441e-05,4.539993163298953441e-05,9.990924958951478141e-01
1.000000041200624246e+00,2.202646670231085591e+04,0.000000000000000000e+00,1.000000082401233392e+00,1.000000082401233392e+00,2.200647759336312083e+04
4.544124282640768427e-05,1.000909980789375098e+00,4.544123908199200452e-05,0.000000000000000000e+00,4.544124469861449416e-05,1.000001650873221237e+00
4.544120528351140226e-05,1.000909153852054256e+00,4.544120153909881249e-05,4.544120715571666039e-05,0.000000000000000000e+00,1.000000824686349432e+00
1.000000041200624468e+00,2.202646670231085955e+04,9.999999587993605443e-01,1.000000082401233614e+00,1.000000082401233614e+00,0.000000000000000000e+00
0.000000000000000000e+00,1.000000000000000000e+00,9.999546021313913124e-01,1.000000041163166653e+00,2.200645853825658924e+04,2.200647668668254482e+04
4.539992976248484740e-05,0.000000000000000000e+00,4.539786870243865007e-05,4.539993163128972224e-05,9.990916719578841754e-01,9.990924958951478141e-01
1.000000082401267143e+00,1.000000082401267143e+00,0.000000000000000000e+00,1.000000123564437349e+00,2.200646035161666077e+04,2.200647850004410793e+04
9.999999587993942951e-01,9.999999587993942951e-01,9.999545609326560003e-01,0.000000000000000000e+00,2.200645763157717010e+04,2.200647578000237627e+04
9.999999587993942951e-01,9.999999587993942951e-01,9.999545609326560003e-01,9.999999999625592828e-01,0.000000000000000000e+00,2.200647578000237627e+04
4.544116780880061521e-05,4.544116780880061521e-05,4.543910487663500148e-05,4.544116967930297797e-05,9.999991753143308015e-01,0.000000000000000000e+00
0.000000000000000000e+00,2.202646579480671789e+04,9.999999999625253100e-01,1.000000000000000000e+00,2.200645853825658924e+04,1.000000041238047865e+00
1.000000000000000000e+00,0.000000000000000000e+00,9.999999999625253100e-01,1.000000000000000000e+00,2.200645853825658924e+04,1.000000041238047865e+00
1.000045399929668788e+00,2.202746579480465152e+04,0.000000000000000000e+00,1.000045399929668788e+00,2.200745762992648451e+04,1.000045441169588933e+00
9.999999588368350123e-01,2.202646488812767348e+04,9.999999587993603223e-01,0.000000000000000000e+00,2.200645763240110682e+04,1.000000000074881212e+00
4.544120528351140226e-05,1.000909153852054256e+00,4.544120528180850690e-05,4.544120528351140226e-05,0.000000000000000000e+00,4.544120715741800399e-05
4.544116780880061521e-05,1.000908328416618920e+00,4.544116780709771985e-05,4.544116780880061521e-05,9.999991753143308015e-01,0.000000000000000000e+00
0.000000000000000000e+00,2.202646579480671789e+04,9.999999999625253100e-01,1.000000041238013893e+00,1.000000041275522777e+00,2.200647668668254482e+04
1.000000000000000000e+00,0.000000000000000000e+00,4.539992976078349702e-05,4.539993163468778804e-05,4.539993163639068340e-05,9.990924958951478141e-01
2.202646579563215346e+04,2.202646579563215346e+04,0.000000000000000000e+00,1.000000041275488805e+00,1.000000041312997467e+00,2.200647668750723096e+04
2.202646579480671789e+04,2.202646579480671789e+04,9.999999999625253100e-01,0.000000000000000000e+00,1.000000041275522777e+00,2.200647668668254482e+04
1.000909153852054256e+00,1.000909153852054256e+00,4.544120528180850690e-05,4.544120715741645900e-05,0.000000000000000000e+00,1.000000824686349432e+00
2.202646488647830120e+04,2.202646488647830120e+04,9.999999587244789989e-01,9.999999999999660272e-01,1.000000000037474912e+00,0.000000000000000000e+00
0.000000000000000000e+00,4.539992976248484740e-05,4.539992976418620455e-05,4.539993163468778804e-05,9.990916719578841754e-01,9.990924958951478141e-01
4.539992976248484740e-05,0.000000000000000000e+00,4.539992976418620455e-05,4.539993163468778804e-05,9.990916719578841754e-01,9.990924958951478141e-01
1.000000000037474690e+00,1.000000000037474690e+00,0.000000000000000000e+00,1.000000041275488805e+00,2.200645853908127538e+04,2.200647668750723096e+04
9.999999587619876618e-01,9.999999587619876618e-01,9.999999587994625738e-01,0.000000000000000000e+00,2.200645763075398281e+04,2.200647577917918898e+04
9.999999587244788879e-01,9.999999587244788879e-01,9.999999587619536889e-01,9.999999999624912261e-01,0.000000000000000000e+00,2.200647577835374977e+04
4.544116780880061521e-05,4.544116780880061521e-05,4.544116781050351058e-05,4.544116968270412696e-05,9.999991753143308015e-01,0.000000000000000000e+00
0.000000000000000000e+00,2.202646579480671789e+04,9.999546021313910904e-01,1.000000041238082060e+00,9.999999587619707864e-01,1.000000041238047865e+00
2.202646579480671789e+04,0.000000000000000000e+00,9.999546021313910904e-01,1.000000041238082060e+00,9.999999587619707864e-01,1.000000041238047865e+00
2.202646579398127869e+04,2.202646579398127869e+04,0.000000000000000000e+00,1.000000041200607370e+00,9.999999587244958743e-01,1.000000041200573175e+00
2.202646488647905062e+04,2.202646488647905062e+04,9.999545608952509212e-01,0.000000000000000000e+00,9.999999175239602245e-01,1.000000000000033973e+00
1.000909153852054256e+00,1.000909153852054256e+00,4.543914234964451269e-05,4.544120715741956253e-05,0.000000000000000000e+00,4.544120715741800399e-05
1.000908328416618920e+00,1.000908328416618920e+00,4.543910487663499470e-05,4.544116968270722371e-05,4.544116593489640551e-05,0.000000000000000000e+00
0.000000000000000000e+00,1.000000000000000000e+00,4.539992976078505556e-05,4.539992976248484740e-05,4.539993163639068340e-05,9.990924958951478141e-01
1.000000000000000000e+00,0.000000000000000000e+00,4.539992976078505556e-05,4.539992976248484740e-05,4.539993163639068340e-05,9.990924958951478141e-01
2.202746579480465880e+04,2.202746579480465880e+04,0.000000000000000000e+00,1.000045399929669010e+00,1.000045441207065622e+00,2.200747577917638046e+04
2.202646488647754813e+04,2.202646488647754813e+04,9.999999587244789989e-01,0.000000000000000000e+00,1.000000000037440717e+00,2.200647577917768649e+04
2.202646670313479626e+04,2.202646670313479626e+04,1.000000041200590495e+00,1.000000041238030990e+00,0.000000000000000000e+00,2.200647759418631176e+04
2.202646488647830120e+04,2.202646488647830120e+04,9.999999587245131938e-01,9.999999587619536889e-01,1.000000000037474912e+00,0.000000000000000000e+00
0.000000000000000000e+00,1.000000000000000000e+00,4.539992976418620455e-05,4.539993163468778804e-05,9.990916719578841754e-01,9.990924958951478141e-01
1.000000000000000000e+00,0.000000000000000000e+00,4.539992976418620455e-05,4.539993163468778804e-05,9.990916719578841754e-01,9.990924958951478141e-01
2.202646579563140040e+04,2.202646579563140040e+04,0.000000000000000000e+00,1.000000041275454610e+00,2.200645853908052231e+04,2.200647668750647790e+04
2.202646579480671789e+04,2.202646579480671789e+04,1.000000000037474912e+00,0.000000000000000000e+00,2.200645853825658924e+04,2.200647668668254482e+04
2.202646488565286563e+04,2.202646488565286563e+04,9.999999587619536889e-01,9.999999999624912261e-01,0.000000000000000000e+00,2.200647577835374977e+04
1.000908328416618920e+00,1.000908328416618920e+00,4.544116781050351058e-05,4.544116968270412696e-05,9.999991753143308015e-01,0.000000000000000000e+00
0.000000000000000000e+00,4.539992976248484740e-05,4.539992602147341339e-05,4.539786870243865007e-05,4.539992789028121558e-05,9.990924958951478141e-01
1.000000000000000000e+00,0.000000000000000000e+00,4.539992602147341339e-05,4.539786870243865007e-05,4.539992789028121558e-05,9.990924958951478141e-01
2.202646579398127869e+04,9.999999999625251990e-01,0.000000000000000000e+00,9.999546020939181767e-01,9.999999587244958743e-01,2.200647668585785505e+04
2.202646488647905062e+04,9.999999587619876618e-01,9.999998763607307328e-01,0.000000000000000000e+00,9.999999175239602245e-01,2.200647577917918898e+04
1.000909153852054256e+00,4.544120528351140226e-05,4.544120153909881249e-05,4.543914234964451947e-05,0.000000000000000000e+00,1.000000824686349432e+00
1.000908328416618920e+00,4.544116780880061521e-05,4.544116406439110864e-05,4.543910487663500148e-05,4.544116593489640551e-05,0.000000000000000000e+00
0.000000000000000000e+00,4.539992976248484740e-05,4.539992976078505556e-05,4.539786870243865007e-05,9.990916719578841754e-01,4.539993163468933302e-05
2.202646579480671789e+04,0.000000000000000000e+00,9.999999999625595049e-01,9.999546021313913124e-01,2.200645853825658924e+04,1.000000041238047865e+00
2.202646760981541229e+04,1.000000082401267143e+00,0.000000000000000000e+00,9.999546845289176700e-01,2.200646035161666077e+04,1.000000123639318561e+00
2.202746579480465152e+04,1.000045399929668788e+00,1.000045399892226516e+00,0.000000000000000000e+00,2.200745762992648451e+04,1.000045441169588933e+00
2.202646670313479626e+04,1.000000041238030990e+00,1.000000041200590495e+00,9.999546433675501333e-01,0.000000000000000000e+00,1.000000082476080632e+00
1.000908328416618920e+00,4.544116780880061521e-05,4.544116780709927161e-05,4.543910487663500148e-05,9.999991753143308015e-01,0.000000000000000000e+00
0.000000000000000000e+00,1.000000000000000000e+00,4.539992602147341339e-05,4.539786870243865007e-05,4.539786870243865007e-05,4.539993163468933302e-05
1.000000000000000000e+00,0.000000000000000000e+00,9.999999175987396294e-01,9.999546021313913124e-01,9.999546021313913124e-01,1.000000041238047865e+00
1.000000000037440495e+00,2.202646579563140040e+04,0.000000000000000000e+00,9.999546021688301423e-01,9.999546021688301423e-01,1.000000041275488583e+00
1.000045399929668788e+00,2.202746579480465152e+04,1.000045317524667299e+00,0.000000000000000000e+00,1.000000000000000000e+00,1.000045441169588933e+00
4.544120528351140226e-05,1.000909153852054256e+00,4.544120153909881249e-05,4.543914234964451947e-05,0.000000000000000000e+00,4.544120715741800399e-05
9.999999587619536889e-01,2.202646488647830120e+04,9.999998763606967600e-01,9.999545608952171705e-01,9.999545608952171705e-01,0.000000000000000000e+00
0.000000000000000000e+00,2.202646579480671789e+04,9.999546021313913124e-01,1.000000041163166653e+00,9.999546021313913124e-01,2.200647668668254482e+04
1.000000000000000000e+00,0.000000000000000000e+00,4.539786870243865007e-05,4.539993163128972224e-05,4.539786870243865007e-05,9.990924958951478141e-01
2.202646760981541229e+04,2.202646760981541229e+04,0.000000000000000000e+00,1.000000123564437349e+00,9.999546845289176700e-01,2.200647850004410793e+04
2.202746579480465152e+04,2.202746579480465152e+04,1.000000000000000000e+00,0.000000000000000000e+00,1.000000000000000000e+00,2.200747577917637682e+04
2.202746579480465152e+04,2.202746579480465152e+04,1.000000000000000000e+00,1.000045441094704168e+00,0.000000000000000000e+00,2.200747577917637682e+04
2.202646488647830120e+04,2.202646488647830120e+04,9.999545608952171705e-01,9.999999999251186766e-01,9.999545608952171705e-01,0.000000000000000000e+00
0.000000000000000000e+00,4.539992976248484740e-05,4.539992789197948276e-05,4.539786870243863652e-05,4.539992789028121558e-05,9.990924958951478141e-01
4.539992976248484740e-05,0.000000000000000000e+00,4.539992789197948276e-05,4.539786870243863652e-05,4.539992789028121558e-05,9.990924958951478141e-01
1.000045399929668788e+00,1.000045399929668788e+00,0.000000000000000000e+00,9.999999999999997780e-01,1.000045358689767294e+00,2.200747577917637682e+04
9.999999588368350123e-01,9.999999588368350123e-01,9.999999176362142084e-01,0.000000000000000000e+00,9.999999175988074640e-01,2.200647578082631298e+04
1.000045399929668788e+00,1.000045399929668788e+00,1.000045358727175815e+00,9.999999999999997780e-01,0.000000000000000000e+00,2.200747577917637682e+04
4.544116780880061521e-05,4.544116780880061521e-05,4.544116593659621090e-05,4.543910487663499470e-05,4.544116593489640551e-05,0.000000000000000000e+00
0.000000000000000000e+00,2.202646579480671789e+04,9.999546021313913124e-01,9.999546021313913124e-01,2.200645853825658924e+04,1.000000041238047865e+00
2.202646579480671789e+04,0.000000000000000000e+00,9.999546021313913124e-01,9.999546021313913124e-01,2.200645853825658924e+04,1.000000041238047865e+00
2.202646670231085591e+04,2.202646670231085591e+04,0.000000000000000000e+00,9.999546433301450543e-01,2.200645944493641582e+04,1.000000082438673887e+00
2.202746579480465880e+04,2.202746579480465880e+04,1.000000000000000222e+00,0.000000000000000000e+00,2.200745762992648815e+04,1.000045441169589155e+00
2.202646670313479626e+04,2.202646670313479626e+04,9.999546433675501333e-01,9.999546433675501333e-01,0.000000000000000000e+00,1.000000082476080632e+00
1.000908328416618920e+00,1.000908328416618920e+00,4.543910487663500148e-05,4.543910487663500148e-05,9.999991753143308015e-01,0.000000000000000000e+00
0.000000000000000000e+00,1.000000000000000000e+00,9.981849914538160062e-01,4.539992976248484740e-05,4.539786870243865007e-05,9.990924958951478141e-01
4.539992976248484740e-05,0.000000000000000000e+00,9.981849914538160062e-01,4.539992976248484740e-05,4.539786870243865007e-05,9.990924958951478141e-01
1.000045399929668788e+00,2.202746579480465152e+04,0.000000000000000000e+00,1.000045399929668788e+00,1.000000000000000000e+00,2.200747577917637682e+04
1.000045399929668788e+00,2.202746579480465152e+04,2.198748575613630601e+04,0.000000000000000000e+00,1.000000000000000000e+00,2.200747577917637682e+04
4.544120528351140226e-05,1.000909153852054256e+00,9.990924951838588974e-01,4.544120528351140226e-05,0.000000000000000000e+00,1.000000824686349432e+00
9.999999587619536889e-01,2.202646488647830120e+04,2.198648666446712014e+04,9.999999587619536889e-01,9.999545608952171705e-01,0.000000000000000000e+00
0.000000000000000000e+00,2.202646579480671789e+04,9.999546021313913124e-01,2.200644035683946640e+04,2.200645853825658924e+04,2.200647668668254482e+04
1.000000000000000000e+00,0.000000000000000000e+00,4.539786870243865007e-05,9.990908465228237612e-01,9.990916719578841754e-01,9.990924958951478141e-01
1.001818308792181478e+00,1.001818308792181478e+00,0.000000000000000000e+00,1.000907502193244314e+00,1.000908329129200469e+00,1.000909154564636472e+00
2.202646579480671789e+04,2.202646579480671789e+04,9.999546021313913124e-01,0.000000000000000000e+00,2.200645853825658924e+04,2.200647668668254482e+04
2.202746579480465152e+04,2.202746579480465152e+04,1.000000000000000000e+00,2.200743944768392612e+04,0.000000000000000000e+00,2.200747577917637682e+04
1.000908328416618920e+00,1.000908328416618920e+00,4.543910487663500148e-05,9.999983491295042493e-01,9.999991753143308015e-01,0.000000000000000000e+00
0.000000000000000000e+00,1.000000000000000000e+00,4.539992602147341339e-05,4.539992976248484740e-05,9.990916719578841754e-01,9.990924958951478141e-01
1.000000000000000000e+00,0.000000000000000000e+00,4.539992602147341339e-05,4.539992976248484740e-05,9.990916719578841754e-01,9.990924958951478141e-01
2.202746579480465152e+04,2.202746579480465152e+04,0.000000000000000000e+00,1.000045399929668788e+00,2.200745762992648451e+04,2.200747577917637682e+04
1.000909980789375098e+00,1.000909980789375098e+00,4.544123908199200452e-05,0.000000000000000000e+00,1.000000826186190572e+00,1.000001650873221237e+00
1.000909153852054256e+00,1.000909153852054256e+00,4.544120153909881249e-05,4.544120528351140226e-05,0.000000000000000000e+00,1.000000824686349432e+00
1.000908328416618920e+00,1.000908328416618920e+00,4.544116406439110864e-05,4.544116780880061521e-05,9.999991753143308015e-01,0.000000000000000000e+00
0.000000000000000000e+00,4.539992976248484740e-05,4.539992602147341339e-05,4.539993163128972224e-05,4.539992789028121558e-05,9.990924958951478141e-01
1.000000000000000000e+00,0.000000000000000000e+00,4.539992602147341339e-05,4.539993163128972224e-05,4.539992789028121558e-05,9.990924958951478141e-01
2.202646760981541229e+04,1.000000082401267143e+00,0.000000000000000000e+00,1.000000123564437349e+00,1.000000041163234599e+00,2.200647850004410793e+04
2.202646579480671789e+04,1.000000000000000000e+00,9.999999175987396294e-01,0.000000000000000000e+00,9.999999587619707864e-01,2.200647668668254482e+04
1.000909153852054256e+00,4.544120528351140226e-05,4.544120153909881249e-05,4.544120715401531001e-05,0.000000000000000000e+00,1.000000824686349432e+00
1.000908328416618920e+00,4.544116780880061521e-05,4.544116406439110864e-05,4.544116967930297797e-05,4.544116593489640551e-05,0.000000000000000000e+00
0.000000000000000000e+00,1.000000000000000000e+00,4.539992976078505556e-05,4.539993163128972224e-05,9.990916719578841754e-01,4.539993163468933302e-05
2.202646579480671789e+04,0.000000000000000000e+00,9.999999999625595049e-01,1.000000041163166653e+00,2.200645853825658924e+04,1.000000041238047865e+00
2.202646760981541229e+04,2.202646760981541229e+04,0.000000000000000000e+00,1.000000123564437349e+00,2.200646035161666077e+04,1.000000123639318561e+00
2.202646488812767348e+04,2.202646488812767348e+04,9.999999587993945172e-01,0.000000000000000000e+00,2.200645763240110682e+04,1.000000000074881212e+00
2.202646670313479626e+04,2.202646670313479626e+04,1.000000041200590495e+00,1.000000082401199419e+00,0.000000000000000000e+00,1.000000082476080632e+00
1.000908328416618920e+00,1.000908328416618920e+00,4.544116780709927161e-05,4.544116967930297797e-05,9.999991753143308015e-01,0.000000000000000000e+00
0.000000000000000000e+00,4.539992976248484740e-05,9.981849914538160062e-01,4.539993163468778804e-05,4.539993163639068340e-05,9.990924958951478141e-01
1.000000000000000000e+00,0.000000000000000000e+00,9.981849914538160062e-01,4.539993163468778804e-05,4.539993163639068340e-05,9.990924958951478141e-01
2.202646579563140040e+04,1.000000000037440495e+00,0.000000000000000000e+00,1.000000041275454610e+00,1.000000041312963273e+00,2.200647668750647790e+04
2.202646488812767348e+04,9.999999588368350123e-01,2.198648666611349836e+04,0.000000000000000000e+00,1.000000000112356124e+00,2.200647578082631298e+04
1.000909153852054256e+00,4.544120528351140226e-05,9.990924951838588974e-01,4.544120715741645900e-05,0.000000000000000000e+00,1.000000824686349432e+00
2.202646488647830120e+04,9.999999587619536889e-01,2.198648666446712014e+04,9.999999999999660272e-01,1.000000000037474912e+00,0.000000000000000000e+00
0.000000000000000000e+00,4.539992976248484740e-05,4.539992976418620455e-05,4.539992788857987198e-05,9.990916719578841754e-01,4.539786870243865007e-05
2.202646579480671789e+04,0.000000000000000000e+00,1.000000000037474912e+00,9.999999587244959853e-01,2.200645853825658924e+04,9.999546021313913124e-01
1.001818308792181478e+00,4.548248085393639684e-05,0.000000000000000000e+00,4.548247897662407893e-05,1.000908329129200469e+00,4.548041604624659240e-05
2.202646488647905062e+04,9.999999587619876618e-01,9.999999587994625738e-01,0.000000000000000000e+00,2.200645763075398281e+04,9.999545608952511433e-01
2.202646488565286563e+04,9.999999587244788879e-01,9.999999587619536889e-01,9.999999174489766496e-01,0.000000000000000000e+00,9.999545608577440348e-01
1.000908328416618920e+00,4.544116780880061521e-05,4.544116781050351058e-05,4.544116593319351015e-05,9.999991753143308015e-01,0.000000000000000000e+00
0.000000000000000000e+00,1.000000000000000000e+00,9.981849914538160062e-01,4.539786870243865007e-05,4.539786870243863652e-05,4.539993163468933302e-05
1.000000000000000000e+00,0.000000000000000000e+00,2.198648757114691398e+04,9.999546021313913124e-01,9.999546021313910904e-01,1.000000041238047865e+00
9.999999999625251990e-01,2.202646579398127869e+04,0.000000000000000000e+00,9.999546020939181767e-01,9.999546020939179547e-01,1.000000041200573175e+00
1.000000041275505680e+00,2.202646670396023183e+04,2.198648847865030621e+04,0.000000000000000000e+00,9.999546434050229360e-01,1.000000082513555322e+00
4.544120528351140226e-05,1.000909153852054256e+00,9.990924951838588974e-01,4.543914234964451947e-05,0.000000000000000000e+00,4.544120715741800399e-05
1.000045399929668788e+00,2.202746579480465152e+04,2.198748575613630601e+04,1.000000000000000000e+00,9.999999999999997780e-01,0.000000000000000000e+00
0.000000000000000000e+00,1.000000000000000000e+00,9.999546021313913124e-01,2.200644035683946640e+04,9.999546021313913124e-01,2.200647668668254482e+04
4.539992976248484740e-05,0.000000000000000000e+00,4.539786870243865007e-05,9.990908465228237612e-01,4.539786870243865007e-05,9.990924958951478141e-01
4.548248085393639684e-05,4.548248085393639684e-05,0.000000000000000000e+00,1.000907502193244314e+00,4.548041604624659240e-05,1.000909154564636472e+00
1.000045399929668788e+00,1.000045399929668788e+00,1.000000000000000000e+00,0.000000000000000000e+00,1.000000000000000000e+00,2.200747577917637682e+04
1.000045399929669010e+00,1.000045399929669010e+00,1.000000000000000222e+00,2.200743944768392976e+04,0.000000000000000000e+00,2.200747577917638046e+04
9.999999587619536889e-01,9.999999587619536889e-01,9.999545608952171705e-01,2.200643944933685998e+04,9.999545608952171705e-01,0.000000000000000000e+00
0.000000000000000000e+00,2.202646579480671789e+04,9.999546021313913124e-01,1.000000000000000000e+00,9.999999587619707864e-01,9.999546021313913124e-01
2.202646579480671789e+04,0.000000000000000000e+00,9.999546021313913124e-01,1.000000000000000000e+00,9.999999587619707864e-01,9.999546021313913124e-01
2.202746579480465152e+04,2.202746579480465152e+04,0.000000000000000000e+00,1.000045399929668788e+00,1.000045358689767294e+00,1.000000000000000000e+00
1.000909980789375098e+00,1.000909980789375098e+00,4.543917989083643566e-05,0.000000000000000000e+00,4.544124095250038459e-05,4.543917989083643566e-05
2.202746579480465152e+04,2.202746579480465152e+04,1.000000000000000000e+00,1.000045399929668788e+00,0.000000000000000000e+00,1.000000000000000000e+00
1.000908328416618920e+00,1.000908328416618920e+00,4.543910487663500148e-05,4.544116780880061521e-05,4.544116593489640551e-05,0.000000000000000000e+00
0.000000000000000000e+00,1.000000000000000000e+00,4.539992976078505556e-05,4.539992976248484740e-05,4.539992976248484740e-05,9.990924958951478141e-01
1.000000000000000000e+00,0.000000000000000000e+00,4.539992976078505556e-05,4.539992976248484740e-05,4.539992976248484740e-05,9.990924958951478141e-01
2.202746579480465152e+04,2.202746579480465152e+04,0.000000000000000000e+00,1.000045399929668788e+00,1.000045399929668788e+00,2.200747577917637682e+04
2.202646579480671789e+04,2.202646579480671789e+04,9.999999999625595049e-01,0.000000000000000000e+00,1.000000000000000000e+00,2.200647668668254482e+04
2.202646670313479626e+04,2.202646670313479626e+04,1.000000041200590495e+00,1.000000041238030990e+00,0.000000000000000000e+00,2.200647759418631176e+04
2.202746579480465152e+04,2.202746579480465152e+04,1.000045399892226516e+00,1.000045399929668788e+00,1.000045399929668788e+00,0.000000000000000000e+00
0.000000000000000000e+00,1.000000000000000000e+00,4.539992976248484740e-05,4.539786870243865007e-05,4.539992789028121558e-05,9.990924958951478141e-01
1.000000000000000000e+00,0.000000000000000000e+00,4.539992976248484740e-05,4.539786870243865007e-05,4.539992789028121558e-05,9.990924958951478141e-01
2.202646579563140040e+04,2.202646579563140040e+04,0.000000000000000000e+00,9.999546021688301423e-01,9.999999587994112815e-01,2.200647668750647790e+04
2.202646579480671789e+04,2.202646579480671789e+04,1.000000000000000000e+00,0.000000000000000000e+00,9.999999587619707864e-01,2.200647668668254482e+04
2.202646579480671789e+04,2.202646579480671789e+04,1.000000000000000000e+00,9.999546021313913124e-01,0.000000000000000000e+00,2.200647668668254482e+04
1.000908328416618920e+00,1.000908328416618920e+00,4.544116780880061521e-05,4.543910487663500148e-05,4.544116593489640551e-05,0.000000000000000000e+00
0.000000000000000000e+00,1.000000000000000000e+00,4.539786870243863652e-05,4.539993163468933302e-05,9.990916719578841754e-01,9.990924958951478141e-01
1.000000000000000000e+00,0.000000000000000000e+00,4.539786870243863652e-05,4.539993163468933302e-05,9.990916719578841754e-01,9.990924958951478141e-01
2.202646579480671789e+04,2.202646579480671789e+04,0.000000000000000000e+00,1.000000041238047865e+00,2.200645853825658924e+04,2.200647668668254482e+04
2.202746579480465152e+04,2.202746579480465152e+04,9.999999999999997780e-01,0.000000000000000000e+00,2.200745762992648451e+04,2.200747577917637682e+04
2.202646670313479626e+04,2.202646670313479626e+04,9.999546433675499113e-01,1.000000082476080632e+00,0.000000000000000000e+00,2.200647759418631176e+04
1.000908328416618920e+00,1.000908328416618920e+00,4.543910487663499470e-05,4.544116968270567195e-05,9.999991753143308015e-01,0.000000000000000000e+00
0.000000000000000000e+00,1.000000000000000000e+00,9.981849914538160062e-01,4.539992976248484740e-05,4.539992789028121558e-05,9.990924958951478141e-01
1.000000000000000000e+00,0.000000000000000000e+00,9.981849914538160062e-01,4.539992976248484740e-05,4.539992789028121558e-05,9.990924958951478141e-01
2.202746579480465880e+04,2.202746579480465880e+04,0.000000000000000000e+00,1.000045399929669010e+00,1.000045358689767516e+00,2.200747577917638046e+04
2.202646488647830120e+04,2.202646488647830120e+04,2.198648666446712014e+04,0.000000000000000000e+00,9.999999175239262517e-01,2.200647577917843955e+04
1.000909153852054256e+00,1.000909153852054256e+00,9.990924951838588974e-01,4.544120528351140226e-05,0.000000000000000000e+00,1.000000824686349432e+00
1.000908328416618920e+00,1.000908328416618920e+00,9.990916712465959248e-01,4.544116780880061521e-05,4.544116593489640551e-05,0.000000000000000000e+00
0.000000000000000000e+00,1.000000000000000000e+00,4.539992976078505556e-05,4.539992788857987198e-05,4.539992789028121558e-05,4.539992789197947598e-05
1.000000000000000000e+00,0.000000000000000000e+00,4.539992976078505556e-05,4.539992788857987198e-05,4.539992789028121558e-05,4.539992789197947598e-05
1.001818308792181478e+00,1.001818308792181478e+00,0.000000000000000000e+00,4.548247897662407893e-05,4.548247897832851928e-05,4.548247898002986289e-05
2.202646579480671789e+04,2.202646579480671789e+04,9.999999999625595049e-01,0.000000000000000000e+00,9.999999587619707864e-01,9.999999587993773087e-01
2.202646670313479626e+04,2.202646670313479626e+04,1.000000041200590495e+00,9.999999999625253100e-01,0.000000000000000000e+00,1.000000000037406522e+00
1.000908328416618920e+00,1.000908328416618920e+00,4.544116780709927161e-05,4.544116593319351015e-05,4.544116593489640551e-05,0.000000000000000000e+00
0.000000000000000000e+00,1.000000000000000000e+00,4.539786870243863652e-05,4.539786870243865007e-05,4.539786870243865007e-05,9.990924958951478141e-01
1.000000000000000000e+00,0.000000000000000000e+00,4.539786870243863652e-05,4.539786870243865007e-05,4.539786870243865007e-05,9.990924958951478141e-01
2.202646579563140040e+04,2.202646579563140040e+04,0.000000000000000000e+00,9.999546021688301423e-01,9.999546021688301423e-01,2.200647668750647790e+04
2.202646670396023183e+04,2.202646670396023183e+04,9.999546434050229360e-01,0.000000000000000000e+00,9.999546434050231580e-01,2.200647759501099790e+04
2.202646670313479626e+04,2.202646670313479626e+04,9.999546433675499113e-01,9.999546433675501333e-01,0.000000000000000000e+00,2.200647759418631176e+04
2.202646670231085955e+04,2.202646670231085955e+04,9.999546433301450543e-01,9.999546433301452764e-01,9.999546433301452764e-01,0.000000000000000000e+00
0.000000000000000000e+00,4.539992976248484740e-05,4.539786870243863652e-05,4.539992976248484740e-05,9.990916719578841754e-01,9.990924958951478141e-01
1.000000000000000000e+00,0.000000000000000000e+00,4.539786870243863652e-05,4.539992976248484740e-05,9.990916719578841754e-01,9.990924958951478141e-01
2.202746579480465880e+04,1.000045399929669010e+00,0.000000000000000000e+00,1.000045399929669010e+00,2.200745762992648815e+04,2.200747577917638046e+04
2.202746579480465152e+04,1.000045399929668788e+00,9.999999999999997780e-01,0.000000000000000000e+00,2.200745762992648451e+04,2.200747577917637682e+04
2.202746579480465152e+04,1.000045399929668788e+00,9.999999999999997780e-01,1.000045399929668788e+00,0.000000000000000000e+00,2.200747577917637682e+04
1.000908328416618920e+00,4.544116780880061521e-05,4.543910487663499470e-05,4.544116780880061521e-05,9.999991753143308015e-01,0.000000000000000000e+00
0.000000000000000000e+00,1.000000000000000000e+00,9.981849914538160062e-01,4.539992976248484740e-05,9.990916719578841754e-01,4.539786870243865007e-05
1.000000000000000000e+00,0.000000000000000000e+00,2.198648757114691398e+04,1.000000000000000000e+00,2.200645853825658924e+04,9.999546021313913124e-01
1.000045399929669010e+00,2.202746579480465880e+04,0.000000000000000000e+00,1.000045399929669010e+00,2.200745762992648815e+04,1.000000000000000222e+00
1.000000000000000000e+00,2.202646579480671789e+04,2.198648757114691398e+04,0.000000000000000000e+00,2.200645853825658924e+04,9.999546021313913124e-01
4.544120528351140226e-05,1.000909153852054256e+00,9.990924951838588974e-01,4.544120528351140226e-05,0.000000000000000000e+00,4.543914234964451947e-05
4.544116780880061521e-05,1.000908328416618920e+00,9.990916712465959248e-01,4.544116780880061521e-05,9.999991753143308015e-01,0.000000000000000000e+00
0.000000000000000000e+00,2.202646579480671789e+04,9.999999999625253100e-01,2.200644035683946640e+04,9.999546021313910904e-01,2.200647668668254482e+04
4.539992976248484740e-05,0.000000000000000000e+00,4.539992976078349702e-05,9.990908465228237612e-01,4.539786870243863652e-05,9.990924958951478141e-01
4.548248085393639684e-05,1.001818308792181478e+00,0.000000000000000000e+00,1.000907502193244314e+00,4.548041604624657885e-05,1.000909154564636472e+00
1.000000000000000000e+00,2.202646579480671789e+04,9.999999999625253100e-01,0.000000000000000000e+00,9.999546021313910904e-01,2.200647668668254482e+04
4.544120528351140226e-05,1.000909153852054256e+00,4.544120528180850690e-05,9.999991738144921039e-01,0.000000000000000000e+00,1.000000824686349432e+00
1.000045399929668788e+00,2.202746579480465152e+04,1.000045399892192322e+00,2.200743944768392612e+04,9.999999999999997780e-01,0.000000000000000000e+00
0.000000000000000000e+00,1.000000000000000000e+00,9.999546021313913124e-01,9.999546021313913124e-01,2.200645853825658924e+04,2.200647668668254482e+04
1.000000000000000000e+00,0.000000000000000000e+00,4.539786870243865007e-05,4.539786870243865007e-05,9.990916719578841754e-01,9.990924958951478141e-01
2.202646579563215346e+04,1.000000000037474690e+00,0.000000000000000000e+00,9.999546021688643371e-01,2.200645853908127538e+04,2.200647668750723096e+04
1.000909980789375098e+00,4.544124282640768427e-05,4.543917989083643566e-05,0.000000000000000000e+00,1.000000826186190572e+00,1.000001650873221237e+00
2.202746579480465880e+04,1.000045399929669010e+00,1.000000000000000222e+00,1.000000000000000222e+00,0.000000000000000000e+00,2.200747577917638046e+04
1.000908328416618920e+00,4.544116780880061521e-05,4.543910487663500148e-05,4.543910487663500148e-05,9.999991753143308015e-01,0.000000000000000000e+00
0.000000000000000000e+00,1.000000000000000000e+00,9.981849914538160062e-01,4.539992976248484740e-05,4.539992789028121558e-05,4.539993163468933302e-05
1.000000000000000000e+00,0.000000000000000000e+00,2.198648757114691398e+04,1.000000000000000000e+00,9.999999587619707864e-01,1.000000041238047865e+00
1.000045399929668788e+00,2.202746579480465152e+04,0.000000000000000000e+00,1.000045399929668788e+00,1.000045358689767294e+00,1.000045441169588933e+00
1.000045399929668788e+00,2.202746579480465152e+04,2.198748575613630601e+04,0.000000000000000000e+00,1.000045358689767294e+00,1.000045441169588933e+00
4.544120528351140226e-05,1.000909153852054256e+00,9.990924951838588974e-01,4.544120528351140226e-05,0.000000000000000000e+00,4.544120715741800399e-05
4.544116780880061521e-05,1.000908328416618920e+00,9.990916712465959248e-01,4.544116780880061521e-05,4.544116593489640551e-05,0.000000000000000000e+00
0.000000000000000000e+00,2.202646579480671789e+04,9.999546021313913124e-01,9.999999587244959853e-01,1.000000041275522777e+00,2.200647668668254482e+04
1.000000000000000000e+00,0.000000000000000000e+00,4.539786870243865007e-05,4.539992788857987198e-05,4.539993163639068340e-05,9.990924958951478141e-01
1.001818308792181478e+00,1.001818308792181478e+00,0.000000000000000000e+00,4.548247897662407893e-05,4.548248273124956857e-05,1.000909154564636472e+00
2.202646579480671789e+04,2.202646579480671789e+04,9.999546021313913124e-01,0.000000000000000000e+00,1.000000041275522777e+00,2.200647668668254482e+04
2.202646670313479626e+04,2.202646670313479626e+04,9.999546433675501333e-01,9.999999999625253100e-01,0.000000000000000000e+00,2.200647759418631176e+04
2.202646488647830120e+04,2.202646488647830120e+04,9.999545608952171705e-01,9.999999174864514506e-01,1.000000000037474912e+00,0.000000000000000000e+00
0.000000000000000000e+00,4.539992976248484740e-05,4.539992976418620455e-05,4.539992976248484740e-05,9.990916719578841754e-01,4.539992789197947598e-05
1.000000000000000000e+00,0.000000000000000000e+00,4.539992976418620455e-05,4.539992976248484740e-05,9.990916719578841754e-01,4.539992789197947598e-05
2.202746579480465152e+04,1.000045399929668788e+00,0.000000000000000000e+00,1.000045399929668788e+00,2.200745762992648451e+04,1.000045358727175593e+00
2.202646670396023183e+04,1.000000041275505680e+00,1.000000041312980592e+00,0.000000000000000000e+00,2.200645944658429289e+04,1.000000000074881212e+00
2.202646488565286563e+04,9.999999587244788879e-01,9.999999587619536889e-01,9.999999587244788879e-01,0.000000000000000000e+00,9.999999175238578619e-01
1.000908328416618920e+00,4.544116780880061521e-05,4.544116781050351058e-05,4.544116780880061521e-05,9.999991753143308015e-01,0.000000000000000000e+00
0.000000000000000000e+00,4.539992976248484740e-05,9.981849914538160062e-01,4.539993163469088479e-05,4.539993163298953441e-05,4.539993163468933302e-05
2.202646579480671789e+04,0.000000000000000000e+00,2.198648757114691398e+04,1.000000041238082060e+00,1.000000041200607370e+00,1.000000041238047865e+00
2.202646579398127869e+04,9.999999999625251990e-01,0.000000000000000000e+00,1.000000041200607370e+00,1.000000041163132680e+00,1.000000041200573175e+00
2.202646579480671789e+04,1.000000000000000000e+00,2.198648757114691398e+04,0.000000000000000000e+00,1.000000041200607370e+00,1.000000041238047865e+00
1.000909153852054256e+00,4.544120528351140226e-05,9.990924951838588974e-01,4.544120715741956253e-05,0.000000000000000000e+00,4.544120715741800399e-05
2.202646670231085955e+04,1.000000041200624468e+00,2.198648847700392798e+04,1.000000082438708304e+00,1.000000082401233614e+00,0.000000000000000000e+00
0.000000000000000000e+00,1.000000000000000000e+00,4.539786870243863652e-05,9.990908465228237612e-01,4.539993163639068340e-05,4.539993163468933302e-05
2.202646579480671789e+04,0.000000000000000000e+00,9.999546021313910904e-01,2.200644035683946640e+04,1.000000041275522777e+00,1.000000041238047865e+00
1.001818308792181478e+00,1.001818308792181478e+00,0.000000000000000000e+00,1.000907502193244314e+00,4.548248273124956857e-05,4.548248272954512144e-05
2.202646488647754813e+04,2.202646488647754813e+04,9.999545608951827536e-01,0.000000000000000000e+00,1.000000000037440717e+00,9.999999999999658051e-01
2.202646488730298370e+04,2.202646488730298370e+04,9.999545609326557782e-01,2.200643945016079306e+04,0.000000000000000000e+00,1.000000000037440495e+00
2.202646488647830120e+04,2.202646488647830120e+04,9.999545608952169484e-01,2.200643944933685998e+04,1.000000000037474912e+00,0.000000000000000000e+00
0.000000000000000000e+00,1.000000000000000000e+00,4.539992976418620455e-05,4.539786870243863652e-05,4.539993163639068340e-05,9.990924958951478141e-01
1.000000000000000000e+00,0.000000000000000000e+00,4.539992976418620455e-05,4.539786870243863652e-05,4.539993163639068340e-05,9.990924958951478141e-01
2.202746579480465880e+04,2.202746579480465880e+04,0.000000000000000000e+00,1.000000000000000000e+00,1.000045441207065622e+00,2.200747577917638046e+04
1.000909980789375098e+00,1.000909980789375098e+00,4.544124282811059319e-05,0.000000000000000000e+00,4.544124470201873990e-05,1.000001650873221237e+00
2.202646488565286563e+04,2.202646488565286563e+04,9.999999587619536889e-01,9.999545608577438127e-01,0.000000000000000000e+00,2.200647577835374977e+04
2.202646488647830120e+04,2.202646488647830120e+04,9.999999587994286010e-01,9.999545608952169484e-01,1.000000000037474912e+00,0.000000000000000000e+00
0.000000000000000000e+00,1.000000000000000000e+00,4.539786870243863652e-05,4.539993163469088479e-05,9.990916719578841754e-01,9.990924958951478141e-01
4.539992976248484740e-05,0.000000000000000000e+00,4.539786870243863652e-05,4.539993163469088479e-05,9.990916719578841754e-01,9.990924958951478141e-01
9.999999999625251990e-01,2.202646579398127869e+04,0.000000000000000000e+00,1.000000041200607370e+00,2.200645853743190310e+04,2.200647668585785505e+04
1.000045399929669010e+00,2.202746579480465880e+04,1.000000000000000000e+00,0.000000000000000000e+00,2.200745762992648815e+04,2.200747577917638046e+04
9.999999587244788879e-01,2.202646488565286563e+04,9.999545608577438127e-01,9.999999999625593938e-01,0.000000000000000000e+00,2.200647577835374977e+04
4.544116780880061521e-05,1.000908328416618920e+00,4.543910487663499470e-05,4.544116968270722371e-05,9.999991753143308015e-01,0.000000000000000000e+00
0.000000000000000000e+00,2.202646579480671789e+04,9.999999999625253100e-01,1.000000000000000000e+00,2.200645853825658924e+04,2.200647668668254482e+04
1.000000000000000000e+00,0.000000000000000000e+00,4.539992976078349702e-05,4.539992976248484740e-05,9.990916719578841754e-01,9.990924958951478141e-01
2.202746579480465880e+04,2.202746579480465880e+04,0.000000000000000000e+00,1.000045399929669010e+00,2.200745762992648815e+04,2.200747577917638046e+04
2.202646488647754813e+04,2.202646488647754813e+04,9.999999587244448040e-01,0.000000000000000000e+00,2.200645763075248396e+04,2.200647577917768649e+04
1.000909153852054256e+00,1.000909153852054256e+00,4.544120528180850690e-05,4.544120528351140226e-05,0.000000000000000000e+00,1.000000824686349432e+00
1.000908328416618920e+00,1.000908328416618920e+00,4.544116780709771985e-05,4.544116780880061521e-05,9.999991753143308015e-01,0.000000000000000000e+00
0.000000000000000000e+00,1.000000000000000000e+00,9.981849914538160062e-01,4.539786870243865007e-05,9.990916719578841754e-01,9.990924958951478141e-01
1.000000000000000000e+00,0.000000000000000000e+00,9.981849914538160062e-01,4.539786870243865007e-05,9.990916719578841754e-01,9.990924958951478141e-01
2.202646579563215346e+04,2.202646579563215346e+04,0.000000000000000000e+00,9.999546021688643371e-01,2.200645853908127538e+04,2.200647668750723096e+04
2.202646579480671789e+04,2.202646579480671789e+04,2.198648757114691398e+04,0.000000000000000000e+00,2.200645853825658924e+04,2.200647668668254482e+04
1.000909153852054256e+00,1.000909153852054256e+00,9.990924951838588974e-01,4.543914234964451947e-05,0.000000000000000000e+00,1.000000824686349432e+00
1.000908328416618920e+00,1.000908328416618920e+00,9.990916712465959248e-01,4.543910487663500148e-05,9.999991753143308015e-01,0.000000000000000000e+00
0.000000000000000000e+00,1.000000000000000000e+00,9.981849914538160062e-01,9.990908465228237612e-01,9.990916719578841754e-01,4.539992789197947598e-05
1.000000000000000000e+00,0.000000000000000000e+00,9.981849914538160062e-01,9.990908465228237612e-01,9.990916719578841754e-01,4.539992789197947598e-05
1.001818308792181478e+00,1.001818308792181478e+00,0.000000000000000000e+00,1.000907502193244314e+00,1.000908329129200469e+00,4.548247898002986289e-05
2.202746579480465152e+04,2.202746579480465152e+04,2.198748575613630601e+04,0.000000000000000000e+00,2.200745762992648451e+04,1.000045358727175593e+00
1.000909153852054256e+00,1.000909153852054256e+00,9.990924951838588974e-01,9.999991738144921039e-01,0.000000000000000000e+00,4.544120341130545297e-05
1.000908328416618920e+00,1.000908328416618920e+00,9.990916712465959248e-01,9.999983491295042493e-01,9.999991753143308015e-01,0.000000000000000000e+00
0.000000000000000000e+00,1.000000000000000000e+00,9.981849914538160062e-01,4.539992788857987198e-05,4.539786870243865007e-05,9.990924958951478141e-01
1.000000000000000000e+00,0.000000000000000000e+00,9.981849914538160062e-01,4.539992788857987198e-05,4.539786870243865007e-05,9.990924958951478141e-01
1.001818308792181478e+00,1.001818308792181478e+00,0.000000000000000000e+00,4.548247897662407893e-05,4.548041604624659240e-05,1.000909154564636472e+00
1.000909980789375098e+00,1.000909980789375098e+00,9.990933206202814443e-01,0.000000000000000000e+00,4.543917989083643566e-05,1.000001650873221237e+00
1.000909153852054256e+00,1.000909153852054256e+00,9.990924951838588974e-01,4.544120340790275221e-05,0.000000000000000000e+00,1.000000824686349432e+00
2.202646670231085955e+04,2.202646670231085955e+04,2.198648847700392798e+04,9.999999999251186766e-01,9.999546433301452764e-01,0.000000000000000000e+00
0.000000000000000000e+00,4.539992976248484740e-05,4.539786870243863652e-05,4.539992788857987198e-05,4.539992789028121558e-05,9.990924958951478141e-01
1.000000000000000000e+00,0.000000000000000000e+00,4.539786870243863652e-05,4.539992788857987198e-05,4.539992789028121558e-05,9.990924958951478141e-01
1.001818308792181478e+00,4.548248085393639684e-05,0.000000000000000000e+00,4.548247897662407893e-05,4.548247897832851928e-05,1.000909154564636472e+00
2.202646670396023183e+04,1.000000041275505680e+00,9.999546434050229360e-01,0.000000000000000000e+00,1.000000000037474690e+00,2.200647759501099790e+04
2.202746579480465152e+04,1.000045399929668788e+00,9.999999999999997780e-01,1.000045358652290828e+00,0.000000000000000000e+00,2.200747577917637682e+04
1.000908328416618920e+00,4.544116780880061521e-05,4.543910487663499470e-05,4.544116593319351015e-05,4.544116593489640551e-05,0.000000000000000000e+00
0.000000000000000000e+00,1.000000000000000000e+00,4.539786870243863652e-05,4.539786870243863652e-05,4.539992789028121558e-05,4.539993163468933302e-05
1.000000000000000000e+00,0.000000000000000000e+00,9.999546021313910904e-01,9.999546021313910904e-01,9.999999587619707864e-01,1.000000041238047865e+00
1.000045399929669010e+00,2.202746579480465880e+04,0.000000000000000000e+00,1.000000000000000000e+00,1.000045358689767516e+00,1.000045441169589155e+00
1.000000041275505680e+00,2.202646670396023183e+04,9.999546434050229360e-01,0.000000000000000000e+00,1.000000000037474690e+00,1.000000082513555322e+00
1.000000041238030990e+00,2.202646670313479626e+04,9.999546433675499113e-01,9.999546433675499113e-01,0.000000000000000000e+00,1.000000082476080632e+00
4.544116780880061521e-05,1.000908328416618920e+00,4.543910487663499470e-05,4.543910487663499470e-05,4.544116593489640551e-05,0.000000000000000000e+00
0.000000000000000000e+00,1.000000000000000000e+00,9.999546021313913124e-01,9.999546021313910904e-01,9.999546021313913124e-01,9.999999587993773087e-01
4.539992976248484740e-05,0.000000000000000000e+00,4.539786870243865007e-05,4.539786870243863652e-05,4.539786870243865007e-05,4.539992789197947598e-05
1.000045399929669010e+00,1.000045399929669010e+00,0.000000000000000000e+00,1.000000000000000000e+00,1.000000000000000222e+00,1.000045358727175815e+00
1.000045399929669010e+00,1.000045399929669010e+00,1.000000000000000222e+00,0.000000000000000000e+00,1.000000000000000222e+00,1.000045358727175815e+00
1.000000041238030990e+00,1.000000041238030990e+00,9.999546433675501333e-01,9.999546433675499113e-01,0.000000000000000000e+00,1.000000000037406522e+00
9.999999587619536889e-01,9.999999587619536889e-01,9.999545608952171705e-01,9.999545608952169484e-01,9.999545608952171705e-01,0.000000000000000000e+00
0.000000000000000000e+00,1.000000000000000000e+00,9.999546021313913124e-01,9.999546021313910904e-01,9.999546021313913124e-01,1.000000041238047865e+00
1.000000000000000000e+00,0.000000000000000000e+00,9.999546021313913124e-01,9.999546021313910904e-01,9.999546021313913124e-01,1.000000041238047865e+00
1.000045399929668788e+00,1.000045399929668788e+00,0.000000000000000000e+00,9.999999999999997780e-01,1.000000000000000000e+00,1.000045441169588933e+00
1.000045399929669010e+00,1.000045399929669010e+00,1.000000000000000222e+00,0.000000000000000000e+00,1.000000000000000222e+00,1.000045441169589155e+00
1.000045399929668788e+00,1.000045399929668788e+00,1.000000000000000000e+00,9.999999999999997780e-01,0.000000000000000000e+00,1.000045441169588933e+00
1.000000041200624468e+00,1.000000041200624468e+00,9.999546433301452764e-01,9.999546433301450543e-01,9.999546433301452764e-01,0.000000000000000000e+00
0.000000000000000000e+00,1.000000000000000000e+00,9.999546021313913124e-01,1.000000000000000000e+00,9.999546021313913124e-01,1.000000041238047865e+00
1.000000000000000000e+00,0.000000000000000000e+00,9.999546021313913124e-01,1.000000000000000000e+00,9.999546021313913124e-01,1.000000041238047865e+00
1.000045399929668788e+00,1.000045399929668788e+00,0.000000000000000000e+00,1.000045399929668788e+00,1.000000000000000000e+00,1.000045441169588933e+00
1.000045399929669010e+00,1.000045399929669010e+00,1.000000000000000222e+00,0.000000000000000000e+00,1.000000000000000222e+00,1.000045441169589155e+00
1.000045399929668788e+00,1.000045399929668788e+00,1.000000000000000000e+00,1.000045399929668788e+00,0.000000000000000000e+00,1.000045441169588933e+00
9.999999587619536889e-01,9.999999587619536889e-01,9.999545608952171705e-01,9.999999587619536889e-01,9.999545608952171705e-01,0.000000000000000000e+00
0.000000000000000000e+00,1.000000000000000000e+00,9.999546021312976096e-01,1.000000000000000000e+00,1.000000041275522777e+00,9.999546021313913124e-01
1.000000000000000000e+00,0.000000000000000000e+00,9.999546021312976096e-01,1.000000000000000000e+00,1.000000041275522777e+00,9.999546021313913124e-01
1.000045399929668788e+00,1.000045399929668788e+00,0.000000000000000000e+00,1.000045399929668788e+00,1.000045441207065400e+00,1.000000000000000000e+00
1.000000000000000000e+00,1.000000000000000000e+00,9.999546021312976096e-01,0.000000000000000000e+00,1.000000041275522777e+00,9.999546021313913124e-01
1.000045399929668788e+00,1.000045399929668788e+00,9.999999999999062972e-01,1.000045399929668788e+00,0.000000000000000000e+00,1.000000000000000000e+00
9.999999587619536889e-01,9.999999587619536889e-01,9.999545608951234676e-01,9.999999587619536889e-01,1.000000000037474912e+00,0.000000000000000000e+00
0.000000000000000000e+00,1.000000000000000000e+00,9.999546021313913124e-01,9.999546021313910904e-01,1.000000000000000000e+00,1.000000041238047865e+00
2.202646579480671789e+04,0.000000000000000000e+00,9.999546021313913124e-01,9.999546021313910904e-01,1.000000000000000000e+00,1.000000041238047865e+00
2.202746579480671789e+04,1.000045399929762491e+00,0.000000000000000000e+00,1.000000000000093481e+00,1.000045399929762491e+00,1.000045441169682636e+00
2.202646579480671789e+04,1.000000000000000000e+00,9.999546021313913124e-01,0.000000000000000000e+00,1.000000000000000000e+00,1.000000041238047865e+00
2.202646488565286563e+04,9.999999587244788879e-01,9.999545608577440348e-01,9.999545608577438127e-01,0.000000000000000000e+00,9.999999999625251990e-01
2.202746579480465152e+04,1.000045399929668788e+00,1.000000000000000000e+00,9.999999999999997780e-01,1.000045399929668788e+00,0.000000000000000000e+00
0.000000000000000000e+00,1.000000000000000000e+00,4.539992976248484740e-05,4.539992976248484740e-05,4.539786870243865007e-05,4.539786870243865007e-05
2.202646579480671789e+04,0.000000000000000000e+00,1.000000000000000000e+00,1.000000000000000000e+00,9.999546021313913124e-01,9.999546021313913124e-01
2.202746579480465152e+04,2.202746579480465152e+04,0.000000000000000000e+00,1.000045399929668788e+00,1.000000000000000000e+00,1.000000000000000000e+00
2.202746579480465880e+04,2.202746579480465880e+04,1.000045399929669010e+00,0.000000000000000000e+00,1.000000000000000222e+00,1.000000000000000222e+00
2.202646579480671789e+04,2.202646579480671789e+04,1.000000000000000000e+00,1.000000000000000000e+00,0.000000000000000000e+00,9.999546021313913124e-01
2.202646488647830120e+04,2.202646488647830120e+04,9.999999587619536889e-01,9.999999587619536889e-01,9.999545608952171705e-01,0.000000000000000000e+00
0.000000000000000000e+00,1.000000000000000000e+00,4.539992789197948276e-05,4.539993163468933302e-05,4.539992976248484740e-05,9.990924958951478141e-01
1.000000000000000000e+00,0.000000000000000000e+00,4.539992789197948276e-05,4.539993163468933302e-05,4.539992976248484740e-05,9.990924958951478141e-01
2.202646579480671789e+04,2.202646579480671789e+04,0.000000000000000000e+00,1.000000041238047865e+00,1.000000000000000000e+00,2.200647668668254482e+04
2.202646579480671789e+04,2.202646579480671789e+04,9.999999587993775307e-01,0.000000000000000000e+00,1.000000000000000000e+00,2.200647668668254482e+04
2.202746579480465152e+04,2.202746579480465152e+04,1.000045358727175815e+00,1.000045441169588933e+00,0.000000000000000000e+00,2.200747577917637682e+04
2.202746579480465152e+04,2.202746579480465152e+04,1.000045358727175815e+00,1.000045441169588933e+00,1.000045399929668788e+00,0.000000000000000000e+00
0.000000000000000000e+00,1.000000000000000000e+00,4.539786870243863652e-05,4.539786870243865007e-05,4.539992789028121558e-05,9.990924958951478141e-01
4.539992976248484740e-05,0.000000000000000000e+00,4.539786870243863652e-05,4.539786870243865007e-05,4.539992789028121558e-05,9.990924958951478141e-01
1.000000041200624246e+00,2.202646670231085591e+04,0.000000000000000000e+00,9.999546433301450543e-01,9.999999999625932556e-01,2.200647759336312083e+04
9.999999587619536889e-01,2.202646488647830120e+04,9.999545608952169484e-01,0.000000000000000000e+00,9.999999175239262517e-01,2.200647577917843955e+04
1.000000000000000000e+00,2.202646579480671789e+04,9.999546021313910904e-01,9.999546021313913124e-01,0.000000000000000000e+00,2.200647668668254482e+04
4.544116780880061521e-05,1.000908328416618920e+00,4.543910487663499470e-05,4.543910487663500148e-05,4.544116593489640551e-05,0.000000000000000000e+00
0.000000000000000000e+00,2.202646579480671789e+04,9.999546021312976096e-01,1.000000000000000000e+00,2.200645853825658924e+04,2.200647668668254482e+04
1.000000000000000000e+00,0.000000000000000000e+00,4.539786870243439458e-05,4.539992976248484740e-05,9.990916719578841754e-01,9.990924958951478141e-01
2.202746579480465880e+04,2.202746579480465880e+04,0.000000000000000000e+00,1.000045399929669010e+00,2.200745762992648815e+04,2.200747577917638046e+04
2.202746579480465152e+04,2.202746579480465152e+04,9.999999999999062972e-01,0.000000000000000000e+00,2.200745762992648451e+04,2.200747577917637682e+04
2.202646670313479626e+04,2.202646670313479626e+04,9.999546433674564305e-01,1.000000041238030990e+00,0.000000000000000000e+00,2.200647759418631176e+04
1.000908328416618920e+00,1.000908328416618920e+00,4.543910487663074598e-05,4.544116780880061521e-05,9.999991753143308015e-01,0.000000000000000000e+00
0.000000000000000000e+00,1.000000000000000000e+00,4.539992602147341339e-05,4.539992976248484740e-05,9.990916719578841754e-01,4.539992789197947598e-05
1.000000000000000000e+00,0.000000000000000000e+00,4.539992602147341339e-05,4.539992976248484740e-05,9.990916719578841754e-01,4.539992789197947598e-05
2.202746579480671789e+04,2.202746579480671789e+04,0.000000000000000000e+00,1.000045399929762491e+00,2.200745762992854725e+04,1.000045358727269296e+00
2.202646579480671789e+04,2.202646579480671789e+04,9.999999175987396294e-01,0.000000000000000000e+00,2.200645853825658924e+04,9.999999587993773087e-01
1.000909153852054256e+00,1.000909153852054256e+00,4.544120153909881249e-05,4.544120528351140226e-05,0.000000000000000000e+00,4.544120341130545297e-05
1.000908328416618920e+00,1.000908328416618920e+00,4.544116406439110864e-05,4.544116780880061521e-05,9.999991753143308015e-01,0.000000000000000000e+00
0.000000000000000000e+00,1.000000000000000000e+00,4.539992602147341339e-05,4.539993163128972224e-05,4.539786870243865007e-05,9.990924958951478141e-01
1.000000000000000000e+00,0.000000000000000000e+00,4.539992602147341339e-05,4.539993163128972224e-05,4.539786870243865007e-05,9.990924958951478141e-01
2.202646760981541229e+04,2.202646760981541229e+04,0.000000000000000000e+00,1.000000123564437349e+00,9.999546845289176700e-01,2.200647850004410793e+04
2.202646579480671789e+04,2.202646579480671789e+04,9.999999175987396294e-01,0.000000000000000000e+00,9.999546021313913124e-01,2.200647668668254482e+04
1.000909153852054256e+00,1.000909153852054256e+00,4.544120153909881249e-05,4.544120715401531001e-05,0.000000000000000000e+00,1.000000824686349432e+00
2.202646670231085955e+04,2.202646670231085955e+04,9.999999587993605443e-01,1.000000082363792675e+00,9.999546433301452764e-01,0.000000000000000000e+00
0.000000000000000000e+00,1.000000000000000000e+00,4.539992789197948276e-05,4.539993163128972224e-05,9.990916719578841754e-01,9.990924958951478141e-01
1.000000000000000000e+00,0.000000000000000000e+00,4.539992789197948276e-05,4.539993163128972224e-05,9.990916719578841754e-01,9.990924958951478141e-01
2.202646760981541229e+04,2.202646760981541229e+04,0.000000000000000000e+00,1.000000123564437349e+00,2.200646035161666077e+04,2.200647850004410793e+04
2.202646488812767348e+04,2.202646488812767348e+04,9.999999176362142084e-01,0.000000000000000000e+00,2.200645763240110682e+04,2.200647578082631298e+04
2.202746579480465152e+04,2.202746579480465152e+04,1.000045358727175815e+00,1.000045441094704168e+00,0.000000000000000000e+00,2.200747577917637682e+04
1.000908328416618920e+00,1.000908328416618920e+00,4.544116593659621090e-05,4.544116967930297797e-05,9.999991753143308015e-01,0.000000000000000000e+00
0.000000000000000000e+00,4.539992976248484740e-05,4.539992602147341339e-05,4.539786870243865007e-05,9.990916719578841754e-01,4.539992789197947598e-05
1.000000000000000000e+00,0.000000000000000000e+00,4.539992602147341339e-05,4.539786870243865007e-05,9.990916719578841754e-01,4.539992789197947598e-05
2.202646670231085591e+04,1.000000041200624246e+00,0.000000000000000000e+00,9.999546433301450543e-01,2.200645944493641582e+04,9.999999999999997780e-01
2.202646488812767348e+04,9.999999588368350123e-01,9.999998764355779723e-01,0.000000000000000000e+00,2.200645763240110682e+04,9.999999176362139863e-01
1.000909153852054256e+00,4.544120528351140226e-05,4.544120153909881249e-05,4.543914234964451947e-05,0.000000000000000000e+00,4.544120341130545297e-05
1.000908328416618920e+00,4.544116780880061521e-05,4.544116406439110864e-05,4.543910487663500148e-05,9.999991753143308015e-01,0.000000000000000000e+00
0.000000000000000000e+00,4.539992976248484740e-05,9.981849914538160062e-01,4.539993163128972224e-05,4.539993163298953441e-05,4.539993163468933302e-05
2.202646579480671789e+04,0.000000000000000000e+00,2.198648757114691398e+04,1.000000041163166653e+00,1.000000041200607370e+00,1.000000041238047865e+00
2.202646760981541229e+04,1.000000082401267143e+00,0.000000000000000000e+00,1.000000123564437349e+00,1.000000123601878066e+00,1.000000123639318561e+00
2.202746579480465152e+04,1.000045399929668788e+00,2.198748575613630601e+04,0.000000000000000000e+00,1.000045441132146662e+00,1.000045441169588933e+00
1.000909153852054256e+00,4.544120528351140226e-05,9.990924951838588974e-01,4.544120715401531001e-05,0.000000000000000000e+00,4.544120715741800399e-05
2.202646670231085955e+04,1.000000041200624468e+00,2.198648847700392798e+04,1.000000082363792675e+00,1.000000082401233614e+00,0.000000000000000000e+00
0.000000000000000000e+00,1.000000000000000000e+00,4.539992976418310780e-05,4.539992788857987198e-05,4.539993163639068340e-05,4.539993163468933302e-05
2.202646579480671789e+04,0.000000000000000000e+00,1.000000000037406744e+00,9.999999587244959853e-01,1.000000041275522777e+00,1.000000041238047865e+00
1.001818308792181478e+00,1.001818308792181478e+00,0.000000000000000000e+00,4.548247897662407893e-05,4.548248273124956857e-05,4.548248272954512144e-05
2.202646488812767348e+04,2.202646488812767348e+04,9.999999588742416456e-01,0.000000000000000000e+00,1.000000000112356124e+00,1.000000000074881212e+00
2.202646488730298370e+04,2.202646488730298370e+04,9.999999588368009285e-01,9.999999175238920568e-01,0.000000000000000000e+00,1.000000000037440495e+00
2.202646488647830120e+04,2.202646488647830120e+04,9.999999587993604333e-01,9.999999174864514506e-01,1.000000000037474912e+00,0.000000000000000000e+00
0.000000000000000000e+00,1.000000000000000000e+00,4.539992976418620455e-05,4.539993163469087124e-05,4.539993163639068340e-05,4.539992789197947598e-05
1.000000000000000000e+00,0.000000000000000000e+00,4.539992976418620455e-05,4.539993163469087124e-05,4.539993163639068340e-05,4.539992789197947598e-05
2.202646579398278118e+04,2.202646579398278118e+04,0.000000000000000000e+00,1.000000041200675316e+00,1.000000041238116033e+00,9.999999587619706753e-01
2.202646670396023183e+04,2.202646670396023183e+04,1.000000041312980592e+00,0.000000000000000000e+00,1.000000082551030234e+00,1.000000000074881212e+00
2.202646488565286563e+04,2.202646488565286563e+04,9.999999587619536889e-01,9.999999999625591718e-01,0.000000000000000000e+00,9.999999175238578619e-01
2.202646488647830120e+04,2.202646488647830120e+04,9.999999587994286010e-01,1.000000000000033973e+00,1.000000000037474912e+00,0.000000000000000000e+00
0.000000000000000000e+00,1.000000000000000000e+00,4.539786870243863652e-05,4.539993163469088479e-05,4.539993163298953441e-05,4.539992789197947598e-05
1.000000000000000000e+00,0.000000000000000000e+00,4.539786870243863652e-05,4.539993163469088479e-05,4.539993163298953441e-05,4.539992789197947598e-05
2.202646579398127869e+04,2.202646579398127869e+04,0.000000000000000000e+00,1.000000041200607370e+00,1.000000041163132680e+00,9.999999587619025077e-01
2.202646488647755541e+04,2.202646488647755541e+04,9.999545608951829756e-01,0.000000000000000000e+00,9.999999999625255320e-01,9.999999175612988012e-01
2.202646488565286563e+04,2.202646488565286563e+04,9.999545608577438127e-01,9.999999999625593938e-01,0.000000000000000000e+00,9.999999175238578619e-01
2.202646670231085955e+04,2.202646670231085955e+04,9.999546433301450543e-01,1.000000082438708304e+00,1.000000082401233614e+00,0.000000000000000000e+00
0.000000000000000000e+00,1.000000000000000000e+00,4.539992976418310780e-05,4.539786870243863652e-05,4.539993163298953441e-05,9.990924958951478141e-01
1.000000000000000000e+00,0.000000000000000000e+00,4.539992976418310780e-05,4.539786870243863652e-05,4.539993163298953441e-05,9.990924958951478141e-01
2.202746579480465880e+04,2.202746579480465880e+04,0.000000000000000000e+00,1.000000000000000000e+00,1.000045441132146884e+00,2.200747577917638046e+04
2.202646488647754813e+04,2.202646488647754813e+04,9.999999587993262384e-01,0.000000000000000000e+00,9.999999999625253100e-01,2.200647577917768649e+04
2.202646488730298370e+04,2.202646488730298370e+04,9.999999588368009285e-01,9.999545609326557782e-01,0.000000000000000000e+00,2.200647578000237627e+04
2.202646670231085955e+04,2.202646670231085955e+04,1.000000041238030990e+00,9.999546433301450543e-01,1.000000082401233614e+00,0.000000000000000000e+00
0.000000000000000000e+00,4.539992976248484740e-05,4.539992976418310780e-05,4.539993163469087124e-05,9.990916719578841754e-01,4.539992789197947598e-05
1.000000000000000000e+00,0.000000000000000000e+00,4.539992976418310780e-05,4.539993163469087124e-05,9.990916719578841754e-01,4.539992789197947598e-05
2.202646579398278118e+04,9.999999999625933667e-01,0.000000000000000000e+00,1.000000041200675316e+00,2.200645853743340194e+04,9.999999587619706753e-01
2.202746579480465880e+04,1.000045399929669010e+00,1.000045399967077309e+00,0.000000000000000000e+00,2.200745762992648815e+04,1.000045358727175815e+00
2.202646488730298370e+04,9.999999587993942951e-01,9.999999588368009285e-01,1.000000000037474468e+00,0.000000000000000000e+00,9.999999175987732691e-01
1.000908328416618920e+00,4.544116780880061521e-05,4.544116781050041383e-05,4.544116968270721694e-05,9.999991753143308015e-01,0.000000000000000000e+00
0.000000000000000000e+00,1.000000000000000000e+00,9.981849914538160062e-01,4.539993163469087124e-05,4.539993163298953441e-05,4.539993163468933302e-05
2.202646579480671789e+04,0.000000000000000000e+00,2.198648757114691398e+04,1.000000041238081838e+00,1.000000041200607370e+00,1.000000041238047865e+00
2.202646579398278118e+04,2.202646579398278118e+04,0.000000000000000000e+00,1.000000041200675316e+00,1.000000041163200848e+00,1.000000041200641343e+00
2.202646488647755541e+04,2.202646488647755541e+04,2.198648666446637435e+04,0.000000000000000000e+00,9.999999999625255320e-01,9.999999999999660272e-01
1.000909153852054256e+00,1.000909153852054256e+00,9.990924951838588974e-01,4.544120715741954897e-05,0.000000000000000000e+00,4.544120715741800399e-05
2.202646670231085955e+04,2.202646670231085955e+04,2.198648847700392798e+04,1.000000082438708082e+00,1.000000082401233614e+00,0.000000000000000000e+00
0.000000000000000000e+00,1.000000000000000000e+00,4.539992976418310780e-05,9.990908465228237612e-01,4.539786870243865007e-05,9.990924958951478141e-01
1.000000000000000000e+00,0.000000000000000000e+00,4.539992976418310780e-05,9.990908465228237612e-01,4.539786870243865007e-05,9.990924958951478141e-01
1.001818308792181478e+00,1.001818308792181478e+00,0.000000000000000000e+00,1.000907502193244314e+00,4.548041604624659240e-05,1.000909154564636472e+00
2.202646488647755541e+04,2.202646488647755541e+04,9.999999587993264605e-01,0.000000000000000000e+00,9.999545608951831976e-01,2.200647577917769377e+04
2.202646488730298370e+04,2.202646488730298370e+04,9.999999588368009285e-01,2.200643945016079306e+04,0.000000000000000000e+00,2.200647578000237627e+04
2.202646488647830120e+04,2.202646488647830120e+04,9.999999587993604333e-01,2.200643944933685998e+04,9.999545608952171705e-01,0.000000000000000000e+00
0.000000000000000000e+00,1.000000000000000000e+00,4.539992789197948276e-05,4.539993163469087124e-05,9.990916719578841754e-01,9.990924958951478141e-01
1.000000000000000000e+00,0.000000000000000000e+00,4.539992789197948276e-05,4.539993163469087124e-05,9.990916719578841754e-01,9.990924958951478141e-01
2.202646579398278118e+04,2.202646579398278118e+04,0.000000000000000000e+00,1.000000041200675316e+00,2.200645853743340194e+04,2.200647668585935389e+04
1.000909980789375098e+00,1.000909980789375098e+00,4.544124095420019676e-05,0.000000000000000000e+00,1.000000826186190572e+00,1.000001650873221237e+00
2.202746579480465152e+04,2.202746579480465152e+04,1.000045358727175815e+00,1.000045441169622906e+00,0.000000000000000000e+00,2.200747577917637682e+04
1.000908328416618920e+00,1.000908328416618920e+00,4.544116593659621090e-05,4.544116968270721694e-05,9.999991753143308015e-01,0.000000000000000000e+00
0.000000000000000000e+00,1.000000000000000000e+00,4.539992602147341339e-05,4.539993163298953441e-05,4.539992789028121558e-05,4.539992789197947598e-05
1.000000000000000000e+00,0.000000000000000000e+00,4.539992602147341339e-05,4.539993163298953441e-05,4.539992789028121558e-05,4.539992789197947598e-05
2.202646670231085591e+04,2.202646670231085591e+04,0.000000000000000000e+00,1.000000082401233392e+00,9.999999999625932556e-01,9.999999999999997780e-01
2.202646488647755541e+04,2.202646488647755541e+04,9.999998763606627872e-01,0.000000000000000000e+00,9.999999175238922788e-01,9.999999175612988012e-01
1.000909153852054256e+00,1.000909153852054256e+00,4.544120153909881249e-05,4.544120715571666039e-05,0.000000000000000000e+00,4.544120341130545297e-05
1.000908328416618920e+00,1.000908328416618920e+00,4.544116406439110864e-05,4.544116968100432835e-05,4.544116593489640551e-05,0.000000000000000000e+00
0.000000000000000000e+00,1.000000000000000000e+00,4.539786870243863652e-05,4.539993163128972224e-05,4.539993163298953441e-05,9.990924958951478141e-01
1.000000000000000000e+00,0.000000000000000000e+00,4.539786870243863652e-05,4.539993163128972224e-05,4.539993163298953441e-05,9.990924958951478141e-01
2.202646760981541229e+04,2.202646760981541229e+04,0.000000000000000000e+00,1.000000123564437349e+00,1.000000123601878066e+00,2.200647850004410793e+04
2.202646488730298370e+04,2.202646488730298370e+04,9.999545609326557782e-01,0.000000000000000000e+00,1.000000000000000000e+00,2.200647578000237627e+04
2.202646670313479626e+04,2.202646670313479626e+04,9.999546433675499113e-01,1.000000082401199419e+00,0.000000000000000000e+00,2.200647759418631176e+04
2.202646670231085955e+04,2.202646670231085955e+04,9.999546433301450543e-01,1.000000082363792675e+00,1.000000082401233614e+00,0.000000000000000000e+00
0.000000000000000000e+00,1.000000000000000000e+00,4.539992976418310780e-05,4.539992976248484740e-05,9.990916719578841754e-01,9.990924958951478141e-01
1.000000000000000000e+00,0.000000000000000000e+00,4.539992976418310780e-05,4.539992976248484740e-05,9.990916719578841754e-01,9.990924958951478141e-01
2.202746579480465880e+04,2.202746579480465880e+04,0.000000000000000000e+00,1.000045399929669010e+00,2.200745762992648815e+04,2.200747577917638046e+04
2.202646488812767348e+04,2.202646488812767348e+04,9.999999588742416456e-01,0.000000000000000000e+00,2.200645763240110682e+04,2.200647578082631298e+04
2.202646488730298370e+04,2.202646488730298370e+04,9.999999588368009285e-01,9.999999587993942951e-01,0.000000000000000000e+00,2.200647578000237627e+04
1.000908328416618920e+00,1.000908328416618920e+00,4.544116781050041383e-05,4.544116780880061521e-05,9.999991753143308015e-01,0.000000000000000000e+00
0.000000000000000000e+00,1.000000000000000000e+00,9.981849914538160062e-01,4.539786870243865007e-05,9.990916719578841754e-01,9.990924958951478141e-01
1.000000000000000000e+00,0.000000000000000000e+00,9.981849914538160062e-01,4.539786870243865007e-05,9.990916719578841754e-01,9.990924958951478141e-01
2.202646579398278118e+04,2.202646579398278118e+04,0.000000000000000000e+00,9.999546020939863444e-01,2.200645853743340194e+04,2.200647668585935389e+04
2.202646579480671789e+04,2.202646579480671789e+04,2.198648757114691398e+04,0.000000000000000000e+00,2.200645853825658924e+04,2.200647668668254482e+04
1.000909153852054256e+00,1.000909153852054256e+00,9.990924951838588974e-01,4.543914234964451947e-05,0.000000000000000000e+00,1.000000824686349432e+00
1.000908328416618920e+00,1.000908328416618920e+00,9.990916712465959248e-01,4.543910487663500148e-05,9.999991753143308015e-01,0.000000000000000000e+00
0.000000000000000000e+00,1.000000000000000000e+00,4.539992602147341339e-05,4.539992788857987198e-05,9.990916719578841754e-01,9.990924958951478141e-01
4.539992976248484740e-05,0.000000000000000000e+00,4.539992602147341339e-05,4.539992788857987198e-05,9.990916719578841754e-01,9.990924958951478141e-01
4.548248085393639684e-05,1.001818308792181478e+00,0.000000000000000000e+00,4.548247897662407893e-05,1.000908329129200469e+00,1.000909154564636472e+00
1.000045399929668788e+00,2.202746579480465152e+04,1.000045317524667299e+00,0.000000000000000000e+00,2.200745762992648451e+04,2.200747577917637682e+04
4.544120528351140226e-05,1.000909153852054256e+00,4.544120153909881249e-05,4.544120340790275221e-05,0.000000000000000000e+00,1.000000824686349432e+00
4.544116780880061521e-05,1.000908328416618920e+00,4.544116406439110864e-05,4.544116593319351015e-05,9.999991753143308015e-01,0.000000000000000000e+00
0.000000000000000000e+00,2.202646579480671789e+04,9.999999999625253100e-01,9.999546021313913124e-01,2.200645853825658924e+04,2.200647668668254482e+04
1.000000000000000000e+00,0.000000000000000000e+00,4.539992976078349702e-05,4.539786870243865007e-05,9.990916719578841754e-01,9.990924958951478141e-01
2.202646760981541229e+04,2.202646760981541229e+04,0.000000000000000000e+00,9.999546845289176700e-01,2.200646035161666077e+04,2.200647850004410793e+04
2.202646670396023183e+04,2.202646670396023183e+04,1.000000041238030990e+00,0.000000000000000000e+00,2.200645944658429289e+04,2.200647759501099790e+04
1.000909153852054256e+00,1.000909153852054256e+00,4.544120528180850690e-05,4.543914234964451947e-05,0.000000000000000000e+00,1.000000824686349432e+00
1.000908328416618920e+00,1.000908328416618920e+00,4.544116780709771985e-05,4.543910487663500148e-05,9.999991753143308015e-01,0.000000000000000000e+00
0.000000000000000000e+00,1.000000000000000000e+00,9.981849914538160062e-01,4.539993163468778804e-05,9.990916719578841754e-01,9.990924958951478141e-01
1.000000000000000000e+00,0.000000000000000000e+00,9.981849914538160062e-01,4.539993163468778804e-05,9.990916719578841754e-01,9.990924958951478141e-01
2.202646579563215346e+04,2.202646579563215346e+04,0.000000000000000000e+00,1.000000041275488805e+00,2.200645853908127538e+04,2.200647668750723096e+04
2.202746579480465152e+04,2.202746579480465152e+04,2.198748575613630601e+04,0.000000000000000000e+00,2.200745762992648451e+04,2.200747577917637682e+04
1.000909153852054256e+00,1.000909153852054256e+00,9.990924951838588974e-01,4.544120715741645900e-05,0.000000000000000000e+00,1.000000824686349432e+00
1.000908328416618920e+00,1.000908328416618920e+00,9.990916712465959248e-01,4.544116968270412696e-05,9.999991753143308015e-01,0.000000000000000000e+00
0.000000000000000000e+00,1.000000000000000000e+00,4.539992602147341339e-05,4.539992788857987198e-05,9.990916719578841754e-01,9.990924958951478141e-01
4.539992976248484740e-05,0.000000000000000000e+00,4.539992602147341339e-05,4.539992788857987198e-05,9.990916719578841754e-01,9.990924958951478141e-01
4.548248085393639684e-05,1.001818308792181478e+00,0.000000000000000000e+00,4.548247897662407893e-05,1.000908329129200469e+00,1.000909154564636472e+00
9.999999587619876618e-01,2.202646488647905062e+04,9.999998763607307328e-01,0.000000000000000000e+00,2.200645763075398281e+04,2.200647577917918898e+04
4.544120528351140226e-05,1.000909153852054256e+00,4.544120153909881249e-05,4.544120340790275221e-05,0.000000000000000000e+00,1.000000824686349432e+00
4.544116780880061521e-05,1.000908328416618920e+00,4.544116406439110864e-05,4.544116593319351015e-05,9.999991753143308015e-01,0.000000000000000000e+00
0.000000000000000000e+00,1.000000000000000000e+00,9.999999999625253100e-01,9.999546021313913124e-01,9.999999587619707864e-01,2.200647668668254482e+04
1.000000000000000000e+00,0.000000000000000000e+00,4.539992976078349702e-05,4.539786870243865007e-05,4.539992789028121558e-05,9.990924958951478141e-01
2.202646760981541229e+04,1.000000082401267143e+00,0.000000000000000000e+00,9.999546845289176700e-01,1.000000041163234599e+00,2.200647850004410793e+04
2.202646670396023183e+04,1.000000041275505680e+00,1.000000041238030990e+00,0.000000000000000000e+00,1.000000000037474690e+00,2.200647759501099790e+04
1.000909153852054256e+00,4.544120528351140226e-05,4.544120528180850690e-05,4.543914234964451947e-05,0.000000000000000000e+00,1.000000824686349432e+00
1.000908328416618920e+00,4.544116780880061521e-05,4.544116780709771985e-05,4.543910487663500148e-05,4.544116593489640551e-05,0.000000000000000000e+00
0.000000000000000000e+00,4.539992976248484740e-05,4.539992976078505556e-05,4.539786870243865007e-05,9.990916719578841754e-01,4.539993163468933302e-05
2.202646579480671789e+04,0.000000000000000000e+00,9.999999999625595049e-01,9.999546021313913124e-01,2.200645853825658924e+04,1.000000041238047865e+00
2.202646579563215346e+04,1.000000000037474690e+00,0.000000000000000000e+00,9.999546021688643371e-01,2.200645853908127538e+04,1.000000041275522777e+00
2.202746579480465152e+04,1.000045399929668788e+00,1.000045399892226516e+00,0.000000000000000000e+00,2.200745762992648451e+04,1.000045441169588933e+00
2.202646670313479626e+04,1.000000041238030990e+00,1.000000041200590495e+00,9.999546433675501333e-01,0.000000000000000000e+00,1.000000082476080632e+00
1.000908328416618920e+00,4.544116780880061521e-05,4.544116780709927161e-05,4.543910487663500148e-05,9.999991753143308015e-01,0.000000000000000000e+00
0.000000000000000000e+00,1.000000000000000000e+00,4.539992602147341339e-05,4.539993163468778804e-05,4.539993163639068340e-05,4.539786870243865007e-05
1.000000000000000000e+00,0.000000000000000000e+00,9.999999175987396294e-01,1.000000041238013893e+00,1.000000041275522777e+00,9.999546021313913124e-01
1.000000000037440495e+00,2.202646579563140040e+04,0.000000000000000000e+00,1.000000041275454610e+00,1.000000041312963273e+00,9.999546021688301423e-01
1.000045399929668788e+00,2.202746579480465152e+04,1.000045317524667299e+00,0.000000000000000000e+00,1.000045441207065400e+00,1.000000000000000000e+00
4.544120528351140226e-05,1.000909153852054256e+00,4.544120153909881249e-05,4.544120715741645900e-05,0.000000000000000000e+00,4.543914234964451947e-05
9.999999587619536889e-01,2.202646488647830120e+04,9.999998763606967600e-01,9.999999999999660272e-01,1.000000000037474912e+00,0.000000000000000000e+00
0.000000000000000000e+00,1.000000000000000000e+00,9.999546021313913124e-01,9.999546021313913124e-01,9.999546021313910904e-01,2.200647668668254482e+04
4.539992976248484740e-05,0.000000000000000000e+00,4.539786870243865007e-05,4.539786870243865007e-05,4.539786870243863652e-05,9.990924958951478141e-01
1.000000082401267143e+00,1.000000082401267143e+00,0.000000000000000000e+00,9.999546845289176700e-01,9.999546845289174479e-01,2.200647850004410793e+04
9.999999587619876618e-01,9.999999587619876618e-01,9.999545608952511433e-01,0.000000000000000000e+00,9.999545608952509212e-01,2.200647577917918898e+04
9.999999587244788879e-01,9.999999587244788879e-01,9.999545608577440348e-01,9.999545608577440348e-01,0.000000000000000000e+00,2.200647577835374977e+04
1.000045399929668788e+00,1.000045399929668788e+00,1.000000000000000000e+00,1.000000000000000000e+00,9.999999999999997780e-01,0.000000000000000000e+00
0.000000000000000000e+00,2.202646579480671789e+04,9.999546021312976096e-01,1.000000000000000000e+00,2.200645853825658924e+04,1.000000041238047865e+00
1.000000000000000000e+00,0.000000000000000000e+00,9.999546021312976096e-01,1.000000000000000000e+00,2.200645853825658924e+04,1.000000041238047865e+00
1.000045399929668788e+00,2.202746579480465152e+04,0.000000000000000000e+00,1.000045399929668788e+00,2.200745762992648451e+04,1.000045441169588933e+00
1.000045399929668788e+00,2.202746579480465152e+04,9.999999999999062972e-01,0.000000000000000000e+00,2.200745762992648451e+04,1.000045441169588933e+00
1.000045399929669010e+00,2.202746579480465880e+04,9.999999999999065192e-01,1.000045399929669010e+00,0.000000000000000000e+00,1.000045441169589155e+00
4.544116780880061521e-05,1.000908328416618920e+00,4.543910487663074598e-05,4.544116780880061521e-05,9.999991753143308015e-01,0.000000000000000000e+00
0.000000000000000000e+00,2.202646579480671789e+04,9.999999999625253100e-01,9.999546021313910904e-01,1.000000041275522777e+00,2.200647668668254482e+04
1.000000000000000000e+00,0.000000000000000000e+00,4.539992976078349702e-05,4.539786870243863652e-05,4.539993163639068340e-05,9.990924958951478141e-01
2.202746579480671789e+04,2.202746579480671789e+04,0.000000000000000000e+00,1.000000000000093481e+00,1.000045441207159103e+00,2.200747577917843955e+04
2.202646579480671789e+04,2.202646579480671789e+04,9.999999999625253100e-01,0.000000000000000000e+00,1.000000041275522777e+00,2.200647668668254482e+04
1.000909153852054256e+00,1.000909153852054256e+00,4.544120528180850690e-05,4.543914234964451269e-05,0.000000000000000000e+00,1.000000824686349432e+00
2.202646488647830120e+04,2.202646488647830120e+04,9.999999587244789989e-01,9.999545608952169484e-01,1.000000000037474912e+00,0.000000000000000000e+00
0.000000000000000000e+00,1.000000000000000000e+00,4.539992976418620455e-05,4.539993163468778804e-05,4.539992789028121558e-05,4.539992789197947598e-05
1.000000000000000000e+00,0.000000000000000000e+00,4.539992976418620455e-05,4.539993163468778804e-05,4.539992789028121558e-05,4.539992789197947598e-05
2.202646579563215346e+04,2.202646579563215346e+04,0.000000000000000000e+00,1.000000041275488805e+00,9.999999587994454764e-01,9.999999588368519987e-01
2.202746579480465880e+04,2.202746579480465880e+04,1.000045399967145476e+00,0.000000000000000000e+00,1.000045358689767516e+00,1.000045358727175815e+00
2.202646488565286563e+04,2.202646488565286563e+04,9.999999587619536889e-01,9.999999999624912261e-01,0.000000000000000000e+00,9.999999175238578619e-01
1.000908328416618920e+00,1.000908328416618920e+00,4.544116781050351058e-05,4.544116968270412696e-05,4.544116593489640551e-05,0.000000000000000000e+00
0.000000000000000000e+00,1.000000000000000000e+00,4.539992976078505556e-05,4.539993163469088479e-05,4.539993163298953441e-05,9.990924958951478141e-01
1.000000000000000000e+00,0.000000000000000000e+00,4.539992976078505556e-05,4.539993163469088479e-05,4.539993163298953441e-05,9.990924958951478141e-01
2.202646579398127869e+04,2.202646579398127869e+04,0.000000000000000000e+00,1.000000041200607370e+00,1.000000041163132680e+00,2.200647668585785505e+04
2.202646488647905062e+04,2.202646488647905062e+04,9.999999587245471666e-01,0.000000000000000000e+00,9.999999999625934777e-01,2.200647577917918898e+04
2.202646670313479626e+04,2.202646670313479626e+04,1.000000041200590495e+00,1.000000082476114827e+00,0.000000000000000000e+00,2.200647759418631176e+04
2.202646670231085955e+04,2.202646670231085955e+04,1.000000041163183750e+00,1.000000082438708304e+00,1.000000082401233614e+00,0.000000000000000000e+00
0.000000000000000000e+00,1.000000000000000000e+00,4.539786870243863652e-05,4.539993163468778804e-05,9.990916719578841754e-01,9.990924958951478141e-01
1.000000000000000000e+00,0.000000000000000000e+00,4.539786870243863652e-05,4.539993163468778804e-05,9.990916719578841754e-01,9.990924958951478141e-01
2.202646579563140040e+04,2.202646579563140040e+04,0.000000000000000000e+00,1.000000041275454610e+00,2.200645853908052231e+04,2.200647668750647790e+04
2.202646488647754813e+04,2.202646488647754813e+04,9.999545608951827536e-01,0.000000000000000000e+00,2.200645763075248396e+04,2.200647577917768649e+04
2.202646488730298370e+04,2.202646488730298370e+04,9.999545609326557782e-01,1.000000000037406522e+00,0.000000000000000000e+00,2.200647578000237627e+04
1.000908328416618920e+00,1.000908328416618920e+00,4.543910487663499470e-05,4.544116968270412696e-05,9.999991753143308015e-01,0.000000000000000000e+00
0.000000000000000000e+00,1.000000000000000000e+00,9.981849914538160062e-01,4.539992976248484740e-05,9.990916719578841754e-01,9.990924958951478141e-01
1.000000000000000000e+00,0.000000000000000000e+00,9.981849914538160062e-01,4.539992976248484740e-05,9.990916719578841754e-01,9.990924958951478141e-01
2.202746579480465880e+04,2.202746579480465880e+04,0.000000000000000000e+00,1.000045399929669010e+00,2.200745762992648815e+04,2.200747577917638046e+04
2.202646488647905062e+04,2.202646488647905062e+04,2.198648666446786956e+04,0.000000000000000000e+00,2.200645763075398281e+04,2.200647577917918898e+04
1.000909153852054256e+00,1.000909153852054256e+00,9.990924951838588974e-01,4.544120528351140226e-05,0.000000000000000000e+00,1.000000824686349432e+00
1.000908328416618920e+00,1.000908328416618920e+00,9.990916712465959248e-01,4.544116780880061521e-05,9.999991753143308015e-01,0.000000000000000000e+00
0.000000000000000000e+00,1.000000000000000000e+00,4.539992602147341339e-05,9.990908465228237612e-01,9.990916719578841754e-01,4.539992789197947598e-05
1.000000000000000000e+00,0.000000000000000000e+00,4.539992602147341339e-05,9.990908465228237612e-01,9.990916719578841754e-01,4.539992789197947598e-05
1.001818308792181478e+00,1.001818308792181478e+00,0.000000000000000000e+00,1.000907502193244314e+00,1.000908329129200469e+00,4.548247898002986289e-05
2.202646579480671789e+04,2.202646579480671789e+04,9.999999175987396294e-01,0.000000000000000000e+00,2.200645853825658924e+04,9.999999587993773087e-01
1.000909153852054256e+00,1.000909153852054256e+00,4.544120153909881249e-05,9.999991738144921039e-01,0.000000000000000000e+00,4.544120341130545297e-05
1.000908328416618920e+00,1.000908328416618920e+00,4.544116406439110864e-05,9.999983491295042493e-01,9.999991753143308015e-01,0.000000000000000000e+00
0.000000000000000000e+00,4.539992976248484740e-05,9.981849914538160062e-01,4.539993163128972224e-05,4.539993163298953441e-05,9.990924958951478141e-01
4.539992976248484740e-05,0.000000000000000000e+00,9.981849914538160062e-01,4.539993163128972224e-05,4.539993163298953441e-05,9.990924958951478141e-01
1.000000082401267143e+00,1.000000082401267143e+00,0.000000000000000000e+00,1.000000123564437349e+00,1.000000123601878066e+00,2.200647850004410793e+04
4.544124282640768427e-05,4.544124282640768427e-05,9.990933206202814443e-01,0.000000000000000000e+00,4.544124469861449416e-05,1.000001650873221237e+00
4.544120528351140226e-05,4.544120528351140226e-05,9.990924951838588974e-01,4.544120715401531001e-05,0.000000000000000000e+00,1.000000824686349432e+00
1.000000041200624468e+00,1.000000041200624468e+00,2.198648847700392798e+04,1.000000082363792675e+00,1.000000082401233614e+00,0.000000000000000000e+00
0.000000000000000000e+00,2.202646579480671789e+04,9.999546021312976096e-01,2.200644035683946640e+04,2.200645853825658924e+04,1.000000041238047865e+00
2.202646579480671789e+04,0.000000000000000000e+00,9.999546021312976096e-01,2.200644035683946640e+04,2.200645853825658924e+04,1.000000041238047865e+00
1.001818308792181478e+00,1.001818308792181478e+00,0.000000000000000000e+00,1.000907502193244314e+00,1.000908329129200469e+00,4.548248272954512144e-05
2.202646488812767348e+04,2.202646488812767348e+04,9.999545609700013493e-01,0.000000000000000000e+00,2.200645763240110682e+04,1.000000000074881212e+00
2.202646488730298370e+04,2.202646488730298370e+04,9.999545609325622975e-01,2.200643945016079306e+04,0.000000000000000000e+00,1.000000000037440495e+00
1.000908328416618920e+00,1.000908328416618920e+00,4.543910487663074598e-05,9.999983491295042493e-01,9.999991753143308015e-01,0.000000000000000000e+00
0.000000000000000000e+00,1.000000000000000000e+00,9.981849914538160062e-01,4.539992976248484740e-05,4.539993163639068340e-05,4.539992789197947598e-05
4.539992976248484740e-05,0.000000000000000000e+00,9.981849914538160062e-01,4.539992976248484740e-05,4.539993163639068340e-05,4.539992789197947598e-05
1.000045399929762491e+00,2.202746579480671789e+04,0.000000000000000000e+00,1.000045399929762491e+00,1.000045441207159103e+00,1.000045358727269296e+00
4.544124282640768427e-05,1.000909980789375098e+00,9.990933206202814443e-01,0.000000000000000000e+00,4.544124470201873990e-05,4.544124095420018998e-05
4.544120528351140226e-05,1.000909153852054256e+00,9.990924951838588974e-01,4.544120528351140226e-05,0.000000000000000000e+00,4.544120341130545297e-05
9.999999587619536889e-01,2.202646488647830120e+04,2.198648666446712014e+04,9.999999587619536889e-01,1.000000000037474912e+00,0.000000000000000000e+00
0.000000000000000000e+00,2.202646579480671789e+04,9.999546021312976096e-01,2.200644035683946640e+04,1.000000041200607370e+00,2.200647668668254482e+04
1.000000000000000000e+00,0.000000000000000000e+00,4.539786870243439458e-05,9.990908465228237612e-01,4.539993163298953441e-05,9.990924958951478141e-01
1.001818308792181478e+00,1.001818308792181478e+00,0.000000000000000000e+00,1.000907502193244314e+00,4.548248272784223285e-05,1.000909154564636472e+00
2.202646579480671789e+04,2.202646579480671789e+04,9.999546021312976096e-01,0.000000000000000000e+00,1.000000041200607370e+00,2.200647668668254482e+04
2.202646488565286563e+04,2.202646488565286563e+04,9.999545608576503319e-01,2.200643944851217384e+04,0.000000000000000000e+00,2.200647577835374977e+04
2.202646670231085955e+04,2.202646670231085955e+04,9.999546433300515735e-01,2.200644126351855084e+04,1.000000082401233614e+00,0.000000000000000000e+00
0.000000000000000000e+00,1.000000000000000000e+00,4.539992976418310780e-05,4.539992976248484740e-05,4.539992789028121558e-05,9.990924958951478141e-01
1.000000000000000000e+00,0.000000000000000000e+00,4.539992976418310780e-05,4.539992976248484740e-05,4.539992789028121558e-05,9.990924958951478141e-01
2.202746579480671789e+04,2.202746579480671789e+04,0.000000000000000000e+00,1.000045399929762491e+00,1.000045358689860997e+00,2.200747577917843955e+04
1.000909980789375098e+00,1.000909980789375098e+00,4.544124282810748966e-05,0.000000000000000000e+00,4.544124095250038459e-05,1.000001650873221237e+00
2.202646488730298370e+04,2.202646488730298370e+04,9.999999588368009285e-01,9.999999587993942951e-01,0.000000000000000000e+00,2.200647578000237627e+04
1.000908328416618920e+00,1.000908328416618920e+00,4.544116781050041383e-05,4.544116780880061521e-05,4.544116593489640551e-05,0.000000000000000000e+00
0.000000000000000000e+00,1.000000000000000000e+00,4.539786870243863652e-05,4.539993163469087124e-05,9.990916719578841754e-01,9.990924958951478141e-01
1.000000000000000000e+00,0.000000000000000000e+00,4.539786870243863652e-05,4.539993163469087124e-05,9.990916719578841754e-01,9.990924958951478141e-01
2.202646579398278118e+04,2.202646579398278118e+04,0.000000000000000000e+00,1.000000041200675316e+00,2.200645853743340194e+04,2.200647668585935389e+04
2.202646579480671789e+04,2.202646579480671789e+04,9.999546021313910904e-01,0.000000000000000000e+00,2.200645853825658924e+04,2.200647668668254482e+04
2.202646670313479626e+04,2.202646670313479626e+04,9.999546433675499113e-01,1.000000082476114605e+00,0.000000000000000000e+00,2.200647759418631176e+04
1.000908328416618920e+00,1.000908328416618920e+00,4.543910487663499470e-05,4.544116968270721694e-05,9.999991753143308015e-01,0.000000000000000000e+00
0.000000000000000000e+00,1.000000000000000000e+00,4.539992602147341339e-05,4.539786870243863652e-05,4.539992789028121558e-05,9.990924958951478141e-01
4.539992976248484740e-05,0.000000000000000000e+00,4.539992602147341339e-05,4.539786870243863652e-05,4.539992789028121558e-05,9.990924958951478141e-01
1.000045399929669010e+00,2.202746579480465880e+04,0.000000000000000000e+00,1.000000000000000000e+00,1.000045358689767516e+00,2.200747577917638046e+04
9.999999587619197161e-01,2.202646488647755541e+04,9.999998763606627872e-01,0.000000000000000000e+00,9.999999175238922788e-01,2.200647577917769377e+04
4.544120528351140226e-05,1.000909153852054256e+00,4.544120153909881249e-05,4.543914234964451269e-05,0.000000000000000000e+00,1.000000824686349432e+00
4.544116780880061521e-05,1.000908328416618920e+00,4.544116406439110864e-05,4.543910487663499470e-05,4.544116593489640551e-05,0.000000000000000000e+00
0.000000000000000000e+00,2.202646579480671789e+04,9.999546021313913124e-01,9.999546021313913124e-01,9.999999587619707864e-01,9.999999587993773087e-01
1.000000000000000000e+00,0.000000000000000000e+00,4.539786870243865007e-05,4.539786870243865007e-05,4.539992789028121558e-05,4.539992789197947598e-05
2.202646760981541229e+04,2.202646760981541229e+04,0.000000000000000000e+00,9.999546845289176700e-01,1.000000041163234599e+00,1.000000041200641121e+00
2.202746579480465880e+04,2.202746579480465880e+04,1.000000000000000222e+00,0.000000000000000000e+00,1.000045358689767516e+00,1.000045358727175815e+00
2.202646670313479626e+04,2.202646670313479626e+04,9.999546433675501333e-01,9.999546433675501333e-01,0.000000000000000000e+00,1.000000000037406522e+00
1.000908328416618920e+00,1.000908328416618920e+00,4.543910487663500148e-05,4.543910487663500148e-05,4.544116593489640551e-05,0.000000000000000000e+00
0.000000000000000000e+00,1.000000000000000000e+00,4.539992976078505556e-05,4.539992976248484740e-05,4.539786870243865007e-05,4.539992789197947598e-05
1.000000000000000000e+00,0.000000000000000000e+00,4.539992976078505556e-05,4.539992976248484740e-05,4.539786870243865007e-05,4.539992789197947598e-05
2.202746579480465152e+04,2.202746579480465152e+04,0.000000000000000000e+00,1.000045399929668788e+00,1.000000000000000000e+00,1.000045358727175593e+00
2.202746579480465152e+04,2.202746579480465152e+04,1.000045399892226516e+00,0.000000000000000000e+00,1.000000000000000000e+00,1.000045358727175593e+00
2.202646670313479626e+04,2.202646670313479626e+04,1.000000041200590495e+00,1.000000041238030990e+00,0.000000000000000000e+00,1.000000000037406522e+00
2.202646670231085955e+04,2.202646670231085955e+04,1.000000041163183750e+00,1.000000041200624468e+00,9.999546433301452764e-01,0.000000000000000000e+00
0.000000000000000000e+00,4.539992976248484740e-05,4.539786870243863652e-05,4.539786870243865007e-05,4.539993163298953441e-05,9.990924958951478141e-01
4.539992976248484740e-05,0.000000000000000000e+00,4.539786870243863652e-05,4.539786870243865007e-05,4.539993163298953441e-05,9.990924958951478141e-01
1.000000000037440495e+00,1.000000000037440495e+00,0.000000000000000000e+00,9.999546021688301423e-01,1.000000041238047865e+00,2.200647668750647790e+04
1.000000000000000000e+00,1.000000000000000000e+00,9.999546021313910904e-01,0.000000000000000000e+00,1.000000041200607370e+00,2.200647668668254482e+04
1.000045399929668788e+00,1.000045399929668788e+00,9.999999999999997780e-01,1.000000000000000000e+00,0.000000000000000000e+00,2.200747577917637682e+04
1.000000041200624468e+00,1.000000041200624468e+00,9.999546433301450543e-01,9.999546433301452764e-01,1.000000082401233614e+00,0.000000000000000000e+00
0.000000000000000000e+00,2.202646579480671789e+04,9.999546021312976096e-01,1.000000000000000000e+00,9.999999587619707864e-01,1.000000041238047865e+00
2.202646579480671789e+04,0.000000000000000000e+00,9.999546021312976096e-01,1.000000000000000000e+00,9.999999587619707864e-01,1.000000041238047865e+00
2.202746579480465880e+04,2.202746579480465880e+04,0.000000000000000000e+00,1.000045399929669010e+00,1.000045358689767516e+00,1.000045441169589155e+00
2.202746579480465152e+04,2.202746579480465152e+04,9.999999999999062972e-01,0.000000000000000000e+00,1.000045358689767294e+00,1.000045441169588933e+00
2.202646488730298370e+04,2.202646488730298370e+04,9.999545609325622975e-01,9.999999587993942951e-01,0.000000000000000000e+00,1.000000000037440495e+00
1.000908328416618920e+00,1.000908328416618920e+00,4.543910487663074598e-05,4.544116780880061521e-05,4.544116593489640551e-05,0.000000000000000000e+00
0.000000000000000000e+00,4.539992976248484740e-05,4.539786870243863652e-05,4.539786870243863652e-05,4.539993163639068340e-05,4.539992789197947598e-05
1.000000000000000000e+00,0.000000000000000000e+00,4.539786870243863652e-05,4.539786870243863652e-05,4.539993163639068340e-05,4.539992789197947598e-05
2.202746579480671789e+04,1.000045399929762491e+00,0.000000000000000000e+00,1.000000000000093481e+00,1.000045441207159103e+00,1.000045358727269296e+00
2.202646579480671789e+04,1.000000000000000000e+00,9.999546021313910904e-01,0.000000000000000000e+00,1.000000041275522777e+00,9.999999587993773087e-01
2.202646670313479626e+04,1.000000041238030990e+00,9.999546433675499113e-01,9.999546433675499113e-01,0.000000000000000000e+00,1.000000000037406522e+00
2.202646488647830120e+04,9.999999587619536889e-01,9.999545608952169484e-01,9.999545608952169484e-01,1.000000000037474912e+00,0.000000000000000000e+00
0.000000000000000000e+00,4.539992976248484740e-05,4.539786870243863652e-05,4.539992976248484740e-05,4.539786870243865007e-05,4.539993163468933302e-05
2.202646579480671789e+04,0.000000000000000000e+00,9.999546021313910904e-01,1.000000000000000000e+00,9.999546021313913124e-01,1.000000041238047865e+00
2.202746579480465880e+04,1.000045399929669010e+00,0.000000000000000000e+00,1.000045399929669010e+00,1.000000000000000222e+00,1.000045441169589155e+00
2.202746579480465880e+04,1.000045399929669010e+00,1.000000000000000000e+00,0.000000000000000000e+00,1.000000000000000222e+00,1.000045441169589155e+00
2.202646488565286563e+04,9.999999587244788879e-01,9.999545608577438127e-01,9.999999587244788879e-01,0.000000000000000000e+00,9.999999999625251990e-01
2.202646670231085955e+04,1.000000041200624468e+00,9.999546433301450543e-01,1.000000041200624468e+00,9.999546433301452764e-01,0.000000000000000000e+00
0.000000000000000000e+00,1.000000000000000000e+00,4.539992789197948276e-05,4.539992976248484740e-05,4.539993163639068340e-05,4.539993163468933302e-05
2.202646579480671789e+04,0.000000000000000000e+00,9.999999587993775307e-01,1.000000000000000000e+00,1.000000041275522777e+00,1.000000041238047865e+00
2.202746579480465880e+04,2.202746579480465880e+04,0.000000000000000000e+00,1.000045399929669010e+00,1.000045441207065622e+00,1.000045441169589155e+00
2.202646579480671789e+04,2.202646579480671789e+04,9.999999587993775307e-01,0.000000000000000000e+00,1.000000041275522777e+00,1.000000041238047865e+00
2.202746579480465152e+04,2.202746579480465152e+04,1.000045358727175815e+00,1.000045399929668788e+00,0.000000000000000000e+00,1.000045441169588933e+00
2.202646488647830120e+04,2.202646488647830120e+04,9.999999175613329960e-01,9.999999587619536889e-01,1.000000000037474912e+00,0.000000000000000000e+00
0.000000000000000000e+00,1.000000000000000000e+00,4.539992976418620455e-05,4.539786870243865007e-05,4.539993163639068340e-05,9.990924958951478141e-01
1.000000000000000000e+00,0.000000000000000000e+00,4.539992976418620455e-05,4.539786870243865007e-05,4.539993163639068340e-05,9.990924958951478141e-01
2.202646670231085591e+04,2.202646670231085591e+04,0.000000000000000000e+00,9.999546433301450543e-01,1.000000082476148577e+00,2.200647759336312083e+04
2.202646579480671789e+04,2.202646579480671789e+04,1.000000000037474912e+00,0.000000000000000000e+00,1.000000041275522777e+00,2.200647668668254482e+04
2.202646488565286563e+04,2.202646488565286563e+04,9.999999587619536889e-01,9.999545608577440348e-01,0.000000000000000000e+00,2.200647577835374977e+04
2.202646488647830120e+04,2.202646488647830120e+04,9.999999587994286010e-01,9.999545608952171705e-01,1.000000000037474912e+00,0.000000000000000000e+00
0.000000000000000000e+00,1.000000000000000000e+00,4.539992976418620455e-05,4.539993163469088479e-05,9.990916719578841754e-01,9.990924958951478141e-01
4.539992976248484740e-05,0.000000000000000000e+00,4.539992976418620455e-05,4.539993163469088479e-05,9.990916719578841754e-01,9.990924958951478141e-01
9.999999999625251990e-01,2.202646579398127869e+04,0.000000000000000000e+00,1.000000041200607370e+00,2.200645853743190310e+04,2.200647668585785505e+04
1.000045399929668788e+00,2.202746579480465152e+04,1.000045399967145254e+00,0.000000000000000000e+00,2.200745762992648451e+04,2.200747577917637682e+04
9.999999587244788879e-01,2.202646488565286563e+04,9.999999587619536889e-01,9.999999999625593938e-01,0.000000000000000000e+00,2.200647577835374977e+04
4.544116780880061521e-05,1.000908328416618920e+00,4.544116781050351058e-05,4.544116968270722371e-05,9.999991753143308015e-01,0.000000000000000000e+00
0.000000000000000000e+00,2.202646579480671789e+04,9.999999999625253100e-01,1.000000041238082060e+00,2.200645853825658924e+04,2.200647668668254482e+04
1.000000000000000000e+00,0.000000000000000000e+00,4.539992976078349702e-05,4.539993163469088479e-05,9.990916719578841754e-01,9.990924958951478141e-01
2.202646579398127869e+04,2.202646579398127869e+04,0.000000000000000000e+00,1.000000041200607370e+00,2.200645853743190310e+04,2.200647668585785505e+04
2.202646488647754813e+04,2.202646488647754813e+04,9.999999587244448040e-01,0.000000000000000000e+00,2.200645763075248396e+04,2.200647577917768649e+04
1.000909153852054256e+00,1.000909153852054256e+00,4.544120528180850690e-05,4.544120715741956253e-05,0.000000000000000000e+00,1.000000824686349432e+00
1.000908328416618920e+00,1.000908328416618920e+00,4.544116780709771985e-05,4.544116968270722371e-05,9.999991753143308015e-01,0.000000000000000000e+00
0.000000000000000000e+00,4.539992976248484740e-05,9.981849914538160062e-01,4.539993163468778804e-05,9.990916719578841754e-01,9.990924958951478141e-01
1.000000000000000000e+00,0.000000000000000000e+00,9.981849914538160062e-01,4.539993163468778804e-05,9.990916719578841754e-01,9.990924958951478141e-01
2.202646579563215346e+04,1.000000000037474690e+00,0.000000000000000000e+00,1.000000041275488805e+00,2.200645853908127538e+04,2.200647668750723096e+04
2.202646488647754813e+04,9.999999587619194941e-01,2.198648666446637071e+04,0.000000000000000000e+00,2.200645763075248396e+04,2.200647577917768649e+04
1.000909153852054256e+00,4.544120528351140226e-05,9.990924951838588974e-01,4.544120715741645900e-05,0.000000000000000000e+00,1.000000824686349432e+00
1.000908328416618920e+00,4.544116780880061521e-05,9.990916712465959248e-01,4.544116968270412696e-05,9.999991753143308015e-01,0.000000000000000000e+00
0.000000000000000000e+00,4.539992976248484740e-05,9.981849914538160062e-01,9.990908465228237612e-01,9.990916719578841754e-01,4.539993163468933302e-05
1.000000000000000000e+00,0.000000000000000000e+00,2.198648757114691398e+04,2.200644035683946640e+04,2.200645853825658924e+04,1.000000041238047865e+00
4.548248085393639684e-05,4.548248085393639684e-05,0.000000000000000000e+00,1.000907502193244314e+00,1.000908329129200469e+00,4.548248272954512144e-05
9.999999587619876618e-01,9.999999587619876618e-01,2.198648666446786956e+04,0.000000000000000000e+00,2.200645763075398281e+04,1.000000000000033973e+00
4.544120528351140226e-05,4.544120528351140226e-05,9.990924951838588974e-01,9.999991738144921039e-01,0.000000000000000000e+00,4.544120715741800399e-05
4.544116780880061521e-05,4.544116780880061521e-05,9.990916712465959248e-01,9.999983491295042493e-01,9.999991753143308015e-01,0.000000000000000000e+00
0.000000000000000000e+00,2.202646579480671789e+04,9.999999999625253100e-01,2.200644035683946640e+04,1.000000041275522777e+00,1.000000041238047865e+00
1.000000000000000000e+00,0.000000000000000000e+00,9.999999999625253100e-01,2.200644035683946640e+04,1.000000041275522777e+00,1.000000041238047865e+00
4.548248085393639684e-05,1.001818308792181478e+00,0.000000000000000000e+00,1.000907502193244314e+00,4.548248273124956857e-05,4.548248272954512144e-05
4.544124282640768427e-05,1.000909980789375098e+00,4.544124282470478891e-05,0.000000000000000000e+00,4.544124470201873990e-05,4.544124470031583776e-05
4.544120528351140226e-05,1.000909153852054256e+00,4.544120528180850690e-05,9.999991738144921039e-01,0.000000000000000000e+00,4.544120715741800399e-05
9.999999587619536889e-01,2.202646488647830120e+04,9.999999587244789989e-01,2.200643944933685998e+04,1.000000000037474912e+00,0.000000000000000000e+00
0.000000000000000000e+00,2.202646579480671789e+04,9.999546021313913124e-01,1.000000041238013893e+00,9.999546021313913124e-01,2.200647668668254482e+04
1.000000000000000000e+00,0.000000000000000000e+00,4.539786870243865007e-05,4.539993163468778804e-05,4.539786870243865007e-05,9.990924958951478141e-01
2.202646579563215346e+04,2.202646579563215346e+04,0.000000000000000000e+00,1.000000041275488805e+00,9.999546021688643371e-01,2.200647668750723096e+04
1.000909980789375098e+00,1.000909980789375098e+00,4.543917989083643566e-05,0.000000000000000000e+00,4.543917989083643566e-05,1.000001650873221237e+00
2.202646488565286563e+04,2.202646488565286563e+04,9.999545608577440348e-01,9.999999999624912261e-01,0.000000000000000000e+00,2.200647577835374977e+04
2.202646488647830120e+04,2.202646488647830120e+04,9.999545608952171705e-01,9.999999999999660272e-01,9.999545608952171705e-01,0.000000000000000000e+00
0.000000000000000000e+00,1.000000000000000000e+00,4.539992789197948276e-05,4.539992976248484740e-05,9.990916719578841754e-01,9.990924958951478141e-01
1.000000000000000000e+00,0.000000000000000000e+00,4.539992789197948276e-05,4.539992976248484740e-05,9.990916719578841754e-01,9.990924958951478141e-01
2.202746579480465152e+04,2.202746579480465152e+04,0.000000000000000000e+00,1.000045399929668788e+00,2.200745762992648451e+04,2.200747577917637682e+04
2.202646488647905062e+04,2.202646488647905062e+04,9.999999175613669689e-01,0.000000000000000000e+00,2.200645763075398281e+04,2.200647577917918898e+04
2.202746579480465152e+04,2.202746579480465152e+04,1.000045358727175815e+00,1.000045399929668788e+00,0.000000000000000000e+00,2.200747577917637682e+04
1.000908328416618920e+00,1.000908328416618920e+00,4.544116593659621090e-05,4.544116780880061521e-05,9.999991753143308015e-01,0.000000000000000000e+00
0.000000000000000000e+00,1.000000000000000000e+00,9.981849914538160062e-01,4.539993163298953441e-05,9.990916719578841754e-01,9.990924958951478141e-01
1.000000000000000000e+00,0.000000000000000000e+00,9.981849914538160062e-01,4.539993163298953441e-05,9.990916719578841754e-01,9.990924958951478141e-01
2.202646670231085591e+04,2.202646670231085591e+04,0.000000000000000000e+00,1.000000082401233392e+00,2.200645944493641582e+04,2.200647759336312083e+04
2.202646579480671789e+04,2.202646579480671789e+04,2.198648757114691398e+04,0.000000000000000000e+00,2.200645853825658924e+04,2.200647668668254482e+04
1.000909153852054256e+00,1.000909153852054256e+00,9.990924951838588974e-01,4.544120715571666039e-05,0.000000000000000000e+00,1.000000824686349432e+00
1.000908328416618920e+00,1.000908328416618920e+00,9.990916712465959248e-01,4.544116968100432835e-05,9.999991753143308015e-01,0.000000000000000000e+00
0.000000000000000000e+00,1.000000000000000000e+00,9.981849914538160062e-01,9.990908465228237612e-01,9.990916719578841754e-01,9.990924958951478141e-01
1.000000000000000000e+00,0.000000000000000000e+00,9.981849914538160062e-01,9.990908465228237612e-01,9.990916719578841754e-01,9.990924958951478141e-01
1.001818308792181478e+00,1.001818308792181478e+00,0.000000000000000000e+00,1.000907502193244314e+00,1.000908329129200469e+00,1.000909154564636472e+00
2.202646488730298370e+04,2.202646488730298370e+04,2.198648666529030743e+04,0.000000000000000000e+00,2.200645763157717010e+04,2.200647578000237627e+04
1.000909153852054256e+00,1.000909153852054256e+00,9.990924951838588974e-01,9.999991738144921039e-01,0.000000000000000000e+00,1.000000824686349432e+00
1.000908328416618920e+00,1.000908328416618920e+00,9.990916712465959248e-01,9.999983491295042493e-01,9.999991753143308015e-01,0.000000000000000000e+00
0.000000000000000000e+00,1.000000000000000000e+00,9.981849914538160062e-01,9.990908465228237612e-01,4.539992789028121558e-05,9.990924958951478141e-01
1.000000000000000000e+00,0.000000000000000000e+00,9.981849914538160062e-01,9.990908465228237612e-01,4.539992789028121558e-05,9.990924958951478141e-01
1.001818308792181478e+00,1.001818308792181478e+00,0.000000000000000000e+00,1.000907502193244314e+00,4.548247897832851928e-05,1.000909154564636472e+00
1.000909980789375098e+00,1.000909980789375098e+00,9.990933206202814443e-01,0.000000000000000000e+00,4.544124095250038459e-05,1.000001650873221237e+00
1.000909153852054256e+00,1.000909153852054256e+00,9.990924951838588974e-01,9.999991738144921039e-01,0.000000000000000000e+00,1.000000824686349432e+00
1.000908328416618920e+00,1.000908328416618920e+00,9.990916712465959248e-01,9.999983491295042493e-01,4.544116593489640551e-05,0.000000000000000000e+00
0.000000000000000000e+00,1.000000000000000000e+00,4.539992976078505556e-05,9.990908465228237612e-01,9.990916719578841754e-01,9.990924958951478141e-01
1.000000000000000000e+00,0.000000000000000000e+00,4.539992976078505556e-05,9.990908465228237612e-01,9.990916719578841754e-01,9.990924958951478141e-01
1.001818308792181478e+00,1.001818308792181478e+00,0.000000000000000000e+00,1.000907502193244314e+00,1.000908329129200469e+00,1.000909154564636472e+00
1.000909980789375098e+00,1.000909980789375098e+00,4.544124282470634067e-05,0.000000000000000000e+00,1.000000826186190572e+00,1.000001650873221237e+00
2.202646670313479626e+04,2.202646670313479626e+04,1.000000041200590495e+00,2.200644126434173450e+04,0.000000000000000000e+00,2.200647759418631176e+04
1.000908328416618920e+00,1.000908328416618920e+00,4.544116780709927161e-05,9.999983491295042493e-01,9.999991753143308015e-01,0.000000000000000000e+00
0.000000000000000000e+00,1.000000000000000000e+00,9.981849914538160062e-01,4.539786870243865007e-05,9.990916719578841754e-01,9.990924958951478141e-01
4.539992976248484740e-05,0.000000000000000000e+00,9.981849914538160062e-01,4.539786870243865007e-05,9.990916719578841754e-01,9.990924958951478141e-01
1.000000000037440495e+00,2.202646579563140040e+04,0.000000000000000000e+00,9.999546021688301423e-01,2.200645853908052231e+04,2.200647668750647790e+04
4.544124282640768427e-05,1.000909980789375098e+00,9.990933206202814443e-01,0.000000000000000000e+00,1.000000826186190572e+00,1.000001650873221237e+00
4.544120528351140226e-05,1.000909153852054256e+00,9.990924951838588974e-01,4.543914234964451947e-05,0.000000000000000000e+00,1.000000824686349432e+00
4.544116780880061521e-05,1.000908328416618920e+00,9.990916712465959248e-01,4.543910487663500148e-05,9.999991753143308015e-01,0.000000000000000000e+00
0.000000000000000000e+00,2.202646579480671789e+04,9.999999999625253100e-01,2.200644035683946640e+04,9.999999587619707864e-01,9.999999587993773087e-01
4.539992976248484740e-05,0.000000000000000000e+00,4.539992976078349702e-05,9.990908465228237612e-01,4.539992789028121558e-05,4.539992789197947598e-05
4.548248085393639684e-05,1.001818308792181478e+00,0.000000000000000000e+00,1.000907502193244314e+00,4.548247897832851928e-05,4.548247898002986289e-05
1.000045399929668788e+00,2.202746579480465152e+04,1.000045399892192322e+00,0.000000000000000000e+00,1.000045358689767294e+00,1.000045358727175593e+00
4.544120528351140226e-05,1.000909153852054256e+00,4.544120528180850690e-05,9.999991738144921039e-01,0.000000000000000000e+00,4.544120341130545297e-05
4.544116780880061521e-05,1.000908328416618920e+00,4.544116780709771985e-05,9.999983491295042493e-01,4.544116593489640551e-05,0.000000000000000000e+00
0.000000000000000000e+00,2.202646579480671789e+04,9.999546021313913124e-01,9.999546021313913124e-01,9.999546021313913124e-01,9.999999587993773087e-01
1.000000000000000000e+00,0.000000000000000000e+00,4.539786870243865007e-05,4.539786870243865007e-05,4.539786870243865007e-05,4.539992789197947598e-05
2.202646579563215346e+04,2.202646579563215346e+04,0.000000000000000000e+00,9.999546021688643371e-01,9.999546021688643371e-01,9.999999588368519987e-01
1.000909980789375098e+00,1.000909980789375098e+00,4.543917989083643566e-05,0.000000000000000000e+00,4.543917989083643566e-05,4.544124095420018998e-05
2.202646670313479626e+04,2.202646670313479626e+04,9.999546433675501333e-01,9.999546433675501333e-01,0.000000000000000000e+00,1.000000000037406522e+00
2.202646670231085955e+04,2.202646670231085955e+04,9.999546433301452764e-01,9.999546433301452764e-01,9.999546433301452764e-01,0.000000000000000000e+00
0.000000000000000000e+00,1.000000000000000000e+00,4.539786870243863652e-05,4.539786870243863652e-05,4.539786870243865007e-05,9.990924958951478141e-01
4.539992976248484740e-05,0.000000000000000000e+00,4.539786870243863652e-05,4.539786870243863652e-05,4.539786870243865007e-05,9.990924958951478141e-01
1.000045399929668788e+00,2.202746579480465152e+04,0.000000000000000000e+00,9.999999999999997780e-01,1.000000000000000000e+00,2.200747577917637682e+04
1.000045399929668788e+00,2.202746579480465152e+04,9.999999999999997780e-01,0.000000000000000000e+00,1.000000000000000000e+00,2.200747577917637682e+04
1.000045399929668788e+00,2.202746579480465152e+04,9.999999999999997780e-01,9.999999999999997780e-01,0.000000000000000000e+00,2.200747577917637682e+04
1.000000041200624468e+00,2.202646670231085955e+04,9.999546433301450543e-01,9.999546433301450543e-01,9.999546433301452764e-01,0.000000000000000000e+00
0.000000000000000000e+00,2.202646579480671789e+04,9.999546021313913124e-01,1.000000000000000000e+00,2.200645853825658924e+04,9.999999587993773087e-01
1.000000000000000000e+00,0.000000000000000000e+00,4.539786870243865007e-05,4.539992976248484740e-05,9.990916719578841754e-01,4.539992789197947598e-05
2.202746579480465880e+04,2.202746579480465880e+04,0.000000000000000000e+00,1.000045399929669010e+00,2.200745762992648815e+04,1.000045358727175815e+00
2.202746579480465880e+04,2.202746579480465880e+04,1.000000000000000222e+00,0.000000000000000000e+00,2.200745762992648815e+04,1.000045358727175815e+00
2.202746579480465152e+04,2.202746579480465152e+04,1.000000000000000000e+00,1.000045399929668788e+00,0.000000000000000000e+00,1.000045358727175593e+00
1.000908328416618920e+00,1.000908328416618920e+00,4.543910487663500148e-05,4.544116780880061521e-05,9.999991753143308015e-01,0.000000000000000000e+00
0.000000000000000000e+00,1.000000000000000000e+00,9.981849914538160062e-01,4.539992976248484740e-05,4.539993163298953441e-05,9.990924958951478141e-01
4.539992976248484740e-05,0.000000000000000000e+00,9.981849914538160062e-01,4.539992976248484740e-05,4.539993163298953441e-05,9.990924958951478141e-01
1.000045399929668788e+00,2.202746579480465152e+04,0.000000000000000000e+00,1.000045399929668788e+00,1.000045441132146662e+00,2.200747577917637682e+04
1.000000000000000000e+00,2.202646579480671789e+04,2.198648757114691398e+04,0.000000000000000000e+00,1.000000041200607370e+00,2.200647668668254482e+04
4.544120528351140226e-05,1.000909153852054256e+00,9.990924951838588974e-01,4.544120528351140226e-05,0.000000000000000000e+00,1.000000824686349432e+00
1.000000041200624468e+00,2.202646670231085955e+04,2.198648847700392798e+04,1.000000041200624468e+00,1.000000082401233614e+00,0.000000000000000000e+00
0.000000000000000000e+00,1.000000000000000000e+00,9.999546021313913124e-01,2.200644035683946640e+04,2.200645853825658924e+04,9.999999587993773087e-01
4.539992976248484740e-05,0.000000000000000000e+00,4.539786870243865007e-05,9.990908465228237612e-01,9.990916719578841754e-01,4.539992789197947598e-05
4.548248085393639684e-05,4.548248085393639684e-05,0.000000000000000000e+00,1.000907502193244314e+00,1.000908329129200469e+00,4.548247898002986289e-05
1.000000000000000000e+00,1.000000000000000000e+00,9.999546021313913124e-01,0.000000000000000000e+00,2.200645853825658924e+04,9.999999587993773087e-01
9.999999587993942951e-01,9.999999587993942951e-01,9.999545609326560003e-01,2.200643945016079306e+04,0.000000000000000000e+00,9.999999175987732691e-01
4.544116780880061521e-05,4.544116780880061521e-05,4.543910487663500148e-05,9.999983491295042493e-01,9.999991753143308015e-01,0.000000000000000000e+00
0.000000000000000000e+00,1.000000000000000000e+00,9.999999999625253100e-01,1.000000000000000000e+00,9.999546021313913124e-01,9.999546021313913124e-01
1.000000000000000000e+00,0.000000000000000000e+00,9.999999999625253100e-01,1.000000000000000000e+00,9.999546021313913124e-01,9.999546021313913124e-01
1.000045399929668788e+00,1.000045399929668788e+00,0.000000000000000000e+00,1.000045399929668788e+00,1.000000000000000000e+00,1.000000000000000000e+00
4.544124282640768427e-05,4.544124282640768427e-05,4.544124282470478891e-05,0.000000000000000000e+00,4.543917989083643566e-05,4.543917989083643566e-05
4.544120528351140226e-05,4.544120528351140226e-05,4.544120528180850690e-05,4.544120528351140226e-05,0.000000000000000000e+00,4.543914234964451947e-05
1.000000041200624468e+00,1.000000041200624468e+00,1.000000041163149556e+00,1.000000041200624468e+00,9.999546433301452764e-01,0.000000000000000000e+00
0.000000000000000000e+00,2.202646579480671789e+04,9.999546021312976096e-01,1.000000041238013893e+00,1.000000000000000000e+00,9.999546021313913124e-01
2.202646579480671789e+04,0.000000000000000000e+00,9.999546021312976096e-01,1.000000041238013893e+00,1.000000000000000000e+00,9.999546021313913124e-01
2.202646579563215346e+04,2.202646579563215346e+04,0.000000000000000000e+00,1.000000041275488805e+00,1.000000000037474690e+00,9.999546021688643371e-01
2.202646579480671789e+04,2.202646579480671789e+04,9.999546021312976096e-01,0.000000000000000000e+00,1.000000000000000000e+00,9.999546021313913124e-01
2.202746579480465152e+04,2.202746579480465152e+04,9.999999999999062972e-01,1.000045441169554961e+00,0.000000000000000000e+00,1.000000000000000000e+00
2.202746579480465152e+04,2.202746579480465152e+04,9.999999999999062972e-01,1.000045441169554961e+00,1.000045399929668788e+00,0.000000000000000000e+00
0.000000000000000000e+00,1.000000000000000000e+00,4.539992976248484740e-05,4.539786870243863652e-05,4.539992976248484740e-05,4.539992789197947598e-05
4.539992976248484740e-05,0.000000000000000000e+00,4.539992976248484740e-05,4.539786870243863652e-05,4.539992976248484740e-05,4.539992789197947598e-05
1.000045399929762491e+00,2.202746579480671789e+04,0.000000000000000000e+00,1.000000000000093481e+00,1.000045399929762491e+00,1.000045358727269296e+00
9.999999587619876618e-01,2.202646488647905062e+04,9.999999587619876618e-01,0.000000000000000000e+00,9.999999587619876618e-01,9.999999175613667468e-01
1.000000000000000000e+00,2.202646579480671789e+04,1.000000000000000000e+00,9.999546021313910904e-01,0.000000000000000000e+00,9.999999587993773087e-01
1.000045399929668788e+00,2.202746579480465152e+04,1.000045399929668788e+00,9.999999999999997780e-01,1.000045399929668788e+00,0.000000000000000000e+00
0.000000000000000000e+00,2.202646579480671789e+04,9.999546021313913124e-01,1.000000041238047865e+00,1.000000041200607370e+00,2.200647668668254482e+04
1.000000000000000000e+00,0.000000000000000000e+00,4.539786870243865007e-05,4.539993163468933302e-05,4.539993163298953441e-05,9.990924958951478141e-01
2.202646579480671789e+04,2.202646579480671789e+04,0.000000000000000000e+00,1.000000041238047865e+00,1.000000041200607370e+00,2.200647668668254482e+04
2.202746579480465880e+04,2.202746579480465880e+04,1.000000000000000222e+00,0.000000000000000000e+00,1.000045441132146884e+00,2.200747577917638046e+04
2.202646579480671789e+04,2.202646579480671789e+04,9.999546021313913124e-01,1.000000041238047865e+00,0.000000000000000000e+00,2.200647668668254482e+04
2.202646670231085955e+04,2.202646670231085955e+04,9.999546433301452764e-01,1.000000082438674109e+00,1.000000082401233614e+00,0.000000000000000000e+00
0.000000000000000000e+00,1.000000000000000000e+00,4.539992976418310780e-05,4.539992976248484740e-05,9.990916719578841754e-01,9.990924958951478141e-01
1.000000000000000000e+00,0.000000000000000000e+00,4.539992976418310780e-05,4.539992976248484740e-05,9.990916719578841754e-01,9.990924958951478141e-01
2.202746579480465152e+04,2.202746579480465152e+04,0.000000000000000000e+00,1.000045399929668788e+00,2.200745762992648451e+04,2.200747577917637682e+04
2.202646488647830120e+04,2.202646488647830120e+04,9.999999587993604333e-01,0.000000000000000000e+00,2.200645763075323339e+04,2.200647577917843955e+04
2.202646488730298370e+04,2.202646488730298370e+04,9.999999588368009285e-01,9.999999587993942951e-01,0.000000000000000000e+00,2.200647578000237627e+04
1.000908328416618920e+00,1.000908328416618920e+00,4.544116781050041383e-05,4.544116780880061521e-05,9.999991753143308015e-01,0.000000000000000000e+00
0.000000000000000000e+00,1.000000000000000000e+00,9.981849914538160062e-01,4.539993163469087124e-05,9.990916719578841754e-01,9.990924958951478141e-01
1.000000000000000000e+00,0.000000000000000000e+00,9.981849914538160062e-01,4.539993163469087124e-05,9.990916719578841754e-01,9.990924958951478141e-01
2.202646579398278118e+04,2.202646579398278118e+04,0.000000000000000000e+00,1.000000041200675316e+00,2.200645853743340194e+04,2.200647668585935389e+04
2.202646579480671789e+04,2.202646579480671789e+04,2.198648757114691398e+04,0.000000000000000000e+00,2.200645853825658924e+04,2.200647668668254482e+04
1.000909153852054256e+00,1.000909153852054256e+00,9.990924951838588974e-01,4.544120715741954897e-05,0.000000000000000000e+00,1.000000824686349432e+00
1.000908328416618920e+00,1.000908328416618920e+00,9.990916712465959248e-01,4.544116968270721694e-05,9.999991753143308015e-01,0.000000000000000000e+00
0.000000000000000000e+00,4.539992976248484740e-05,9.981849914538160062e-01,9.990908465228237612e-01,9.990916719578841754e-01,4.539992789197947598e-05
1.000000000000000000e+00,0.000000000000000000e+00,9.981849914538160062e-01,9.990908465228237612e-01,9.990916719578841754e-01,4.539992789197947598e-05
1.001818308792181478e+00,4.548248085393639684e-05,0.000000000000000000e+00,1.000907502193244314e+00,1.000908329129200469e+00,4.548247898002986289e-05
2.202646488647755541e+04,9.999999587619197161e-01,2.198648666446637435e+04,0.000000000000000000e+00,2.200645763075248760e+04,9.999999175612988012e-01
1.000909153852054256e+00,4.544120528351140226e-05,9.990924951838588974e-01,9.999991738144921039e-01,0.000000000000000000e+00,4.544120341130545297e-05
1.000908328416618920e+00,4.544116780880061521e-05,9.990916712465959248e-01,9.999983491295042493e-01,9.999991753143308015e-01,0.000000000000000000e+00
0.000000000000000000e+00,4.539992976248484740e-05,9.981849914538160062e-01,4.539992788857987198e-05,4.539993163298953441e-05,4.539786870243865007e-05
2.202646579480671789e+04,0.000000000000000000e+00,2.198648757114691398e+04,9.999999587244959853e-01,1.000000041200607370e+00,9.999546021313913124e-01
1.001818308792181478e+00,4.548248085393639684e-05,0.000000000000000000e+00,4.548247897662407893e-05,4.548248272784223285e-05,4.548041604624659240e-05
1.000909980789375098e+00,4.544124282640768427e-05,9.990933206202814443e-01,0.000000000000000000e+00,4.544124469861449416e-05,4.543917989083643566e-05
1.000909153852054256e+00,4.544120528351140226e-05,9.990924951838588974e-01,4.544120340790275221e-05,0.000000000000000000e+00,4.543914234964451947e-05
2.202646670231085955e+04,1.000000041200624468e+00,2.198648847700392798e+04,9.999999999251186766e-01,1.000000082401233614e+00,0.000000000000000000e+00
0.000000000000000000e+00,1.000000000000000000e+00,4.539786870243863652e-05,4.539992788857987198e-05,4.539992976248484740e-05,4.539993163468933302e-05
2.202646579480671789e+04,0.000000000000000000e+00,9.999546021313910904e-01,9.999999587244959853e-01,1.000000000000000000e+00,1.000000041238047865e+00
1.001818308792181478e+00,1.001818308792181478e+00,0.000000000000000000e+00,4.548247897662407893e-05,4.548248085393639684e-05,4.548248272954512144e-05
2.202646670396023183e+04,2.202646670396023183e+04,9.999546434050229360e-01,0.000000000000000000e+00,1.000000041275505680e+00,1.000000082513555322e+00
2.202646488730298370e+04,2.202646488730298370e+04,9.999545609326557782e-01,9.999999175238920568e-01,0.000000000000000000e+00,1.000000000037440495e+00
2.202746579480465152e+04,2.202746579480465152e+04,9.999999999999997780e-01,1.000045358652290828e+00,1.000045399929668788e+00,0.000000000000000000e+00
0.000000000000000000e+00,1.000000000000000000e+00,4.539786870243863652e-05,4.539786870243863652e-05,4.539993163639068340e-05,9.990924958951478141e-01
1.000000000000000000e+00,0.000000000000000000e+00,4.539786870243863652e-05,4.539786870243863652e-05,4.539993163639068340e-05,9.990924958951478141e-01
2.202746579480465880e+04,2.202746579480465880e+04,0.000000000000000000e+00,1.000000000000000000e+00,1.000045441207065622e+00,2.200747577917638046e+04
2.202646670396023183e+04,2.202646670396023183e+04,9.999546434050229360e-01,0.000000000000000000e+00,1.000000082551030234e+00,2.200647759501099790e+04
2.202646579480671789e+04,2.202646579480671789e+04,9.999546021313910904e-01,9.999546021313910904e-01,0.000000000000000000e+00,2.200647668668254482e+04
2.202646488647830120e+04,2.202646488647830120e+04,9.999545608952169484e-01,9.999545608952169484e-01,1.000000000037474912e+00,0.000000000000000000e+00
0.000000000000000000e+00,1.000000000000000000e+00,4.539992976418620455e-05,4.539992976248484740e-05,4.539992789028121558e-05,4.539992789197947598e-05
1.000000000000000000e+00,0.000000000000000000e+00,4.539992976418620455e-05,4.539992976248484740e-05,4.539992789028121558e-05,4.539992789197947598e-05
2.202746579480465880e+04,2.202746579480465880e+04,0.000000000000000000e+00,1.000045399929669010e+00,1.000045358689767516e+00,1.000045358727175815e+00
2.202746579480465880e+04,2.202746579480465880e+04,1.000045399967145476e+00,0.000000000000000000e+00,1.000045358689767516e+00,1.000045358727175815e+00
2.202646488565286563e+04,2.202646488565286563e+04,9.999999587619536889e-01,9.999999587244788879e-01,0.000000000000000000e+00,9.999999175238578619e-01
1.000908328416618920e+00,1.000908328416618920e+00,4.544116781050351058e-05,4.544116780880061521e-05,4.544116593489640551e-05,0.000000000000000000e+00
0.000000000000000000e+00,4.539992976248484740e-05,4.539992976078505556e-05,4.539993163469088479e-05,4.539993163298953441e-05,9.990924958951478141e-01
1.000000000000000000e+00,0.000000000000000000e+00,4.539992976078505556e-05,4.539993163469088479e-05,4.539993163298953441e-05,9.990924958951478141e-01
2.202646579398127869e+04,9.999999999625251990e-01,0.000000000000000000e+00,1.000000041200607370e+00,1.000000041163132680e+00,2.200647668585785505e+04
2.202646579480671789e+04,1.000000000000000000e+00,9.999999999625595049e-01,0.000000000000000000e+00,1.000000041200607370e+00,2.200647668668254482e+04
2.202646670313479626e+04,1.000000041238030990e+00,1.000000041200590495e+00,1.000000082476114827e+00,0.000000000000000000e+00,2.200647759418631176e+04
2.202646670231085955e+04,1.000000041200624468e+00,1.000000041163183750e+00,1.000000082438708304e+00,1.000000082401233614e+00,0.000000000000000000e+00
0.000000000000000000e+00,1.000000000000000000e+00,4.539992976418310780e-05,4.539993163468778804e-05,9.990916719578841754e-01,4.539993163468933302e-05
2.202646579480671789e+04,0.000000000000000000e+00,1.000000000037406744e+00,1.000000041238013893e+00,2.200645853825658924e+04,1.000000041238047865e+00
2.202646579563140040e+04,2.202646579563140040e+04,0.000000000000000000e+00,1.000000041275454610e+00,2.200645853908052231e+04,1.000000041275488583e+00
2.202646488647754813e+04,2.202646488647754813e+04,9.999999587993262384e-01,0.000000000000000000e+00,2.200645763075248396e+04,9.999999999999658051e-01
2.202646488730298370e+04,2.202646488730298370e+04,9.999999588368009285e-01,1.000000000037406522e+00,0.000000000000000000e+00,1.000000000037440495e+00
1.000908328416618920e+00,1.000908328416618920e+00,4.544116781050041383e-05,4.544116968270412696e-05,9.999991753143308015e-01,0.000000000000000000e+00
0.000000000000000000e+00,1.000000000000000000e+00,9.981849914538160062e-01,4.539993163469087124e-05,4.539993163639068340e-05,9.990924958951478141e-01
1.000000000000000000e+00,0.000000000000000000e+00,9.981849914538160062e-01,4.539993163469087124e-05,4.539993163639068340e-05,9.990924958951478141e-01
2.202646579398278118e+04,2.202646579398278118e+04,0.000000000000000000e+00,1.000000041200675316e+00,1.000000041238116033e+00,2.200647668585935389e+04
2.202646488647905062e+04,2.202646488647905062e+04,2.198648666446786956e+04,0.000000000000000000e+00,1.000000000037508885e+00,2.200647577917918898e+04
1.000909153852054256e+00,1.000909153852054256e+00,9.990924951838588974e-01,4.544120715741954897e-05,0.000000000000000000e+00,1.000000824686349432e+00
2.202646488647830120e+04,2.202646488647830120e+04,2.198648666446712014e+04,1.000000000000033973e+00,1.000000000037474912e+00,0.000000000000000000e+00
0.000000000000000000e+00,1.000000000000000000e+00,4.539992976418620455e-05,9.990908465228237612e-01,4.539992789028121558e-05,9.990924958951478141e-01
4.539992976248484740e-05,0.000000000000000000e+00,4.539992976418620455e-05,9.990908465228237612e-01,4.539992789028121558e-05,9.990924958951478141e-01
4.548248085393639684e-05,1.001818308792181478e+00,0.000000000000000000e+00,1.000907502193244314e+00,4.548247897832851928e-05,1.000909154564636472e+00
9.999999587619197161e-01,2.202646488647755541e+04,9.999999587993946282e-01,0.000000000000000000e+00,9.999999175238922788e-01,2.200647577917769377e+04
9.999999587244788879e-01,2.202646488565286563e+04,9.999999587619536889e-01,2.200643944851217384e+04,0.000000000000000000e+00,2.200647577835374977e+04
4.544116780880061521e-05,1.000908328416618920e+00,4.544116781050351058e-05,9.999983491295042493e-01,4.544116593489640551e-05,0.000000000000000000e+00
0.000000000000000000e+00,2.202646579480671789e+04,9.999546021313913124e-01,1.000000041238082060e+00,9.999999587619707864e-01,9.999999587993773087e-01
4.539992976248484740e-05,0.000000000000000000e+00,4.539786870243865007e-05,4.539993163469088479e-05,4.539992789028121558e-05,4.539992789197947598e-05
9.999999999625251990e-01,2.202646579398127869e+04,0.000000000000000000e+00,1.000000041200607370e+00,9.999999587244958743e-01,9.999999587619025077e-01
4.544124282640768427e-05,1.000909980789375098e+00,4.543917989083643566e-05,0.000000000000000000e+00,4.544124095250038459e-05,4.544124095420018998e-05
1.000000041238030990e+00,2.202646670313479626e+04,9.999546433675501333e-01,1.000000082476114827e+00,0.000000000000000000e+00,1.000000000037406522e+00
4.544116780880061521e-05,1.000908328416618920e+00,4.543910487663500148e-05,4.544116968270722371e-05,4.544116593489640551e-05,0.000000000000000000e+00
0.000000000000000000e+00,1.000000000000000000e+00,9.999546021313913124e-01,1.000000000000000000e+00,9.999546021313913124e-01,2.200647668668254482e+04
1.000000000000000000e+00,0.000000000000000000e+00,4.539786870243865007e-05,4.539992976248484740e-05,4.539786870243865007e-05,9.990924958951478141e-01
2.202746579480465152e+04,1.000045399929668788e+00,0.000000000000000000e+00,1.000045399929668788e+00,1.000000000000000000e+00,2.200747577917637682e+04
2.202646488647754813e+04,9.999999587619194941e-01,9.999545608951829756e-01,0.000000000000000000e+00,9.999545608951829756e-01,2.200647577917768649e+04
2.202646670313479626e+04,1.000000041238030990e+00,9.999546433675501333e-01,1.000000041238030990e+00,0.000000000000000000e+00,2.200647759418631176e+04
2.202646670231085955e+04,1.000000041200624468e+00,9.999546433301452764e-01,1.000000041200624468e+00,9.999546433301452764e-01,0.000000000000000000e+00
0.000000000000000000e+00,4.539992976248484740e-05,4.539992789197948276e-05,4.539786870243863652e-05,9.990916719578841754e-01,4.539993163468933302e-05
2.202646579480671789e+04,0.000000000000000000e+00,9.999999587993775307e-01,9.999546021313910904e-01,2.200645853825658924e+04,1.000000041238047865e+00
2.202746579480465152e+04,1.000045399929668788e+00,0.000000000000000000e+00,9.999999999999997780e-01,2.200745762992648451e+04,1.000045441169588933e+00
2.202646579480671789e+04,1.000000000000000000e+00,9.999999587993775307e-01,0.000000000000000000e+00,2.200645853825658924e+04,1.000000041238047865e+00
2.202746579480465152e+04,1.000045399929668788e+00,1.000045358727175815e+00,9.999999999999997780e-01,0.000000000000000000e+00,1.000045441169588933e+00
1.000908328416618920e+00,4.544116780880061521e-05,4.544116593659621090e-05,4.543910487663499470e-05,9.999991753143308015e-01,0.000000000000000000e+00
0.000000000000000000e+00,1.000000000000000000e+00,9.981849914538160062e-01,4.539786870243865007e-05,4.539993163639068340e-05,4.539993163468933302e-05
2.202646579480671789e+04,0.000000000000000000e+00,2.198648757114691398e+04,9.999546021313913124e-01,1.000000041275522777e+00,1.000000041238047865e+00
2.202646670231085591e+04,2.202646670231085591e+04,0.000000000000000000e+00,9.999546433301450543e-01,1.000000082476148577e+00,1.000000082438673887e+00
2.202746579480465880e+04,2.202746579480465880e+04,2.198748575613630965e+04,0.000000000000000000e+00,1.000045441207065622e+00,1.000045441169589155e+00
1.000909153852054256e+00,1.000909153852054256e+00,9.990924951838588974e-01,4.543914234964451947e-05,0.000000000000000000e+00,4.544120715741800399e-05
2.202646488647830120e+04,2.202646488647830120e+04,2.198648666446712014e+04,9.999545608952171705e-01,1.000000000037474912e+00,0.000000000000000000e+00
0.000000000000000000e+00,1.000000000000000000e+00,4.539992976418620455e-05,9.990908465228237612e-01,4.539993163639068340e-05,9.990924958951478141e-01
1.000000000000000000e+00,0.000000000000000000e+00,4.539992976418620455e-05,9.990908465228237612e-01,4.539993163639068340e-05,9.990924958951478141e-01
1.001818308792181478e+00,1.001818308792181478e+00,0.000000000000000000e+00,1.000907502193244314e+00,4.548248273124956857e-05,1.000909154564636472e+00
2.202746579480465152e+04,2.202746579480465152e+04,1.000045399967145254e+00,0.000000000000000000e+00,1.000045441207065400e+00,2.200747577917637682e+04
2.202646488565286563e+04,2.202646488565286563e+04,9.999999587619536889e-01,2.200643944851217384e+04,0.000000000000000000e+00,2.200647577835374977e+04
2.202646488647830120e+04,2.202646488647830120e+04,9.999999587994286010e-01,2.200643944933685998e+04,1.000000000037474912e+00,0.000000000000000000e+00
0.000000000000000000e+00,1.000000000000000000e+00,4.539786870243863652e-05,4.539993163469088479e-05,9.990916719578841754e-01,4.539992789197947598e-05
1.000000000000000000e+00,0.000000000000000000e+00,4.539786870243863652e-05,4.539993163469088479e-05,9.990916719578841754e-01,4.539992789197947598e-05
2.202646579398127869e+04,2.202646579398127869e+04,0.000000000000000000e+00,1.000000041200607370e+00,2.200645853743190310e+04,9.999999587619025077e-01
1.000909980789375098e+00,1.000909980789375098e+00,4.543917989083642888e-05,0.000000000000000000e+00,1.000000826186190572e+00,4.544124095420018998e-05
2.202646488565286563e+04,2.202646488565286563e+04,9.999545608577438127e-01,9.999999999625593938e-01,0.000000000000000000e+00,9.999999175238578619e-01
1.000908328416618920e+00,1.000908328416618920e+00,4.543910487663499470e-05,4.544116968270722371e-05,9.999991753143308015e-01,0.000000000000000000e+00
0.000000000000000000e+00,1.000000000000000000e+00,9.981849914538160062e-01,4.539786870243863652e-05,4.539993163298953441e-05,9.990924958951478141e-01
4.539992976248484740e-05,0.000000000000000000e+00,9.981849914538160062e-01,4.539786870243863652e-05,4.539993163298953441e-05,9.990924958951478141e-01
1.000045399929669010e+00,2.202746579480465880e+04,0.000000000000000000e+00,1.000000000000000000e+00,1.000045441132146884e+00,2.200747577917638046e+04
9.999999587619194941e-01,2.202646488647754813e+04,2.198648666446637071e+04,0.000000000000000000e+00,9.999999999625253100e-01,2.200647577917768649e+04
4.544120528351140226e-05,1.000909153852054256e+00,9.990924951838588974e-01,4.543914234964451269e-05,0.000000000000000000e+00,1.000000824686349432e+00
1.000000041200624468e+00,2.202646670231085955e+04,2.198648847700392798e+04,9.999546433301450543e-01,1.000000082401233614e+00,0.000000000000000000e+00
0.000000000000000000e+00,2.202646579480671789e+04,9.999546021312976096e-01,9.999999587244959853e-01,9.999999587619707864e-01,9.999999587993773087e-01
1.000000000000000000e+00,0.000000000000000000e+00,4.539786870243439458e-05,4.539992788857987198e-05,4.539992789028121558e-05,4.539992789197947598e-05
1.001818308792181478e+00,1.001818308792181478e+00,0.000000000000000000e+00,4.548247897662407893e-05,4.548247897832851928e-05,4.548247898002986289e-05
2.202746579480465880e+04,2.202746579480465880e+04,9.999999999999065192e-01,0.000000000000000000e+00,1.000045358689767516e+00,1.000045358727175815e+00
2.202646488730298370e+04,2.202646488730298370e+04,9.999545609325622975e-01,9.999999175238920568e-01,0.000000000000000000e+00,9.999999175987732691e-01
1.000908328416618920e+00,1.000908328416618920e+00,4.543910487663074598e-05,4.544116593319351015e-05,4.544116593489640551e-05,0.000000000000000000e+00
0.000000000000000000e+00,1.000000000000000000e+00,4.539992976078505556e-05,4.539992976248484740e-05,4.539786870243865007e-05,9.990924958951478141e-01
4.539992976248484740e-05,0.000000000000000000e+00,4.539992976078505556e-05,4.539992976248484740e-05,4.539786870243865007e-05,9.990924958951478141e-01
1.000045399929762491e+00,2.202746579480671789e+04,0.000000000000000000e+00,1.000045399929762491e+00,1.000000000000093703e+00,2.200747577917843955e+04
1.000000041275505680e+00,2.202646670396023183e+04,1.000000041238065185e+00,0.000000000000000000e+00,9.999546434050231580e-01,2.200647759501099790e+04
1.000000041238030990e+00,2.202646670313479626e+04,1.000000041200590495e+00,1.000000041238030990e+00,0.000000000000000000e+00,2.200647759418631176e+04
1.000000041200624468e+00,2.202646670231085955e+04,1.000000041163183750e+00,1.000000041200624468e+00,9.999546433301452764e-01,0.000000000000000000e+00
0.000000000000000000e+00,2.202646579480671789e+04,9.999546021312976096e-01,9.999546021313913124e-01,9.999999587619707864e-01,9.999999587993773087e-01
4.539992976248484740e-05,0.000000000000000000e+00,4.539786870243439458e-05,4.539786870243865007e-05,4.539992789028121558e-05,4.539992789197947598e-05
1.000000000037440495e+00,2.202646579563140040e+04,0.000000000000000000e+00,9.999546021688301423e-01,9.999999587994112815e-01,9.999999588368178038e-01
1.000000000000000000e+00,2.202646579480671789e+04,9.999546021312976096e-01,0.000000000000000000e+00,9.999999587619707864e-01,9.999999587993773087e-01
1.000045399929668788e+00,2.202746579480465152e+04,9.999999999999062972e-01,1.000000000000000000e+00,0.000000000000000000e+00,1.000045358727175593e+00
4.544116780880061521e-05,1.000908328416618920e+00,4.543910487663074598e-05,4.543910487663500148e-05,4.544116593489640551e-05,0.000000000000000000e+00
0.000000000000000000e+00,2.202646579480671789e+04,9.999546021313913124e-01,1.000000000000000000e+00,1.000000041200607370e+00,2.200647668668254482e+04
4.539992976248484740e-05,0.000000000000000000e+00,4.539786870243865007e-05,4.539992976248484740e-05,4.539993163298953441e-05,9.990924958951478141e-01
1.000045399929762491e+00,2.202746579480671789e+04,0.000000000000000000e+00,1.000045399929762491e+00,1.000045441132240365e+00,2.200747577917843955e+04
1.000045399929668788e+00,2.202746579480465152e+04,1.000000000000000000e+00,0.000000000000000000e+00,1.000045441132146662e+00,2.200747577917637682e+04
1.000000041238030990e+00,2.202646670313479626e+04,9.999546433675501333e-01,1.000000041238030990e+00,0.000000000000000000e+00,2.200647759418631176e+04
1.000000041200624468e+00,2.202646670231085955e+04,9.999546433301452764e-01,1.000000041200624468e+00,1.000000082401233614e+00,0.000000000000000000e+00
0.000000000000000000e+00,1.000000000000000000e+00,9.999546021313913124e-01,1.000000000000000000e+00,2.200645853825658924e+04,2.200647668668254482e+04
1.000000000000000000e+00,0.000000000000000000e+00,4.539786870243865007e-05,4.539992976248484740e-05,9.990916719578841754e-01,9.990924958951478141e-01
2.202746579480465152e+04,1.000045399929668788e+00,0.000000000000000000e+00,1.000045399929668788e+00,2.200745762992648451e+04,2.200747577917637682e+04
2.202646579480671789e+04,1.000000000000000000e+00,9.999546021313913124e-01,0.000000000000000000e+00,2.200645853825658924e+04,2.200647668668254482e+04
2.202646488730298370e+04,9.999999587993942951e-01,9.999545609326560003e-01,9.999999587993942951e-01,0.000000000000000000e+00,2.200647578000237627e+04
1.000908328416618920e+00,4.544116780880061521e-05,4.543910487663500148e-05,4.544116780880061521e-05,9.999991753143308015e-01,0.000000000000000000e+00
0.000000000000000000e+00,4.539992976248484740e-05,9.981849914538160062e-01,4.539992976248484740e-05,4.539992789028121558e-05,4.539993163468933302e-05
1.000000000000000000e+00,0.000000000000000000e+00,2.198648757114691398e+04,1.000000000000000000e+00,9.999999587619707864e-01,1.000000041238047865e+00
1.000045399929668788e+00,1.000045399929668788e+00,0.000000000000000000e+00,1.000045399929668788e+00,1.000045358689767294e+00,1.000045441169588933e+00
1.000000000000000000e+00,1.000000000000000000e+00,2.198648757114691398e+04,0.000000000000000000e+00,9.999999587619707864e-01,1.000000041238047865e+00
4.544120528351140226e-05,4.544120528351140226e-05,9.990924951838588974e-01,4.544120528351140226e-05,0.000000000000000000e+00,4.544120715741800399e-05
4.544116780880061521e-05,4.544116780880061521e-05,9.990916712465959248e-01,4.544116780880061521e-05,4.544116593489640551e-05,0.000000000000000000e+00
0.000000000000000000e+00,2.202646579480671789e+04,9.999546021312976096e-01,2.200644035683946640e+04,9.999546021313913124e-01,1.000000041238047865e+00
2.202646579480671789e+04,0.000000000000000000e+00,9.999546021312976096e-01,2.200644035683946640e+04,9.999546021313913124e-01,1.000000041238047865e+00
1.001818308792181478e+00,1.001818308792181478e+00,0.000000000000000000e+00,1.000907502193244314e+00,4.548041604624659240e-05,4.548248272954512144e-05
2.202646579480671789e+04,2.202646579480671789e+04,9.999546021312976096e-01,0.000000000000000000e+00,9.999546021313913124e-01,1.000000041238047865e+00
2.202646670313479626e+04,2.202646670313479626e+04,9.999546433674564305e-01,2.200644126434173450e+04,0.000000000000000000e+00,1.000000082476080632e+00
2.202646488647830120e+04,2.202646488647830120e+04,9.999545608951234676e-01,2.200643944933685998e+04,9.999545608952171705e-01,0.000000000000000000e+00
0.000000000000000000e+00,4.539992976248484740e-05,4.539992789197948276e-05,4.539992976248484740e-05,4.539993163639068340e-05,9.990924958951478141e-01
1.000000000000000000e+00,0.000000000000000000e+00,4.539992789197948276e-05,4.539992976248484740e-05,4.539993163639068340e-05,9.990924958951478141e-01
2.202746579480671789e+04,1.000045399929762491e+00,0.000000000000000000e+00,1.000045399929762491e+00,1.000045441207159103e+00,2.200747577917843955e+04
1.000909980789375098e+00,4.544124282640768427e-05,4.544124095420019676e-05,0.000000000000000000e+00,4.544124470201873990e-05,1.000001650873221237e+00
2.202746579480465152e+04,1.000045399929668788e+00,1.000045358727175815e+00,1.000045399929668788e+00,0.000000000000000000e+00,2.200747577917637682e+04
2.202646488647830120e+04,9.999999587619536889e-01,9.999999175613329960e-01,9.999999587619536889e-01,1.000000000037474912e+00,0.000000000000000000e+00
0.000000000000000000e+00,1.000000000000000000e+00,4.539992976418620455e-05,4.539786870243865007e-05,9.990916719578841754e-01,4.539786870243865007e-05
1.000000000000000000e+00,0.000000000000000000e+00,1.000000000037474912e+00,9.999546021313913124e-01,2.200645853825658924e+04,9.999546021313913124e-01
1.000000041200624246e+00,2.202646670231085591e+04,0.000000000000000000e+00,9.999546433301450543e-01,2.200645944493641582e+04,9.999546433301450543e-01
1.000000000000000000e+00,2.202646579480671789e+04,1.000000000037474912e+00,0.000000000000000000e+00,2.200645853825658924e+04,9.999546021313913124e-01
9.999999587244788879e-01,2.202646488565286563e+04,9.999999587619536889e-01,9.999545608577440348e-01,0.000000000000000000e+00,9.999545608577440348e-01
4.544116780880061521e-05,1.000908328416618920e+00,4.544116781050351058e-05,4.543910487663500148e-05,9.999991753143308015e-01,0.000000000000000000e+00
0.000000000000000000e+00,2.202646579480671789e+04,9.999999999625253100e-01,1.000000041238082060e+00,1.000000000000000000e+00,2.200647668668254482e+04
1.000000000000000000e+00,0.000000000000000000e+00,4.539992976078349702e-05,4.539993163469088479e-05,4.539992976248484740e-05,9.990924958951478141e-01
2.202646579398127869e+04,2.202646579398127869e+04,0.000000000000000000e+00,1.000000041200607370e+00,9.999999999625251990e-01,2.200647668585785505e+04
2.202746579480465152e+04,2.202746579480465152e+04,1.000045399892192322e+00,0.000000000000000000e+00,1.000045399929668788e+00,2.200747577917637682e+04
1.000909153852054256e+00,1.000909153852054256e+00,4.544120528180850690e-05,4.544120715741956253e-05,0.000000000000000000e+00,1.000000824686349432e+00
2.202746579480465152e+04,2.202746579480465152e+04,1.000045399892192322e+00,1.000045441169623128e+00,1.000045399929668788e+00,0.000000000000000000e+00
0.000000000000000000e+00,1.000000000000000000e+00,4.539992976248484740e-05,4.539993163468778804e-05,9.990916719578841754e-01,9.990924958951478141e-01
4.539992976248484740e-05,0.000000000000000000e+00,4.539992976248484740e-05,4.539993163468778804e-05,9.990916719578841754e-01,9.990924958951478141e-01
1.000000000037474690e+00,2.202646579563215346e+04,0.000000000000000000e+00,1.000000041275488805e+00,2.200645853908127538e+04,2.200647668750723096e+04
9.999999587619194941e-01,2.202646488647754813e+04,9.999999587619194941e-01,0.000000000000000000e+00,2.200645763075248396e+04,2.200647577917768649e+04
1.000000000000000000e+00,2.202646579480671789e+04,1.000000000000000000e+00,1.000000041238013893e+00,0.000000000000000000e+00,2.200647668668254482e+04
4.544116780880061521e-05,1.000908328416618920e+00,4.544116780880061521e-05,4.544116968270412696e-05,9.999991753143308015e-01,0.000000000000000000e+00
0.000000000000000000e+00,1.000000000000000000e+00,9.999999999625253100e-01,1.000000041238047865e+00,9.999999587619707864e-01,2.200647668668254482e+04
1.000000000000000000e+00,0.000000000000000000e+00,4.539992976078349702e-05,4.539993163468933302e-05,4.539992789028121558e-05,9.990924958951478141e-01
2.202646579480671789e+04,1.000000000000000000e+00,0.000000000000000000e+00,1.000000041238047865e+00,9.999999587619707864e-01,2.200647668668254482e+04
2.202646488647905062e+04,9.999999587619876618e-01,9.999999587245129717e-01,0.000000000000000000e+00,9.999999175239602245e-01,2.200647577917918898e+04
1.000909153852054256e+00,4.544120528351140226e-05,4.544120528180850690e-05,4.544120715741800399e-05,0.000000000000000000e+00,1.000000824686349432e+00
1.000908328416618920e+00,4.544116780880061521e-05,4.544116780709771985e-05,4.544116968270567195e-05,4.544116593489640551e-05,0.000000000000000000e+00
0.000000000000000000e+00,1.000000000000000000e+00,4.539786870243863652e-05,4.539993163468778804e-05,9.990916719578841754e-01,4.539993163468933302e-05
1.000000000000000000e+00,0.000000000000000000e+00,9.999546021313910904e-01,1.000000041238013893e+00,2.200645853825658924e+04,1.000000041238047865e+00
1.000000000037474690e+00,2.202646579563215346e+04,0.000000000000000000e+00,1.000000041275488805e+00,2.200645853908127538e+04,1.000000041275522777e+00
9.999999587619536889e-01,2.202646488647830120e+04,9.999545608952169484e-01,0.000000000000000000e+00,2.200645763075323339e+04,1.000000000000000000e+00
1.000000041238030990e+00,2.202646670313479626e+04,9.999546433675499113e-01,1.000000082476046659e+00,0.000000000000000000e+00,1.000000082476080632e+00
4.544116780880061521e-05,1.000908328416618920e+00,4.543910487663499470e-05,4.544116968270412696e-05,9.999991753143308015e-01,0.000000000000000000e+00
0.000000000000000000e+00,2.202646579480671789e+04,9.999999999625253100e-01,1.000000000000000000e+00,1.000000041275522777e+00,9.999999587993773087e-01
4.539992976248484740e-05,0.000000000000000000e+00,4.539992976078349702e-05,4.539992976248484740e-05,4.539993163639068340e-05,4.539992789197947598e-05
1.000045399929669010e+00,2.202746579480465880e+04,0.000000000000000000e+00,1.000045399929669010e+00,1.000045441207065622e+00,1.000045358727175815e+00
9.999999587619876618e-01,2.202646488647905062e+04,9.999999587245129717e-01,0.000000000000000000e+00,1.000000000037508885e+00,9.999999175613667468e-01
4.544120528351140226e-05,1.000909153852054256e+00,4.544120528180850690e-05,4.544120528351140226e-05,0.000000000000000000e+00,4.544120341130545297e-05
9.999999587619536889e-01,2.202646488647830120e+04,9.999999587244789989e-01,9.999999587619536889e-01,1.000000000037474912e+00,0.000000000000000000e+00
0.000000000000000000e+00,2.202646579480671789e+04,9.999546021313913124e-01,1.000000041238013893e+00,1.000000041200607370e+00,9.999999587993773087e-01
1.000000000000000000e+00,0.000000000000000000e+00,4.539786870243865007e-05,4.539993163468778804e-05,4.539993163298953441e-05,4.539992789197947598e-05
2.202646579563215346e+04,2.202646579563215346e+04,0.000000000000000000e+00,1.000000041275488805e+00,1.000000041238082060e+00,9.999999588368519987e-01
2.202646579480671789e+04,2.202646579480671789e+04,9.999546021313913124e-01,0.000000000000000000e+00,1.000000041200607370e+00,9.999999587993773087e-01
2.202646488565286563e+04,2.202646488565286563e+04,9.999545608577440348e-01,9.999999999624912261e-01,0.000000000000000000e+00,9.999999175238578619e-01
2.202646670231085955e+04,2.202646670231085955e+04,9.999546433301452764e-01,1.000000082438640137e+00,1.000000082401233614e+00,0.000000000000000000e+00
0.000000000000000000e+00,1.000000000000000000e+00,4.539786870243863652e-05,4.539992976248484740e-05,4.539993163298953441e-05,9.990924958951478141e-01
4.539992976248484740e-05,0.000000000000000000e+00,4.539786870243863652e-05,4.539992976248484740e-05,4.539993163298953441e-05,9.990924958951478141e-01
1.000045399929668788e+00,2.202746579480465152e+04,0.000000000000000000e+00,1.000045399929668788e+00,1.000045441132146662e+00,2.200747577917637682e+04
9.999999587619876618e-01,2.202646488647905062e+04,9.999545608952509212e-01,0.000000000000000000e+00,9.999999999625934777e-01,2.200647577917918898e+04
9.999999587993942951e-01,2.202646488730298370e+04,9.999545609326557782e-01,9.999999587993942951e-01,0.000000000000000000e+00,2.200647578000237627e+04
1.000000041200624468e+00,2.202646670231085955e+04,9.999546433301450543e-01,1.000000041200624468e+00,1.000000082401233614e+00,0.000000000000000000e+00
0.000000000000000000e+00,1.000000000000000000e+00,9.999546021313913124e-01,1.000000000000000000e+00,9.999999587619707864e-01,2.200647668668254482e+04
4.539992976248484740e-05,0.000000000000000000e+00,4.539786870243865007e-05,4.539992976248484740e-05,4.539992789028121558e-05,9.990924958951478141e-01
1.000045399929669010e+00,1.000045399929669010e+00,0.000000000000000000e+00,1.000045399929669010e+00,1.000045358689767516e+00,2.200747577917638046e+04
1.000000000000000000e+00,1.000000000000000000e+00,9.999546021313913124e-01,0.000000000000000000e+00,9.999999587619707864e-01,2.200647668668254482e+04
9.999999587993942951e-01,9.999999587993942951e-01,9.999545609326560003e-01,9.999999587993942951e-01,0.000000000000000000e+00,2.200647578000237627e+04
4.544116780880061521e-05,4.544116780880061521e-05,4.543910487663500148e-05,4.544116780880061521e-05,4.544116593489640551e-05,0.000000000000000000e+00
0.000000000000000000e+00,2.202646579480671789e+04,9.999546021313913124e-01,9.999546021313910904e-01,2.200645853825658924e+04,1.000000041238047865e+00
2.202646579480671789e+04,0.000000000000000000e+00,9.999546021313913124e-01,9.999546021313910904e-01,2.200645853825658924e+04,1.000000041238047865e+00
2.202746579480465152e+04,2.202746579480465152e+04,0.000000000000000000e+00,9.999999999999997780e-01,2.200745762992648451e+04,1.000045441169588933e+00
2.202646579480671789e+04,2.202646579480671789e+04,9.999546021313913124e-01,0.000000000000000000e+00,2.200645853825658924e+04,1.000000041238047865e+00
2.202646670313479626e+04,2.202646670313479626e+04,9.999546433675501333e-01,9.999546433675499113e-01,0.000000000000000000e+00,1.000000082476080632e+00
1.000908328416618920e+00,1.000908328416618920e+00,4.543910487663500148e-05,4.543910487663499470e-05,9.999991753143308015e-01,0.000000000000000000e+00
0.000000000000000000e+00,1.000000000000000000e+00,4.539992602147341339e-05,4.539786870243863652e-05,4.539993163639068340e-05,9.990924958951478141e-01
1.000000000000000000e+00,0.000000000000000000e+00,4.539992602147341339e-05,4.539786870243863652e-05,4.539993163639068340e-05,9.990924958951478141e-01
2.202746579480465152e+04,2.202746579480465152e+04,0.000000000000000000e+00,9.999999999999997780e-01,1.000045441207065400e+00,2.200747577917637682e+04
2.202746579480465880e+04,2.202746579480465880e+04,1.000045317524667521e+00,0.000000000000000000e+00,1.000045441207065622e+00,2.200747577917638046e+04
1.000909153852054256e+00,1.000909153852054256e+00,4.544120153909881249e-05,4.543914234964451269e-05,0.000000000000000000e+00,1.000000824686349432e+00
2.202646488647830120e+04,2.202646488647830120e+04,9.999998763606967600e-01,9.999545608952169484e-01,1.000000000037474912e+00,0.000000000000000000e+00
0.000000000000000000e+00,1.000000000000000000e+00,4.539786870243863652e-05,4.539993163128972224e-05,9.990916719578841754e-01,9.990924958951478141e-01
1.000000000000000000e+00,0.000000000000000000e+00,4.539786870243863652e-05,4.539993163128972224e-05,9.990916719578841754e-01,9.990924958951478141e-01
2.202646760981541229e+04,2.202646760981541229e+04,0.000000000000000000e+00,1.000000123564437349e+00,2.200646035161666077e+04,2.200647850004410793e+04
2.202746579480465880e+04,2.202746579480465880e+04,1.000000000000000000e+00,0.000000000000000000e+00,2.200745762992648815e+04,2.200747577917638046e+04
2.202646488565286563e+04,2.202646488565286563e+04,9.999545608577438127e-01,9.999999998876438756e-01,0.000000000000000000e+00,2.200647577835374977e+04
1.000908328416618920e+00,1.000908328416618920e+00,4.543910487663499470e-05,4.544116967930297797e-05,9.999991753143308015e-01,0.000000000000000000e+00
0.000000000000000000e+00,1.000000000000000000e+00,9.981849914538160062e-01,4.539786870243863652e-05,9.990916719578841754e-01,9.990924958951478141e-01
4.539992976248484740e-05,0.000000000000000000e+00,9.981849914538160062e-01,4.539786870243863652e-05,9.990916719578841754e-01,9.990924958951478141e-01
1.000045399929669010e+00,2.202746579480465880e+04,0.000000000000000000e+00,1.000000000000000000e+00,2.200745762992648815e+04,2.200747577917638046e+04
9.999999588368350123e-01,2.202646488812767348e+04,2.198648666611349836e+04,0.000000000000000000e+00,2.200645763240110682e+04,2.200647578082631298e+04
4.544120528351140226e-05,1.000909153852054256e+00,9.990924951838588974e-01,4.543914234964451269e-05,0.000000000000000000e+00,1.000000824686349432e+00
4.544116780880061521e-05,1.000908328416618920e+00,9.990916712465959248e-01,4.543910487663499470e-05,9.999991753143308015e-01,0.000000000000000000e+00
0.000000000000000000e+00,2.202646579480671789e+04,9.999999999625253100e-01,2.200644035683946640e+04,9.999999587619707864e-01,2.200647668668254482e+04
1.000000000000000000e+00,0.000000000000000000e+00,4.539992976078349702e-05,9.990908465228237612e-01,4.539992789028121558e-05,9.990924958951478141e-01
1.001818308792181478e+00,1.001818308792181478e+00,0.000000000000000000e+00,1.000907502193244314e+00,4.548247897832851928e-05,1.000909154564636472e+00
2.202746579480465880e+04,2.202746579480465880e+04,1.000045399892192544e+00,0.000000000000000000e+00,1.000045358689767516e+00,2.200747577917638046e+04
1.000909153852054256e+00,1.000909153852054256e+00,4.544120528180850690e-05,9.999991738144921039e-01,0.000000000000000000e+00,1.000000824686349432e+00
1.000908328416618920e+00,1.000908328416618920e+00,4.544116780709771985e-05,9.999983491295042493e-01,4.544116593489640551e-05,0.000000000000000000e+00
0.000000000000000000e+00,4.539992976248484740e-05,4.539992976078505556e-05,4.539993163468778804e-05,4.539992789028121558e-05,4.539992789197947598e-05
1.000000000000000000e+00,0.000000000000000000e+00,4.539992976078505556e-05,4.539993163468778804e-05,4.539992789028121558e-05,4.539992789197947598e-05
2.202646579563215346e+04,1.000000000037474690e+00,0.000000000000000000e+00,1.000000041275488805e+00,9.999999587994454764e-01,9.999999588368519987e-01
1.000909980789375098e+00,4.544124282640768427e-05,4.544124282470634067e-05,0.000000000000000000e+00,4.544124095250038459e-05,4.544124095420018998e-05
2.202646670313479626e+04,1.000000041238030990e+00,1.000000041200590495e+00,1.000000082476046659e+00,0.000000000000000000e+00,1.000000000037406522e+00
1.000908328416618920e+00,4.544116780880061521e-05,4.544116780709927161e-05,4.544116968270412696e-05,4.544116593489640551e-05,0.000000000000000000e+00
0.000000000000000000e+00,1.000000000000000000e+00,4.539992976078505556e-05,4.539993163468778804e-05,4.539993163298953441e-05,4.539993163468933302e-05
1.000000000000000000e+00,0.000000000000000000e+00,9.999999999625595049e-01,1.000000041238013893e+00,1.000000041200607370e+00,1.000000041238047865e+00
1.000000000037440495e+00,2.202646579563140040e+04,0.000000000000000000e+00,1.000000041275454610e+00,1.000000041238047865e+00,1.000000041275488583e+00
9.999999587619876618e-01,2.202646488647905062e+04,9.999999587245471666e-01,0.000000000000000000e+00,9.999999999625934777e-01,1.000000000000033973e+00
1.000000041238030990e+00,2.202646670313479626e+04,1.000000041200590495e+00,1.000000082476046659e+00,0.000000000000000000e+00,1.000000082476080632e+00
1.000000041200624468e+00,2.202646670231085955e+04,1.000000041163183750e+00,1.000000082438640137e+00,1.000000082401233614e+00,0.000000000000000000e+00
0.000000000000000000e+00,2.202646579480671789e+04,9.999546021313913124e-01,1.000000041238013893e+00,1.000000041275522777e+00,2.200647668668254482e+04
4.539992976248484740e-05,0.000000000000000000e+00,4.539786870243865007e-05,4.539993163468778804e-05,4.539993163639068340e-05,9.990924958951478141e-01
1.000000000037440495e+00,2.202646579563140040e+04,0.000000000000000000e+00,1.000000041275454610e+00,1.000000041312963273e+00,2.200647668750647790e+04
9.999999587619876618e-01,2.202646488647905062e+04,9.999545608952511433e-01,0.000000000000000000e+00,1.000000000037508885e+00,2.200647577917918898e+04
9.999999587993942951e-01,2.202646488730298370e+04,9.999545609326560003e-01,1.000000000037406522e+00,0.000000000000000000e+00,2.200647578000237627e+04
9.999999587619536889e-01,2.202646488647830120e+04,9.999545608952171705e-01,9.999999999999660272e-01,1.000000000037474912e+00,0.000000000000000000e+00
0.000000000000000000e+00,1.000000000000000000e+00,9.999546021312976096e-01,9.999546021313910904e-01,9.999999587619707864e-01,9.999999587993773087e-01
4.539992976248484740e-05,0.000000000000000000e+00,4.539786870243439458e-05,4.539786870243863652e-05,4.539992789028121558e-05,4.539992789197947598e-05
1.000045399929668788e+00,1.000045399929668788e+00,0.000000000000000000e+00,9.999999999999997780e-01,1.000045358689767294e+00,1.000045358727175593e+00
9.999999587619876618e-01,9.999999587619876618e-01,9.999545608951574405e-01,0.000000000000000000e+00,9.999999175239602245e-01,9.999999175613667468e-01
9.999999587244788879e-01,9.999999587244788879e-01,9.999545608576503319e-01,9.999545608577438127e-01,0.000000000000000000e+00,9.999999175238578619e-01
4.544116780880061521e-05,4.544116780880061521e-05,4.543910487663074598e-05,4.543910487663499470e-05,4.544116593489640551e-05,0.000000000000000000e+00
0.000000000000000000e+00,2.202646579480671789e+04,9.999546021312976096e-01,1.000000000000000000e+00,1.000000041200607370e+00,1.000000041238047865e+00
2.202646579480671789e+04,0.000000000000000000e+00,9.999546021312976096e-01,1.000000000000000000e+00,1.000000041200607370e+00,1.000000041238047865e+00
2.202746579480671789e+04,2.202746579480671789e+04,0.000000000000000000e+00,1.000045399929762491e+00,1.000045441132240365e+00,1.000045441169682636e+00
2.202746579480465880e+04,2.202746579480465880e+04,9.999999999999065192e-01,0.000000000000000000e+00,1.000045441132146884e+00,1.000045441169589155e+00
2.202646670313479626e+04,2.202646670313479626e+04,9.999546433674564305e-01,1.000000041238030990e+00,0.000000000000000000e+00,1.000000082476080632e+00
2.202646670231085955e+04,2.202646670231085955e+04,9.999546433300515735e-01,1.000000041200624468e+00,1.000000082401233614e+00,0.000000000000000000e+00
0.000000000000000000e+00,1.000000000000000000e+00,4.539786870243863652e-05,4.539786870243863652e-05,4.539993163639068340e-05,9.990924958951478141e-01
4.539992976248484740e-05,0.000000000000000000e+00,4.539786870243863652e-05,4.539786870243863652e-05,4.539993163639068340e-05,9.990924958951478141e-01
1.000045399929762491e+00,2.202746579480671789e+04,0.000000000000000000e+00,1.000000000000093481e+00,1.000045441207159103e+00,2.200747577917843955e+04
1.000000000000000000e+00,2.202646579480671789e+04,9.999546021313910904e-01,0.000000000000000000e+00,1.000000041275522777e+00,2.200647668668254482e+04
9.999999587993942951e-01,2.202646488730298370e+04,9.999545609326557782e-01,9.999545609326557782e-01,0.000000000000000000e+00,2.200647578000237627e+04
9.999999587619536889e-01,2.202646488647830120e+04,9.999545608952169484e-01,9.999545608952169484e-01,1.000000000037474912e+00,0.000000000000000000e+00
0.000000000000000000e+00,1.000000000000000000e+00,9.999546021313913124e-01,1.000000000000000000e+00,9.999999587619707864e-01,9.999999587993773087e-01
1.000000000000000000e+00,0.000000000000000000e+00,4.539786870243865007e-05,4.539992976248484740e-05,4.539992789028121558e-05,4.539992789197947598e-05
2.202746579480465880e+04,1.000045399929669010e+00,0.000000000000000000e+00,1.000045399929669010e+00,1.000045358689767516e+00,1.000045358727175815e+00
2.202746579480465880e+04,1.000045399929669010e+00,1.000000000000000222e+00,0.000000000000000000e+00,1.000045358689767516e+00,1.000045358727175815e+00
2.202646488565286563e+04,9.999999587244788879e-01,9.999545608577440348e-01,9.999999587244788879e-01,0.000000000000000000e+00,9.999999175238578619e-01
1.000908328416618920e+00,4.544116780880061521e-05,4.543910487663500148e-05,4.544116780880061521e-05,4.544116593489640551e-05,0.000000000000000000e+00
0.000000000000000000e+00,1.000000000000000000e+00,4.539992976078505556e-05,4.539992976248484740e-05,4.539786870243865007e-05,4.539786870243865007e-05
2.202646579480671789e+04,0.000000000000000000e+00,9.999999999625595049e-01,1.000000000000000000e+00,9.999546021313913124e-01,9.999546021313913124e-01
2.202746579480465152e+04,2.202746579480465152e+04,0.000000000000000000e+00,1.000045399929668788e+00,1.000000000000000000e+00,1.000000000000000000e+00
2.202646579480671789e+04,2.202646579480671789e+04,9.999999999625595049e-01,0.000000000000000000e+00,9.999546021313913124e-01,9.999546021313913124e-01
2.202646670313479626e+04,2.202646670313479626e+04,1.000000041200590495e+00,1.000000041238030990e+00,0.000000000000000000e+00,9.999546433675501333e-01
2.202646670231085955e+04,2.202646670231085955e+04,1.000000041163183750e+00,1.000000041200624468e+00,9.999546433301452764e-01,0.000000000000000000e+00
0.000000000000000000e+00,1.000000000000000000e+00,4.539992789197948276e-05,4.539993163468778804e-05,4.539786870243863652e-05,4.539992789197947598e-05
1.000000000000000000e+00,0.000000000000000000e+00,4.539992789197948276e-05,4.539993163468778804e-05,4.539786870243863652e-05,4.539992789197947598e-05
2.202646579563140040e+04,2.202646579563140040e+04,0.000000000000000000e+00,1.000000041275454610e+00,9.999546021688299202e-01,9.999999588368178038e-01
2.202646579480671789e+04,2.202646579480671789e+04,9.999999587993775307e-01,0.000000000000000000e+00,9.999546021313910904e-01,9.999999587993773087e-01
2.202746579480465152e+04,2.202746579480465152e+04,1.000045358727175815e+00,1.000045441169554961e+00,0.000000000000000000e+00,1.000045358727175593e+00
2.202746579480465152e+04,2.202746579480465152e+04,1.000045358727175815e+00,1.000045441169554961e+00,9.999999999999997780e-01,0.000000000000000000e+00
0.000000000000000000e+00,1.000000000000000000e+00,4.539786870243863652e-05,4.539993163298953441e-05,4.539993163298953441e-05,9.990924958951478141e-01
1.000000000000000000e+00,0.000000000000000000e+00,4.539786870243863652e-05,4.539993163298953441e-05,4.539993163298953441e-05,9.990924958951478141e-01
2.202646670231085591e+04,2.202646670231085591e+04,0.000000000000000000e+00,1.000000082401233392e+00,1.000000082401233392e+00,2.200647759336312083e+04
2.202646488647905062e+04,2.202646488647905062e+04,9.999545608952509212e-01,0.000000000000000000e+00,9.999999999625934777e-01,2.200647577917918898e+04
2.202746579480465880e+04,2.202746579480465880e+04,1.000000000000000000e+00,1.000045441132146884e+00,0.000000000000000000e+00,2.200747577917638046e+04
2.202646670231085955e+04,2.202646670231085955e+04,9.999546433301450543e-01,1.000000082401233614e+00,1.000000082401233614e+00,0.000000000000000000e+00
0.000000000000000000e+00,1.000000000000000000e+00,4.539992976418310780e-05,4.539786870243863652e-05,9.990916719578841754e-01,9.990924958951478141e-01
1.000000000000000000e+00,0.000000000000000000e+00,4.539992976418310780e-05,4.539786870243863652e-05,9.990916719578841754e-01,9.990924958951478141e-01
2.202746579480465880e+04,2.202746579480465880e+04,0.000000000000000000e+00,1.000000000000000000e+00,2.200745762992648815e+04,2.200747577917638046e+04
2.202646488730298370e+04,2.202646488730298370e+04,9.999999588368009285e-01,0.000000000000000000e+00,2.200645763157717010e+04,2.200647578000237627e+04
2.202646488730298370e+04,2.202646488730298370e+04,9.999999588368009285e-01,9.999545609326557782e-01,0.000000000000000000e+00,2.200647578000237627e+04
1.000908328416618920e+00,1.000908328416618920e+00,4.544116781050041383e-05,4.543910487663499470e-05,9.999991753143308015e-01,0.000000000000000000e+00
0.000000000000000000e+00,4.539992976248484740e-05,4.539992602147341339e-05,4.539993163469087124e-05,9.990916719578841754e-01,9.990924958951478141e-01
1.000000000000000000e+00,0.000000000000000000e+00,4.539992602147341339e-05,4.539993163469087124e-05,9.990916719578841754e-01,9.990924958951478141e-01
2.202646579398278118e+04,9.999999999625933667e-01,0.000000000000000000e+00,1.000000041200675316e+00,2.200645853743340194e+04,2.200647668585935389e+04
2.202746579480465880e+04,1.000045399929669010e+00,1.000045317524667521e+00,0.000000000000000000e+00,2.200745762992648815e+04,2.200747577917638046e+04
1.000909153852054256e+00,4.544120528351140226e-05,4.544120153909881249e-05,4.544120715741954897e-05,0.000000000000000000e+00,1.000000824686349432e+00
1.000908328416618920e+00,4.544116780880061521e-05,4.544116406439110864e-05,4.544116968270721694e-05,9.999991753143308015e-01,0.000000000000000000e+00
0.000000000000000000e+00,1.000000000000000000e+00,9.981849914538160062e-01,4.539993163128972224e-05,4.539992789028121558e-05,4.539786870243865007e-05
1.000000000000000000e+00,0.000000000000000000e+00,2.198648757114691398e+04,1.000000041163166653e+00,9.999999587619707864e-01,9.999546021313913124e-01
1.000000082401267143e+00,2.202646760981541229e+04,0.000000000000000000e+00,1.000000123564437349e+00,1.000000041163234599e+00,9.999546845289176700e-01
9.999999587619197161e-01,2.202646488647755541e+04,2.198648666446637435e+04,0.000000000000000000e+00,9.999999175238922788e-01,9.999545608951831976e-01
4.544120528351140226e-05,1.000909153852054256e+00,9.990924951838588974e-01,4.544120715401531001e-05,0.000000000000000000e+00,4.543914234964451947e-05
4.544116780880061521e-05,1.000908328416618920e+00,9.990916712465959248e-01,4.544116967930297797e-05,4.544116593489640551e-05,0.000000000000000000e+00
0.000000000000000000e+00,1.000000000000000000e+00,9.999546021313913124e-01,9.999999587244959853e-01,9.999546021313910904e-01,2.200647668668254482e+04
4.539992976248484740e-05,0.000000000000000000e+00,4.539786870243865007e-05,4.539992788857987198e-05,4.539786870243863652e-05,9.990924958951478141e-01
4.548248085393639684e-05,4.548248085393639684e-05,0.000000000000000000e+00,4.548247897662407893e-05,4.548041604624657885e-05,1.000909154564636472e+00
9.999999588368350123e-01,9.999999588368350123e-01,9.999545609700950521e-01,0.000000000000000000e+00,9.999545609700948301e-01,2.200647578082631298e+04
1.000000041238030990e+00,1.000000041238030990e+00,9.999546433675501333e-01,9.999999999625253100e-01,0.000000000000000000e+00,2.200647759418631176e+04
1.000045399929668788e+00,1.000045399929668788e+00,1.000000000000000000e+00,1.000045358652290828e+00,9.999999999999997780e-01,0.000000000000000000e+00
0.000000000000000000e+00,1.000000000000000000e+00,9.999546021312976096e-01,9.999546021313910904e-01,9.999999587619707864e-01,9.999546021313913124e-01
2.202646579480671789e+04,0.000000000000000000e+00,9.999546021312976096e-01,9.999546021313910904e-01,9.999999587619707864e-01,9.999546021313913124e-01
2.202746579480465152e+04,1.000045399929668788e+00,0.000000000000000000e+00,9.999999999999997780e-01,1.000045358689767294e+00,1.000000000000000000e+00
2.202646670396023183e+04,1.000000041275505680e+00,9.999546434049294552e-01,0.000000000000000000e+00,1.000000000037474690e+00,9.999546434050231580e-01
2.202746579480465880e+04,1.000045399929669010e+00,9.999999999999065192e-01,1.000000000000000000e+00,0.000000000000000000e+00,1.000000000000000222e+00
1.000908328416618920e+00,4.544116780880061521e-05,4.543910487663074598e-05,4.543910487663499470e-05,4.544116593489640551e-05,0.000000000000000000e+00
0.000000000000000000e+00,1.000000000000000000e+00,4.539786870243863652e-05,4.539992976248484740e-05,4.539992976248484740e-05,4.539786870243865007e-05
2.202646579480671789e+04,0.000000000000000000e+00,9.999546021313910904e-01,1.000000000000000000e+00,1.000000000000000000e+00,9.999546021313913124e-01
2.202746579480671789e+04,2.202746579480671789e+04,0.000000000000000000e+00,1.000045399929762491e+00,1.000045399929762491e+00,1.000000000000093703e+00
2.202746579480465880e+04,2.202746579480465880e+04,1.000000000000000000e+00,0.000000000000000000e+00,1.000045399929669010e+00,1.000000000000000222e+00
2.202646670313479626e+04,2.202646670313479626e+04,9.999546433675499113e-01,1.000000041238030990e+00,0.000000000000000000e+00,9.999546433675501333e-01
2.202746579480465152e+04,2.202746579480465152e+04,9.999999999999997780e-01,1.000045399929668788e+00,1.000045399929668788e+00,0.000000000000000000e+00
0.000000000000000000e+00,1.000000000000000000e+00,4.539992976248484740e-05,4.539992976248484740e-05,4.539786870243863652e-05,4.539992789197947598e-05
1.000000000000000000e+00,0.000000000000000000e+00,4.539992976248484740e-05,4.539992976248484740e-05,4.539786870243863652e-05,4.539992789197947598e-05
2.202746579480465880e+04,2.202746579480465880e+04,0.000000000000000000e+00,1.000045399929669010e+00,1.000000000000000000e+00,1.000045358727175815e+00
2.202646579480671789e+04,2.202646579480671789e+04,1.000000000000000000e+00,0.000000000000000000e+00,9.999546021313910904e-01,9.999999587993773087e-01
2.202646579480671789e+04,2.202646579480671789e+04,1.000000000000000000e+00,1.000000000000000000e+00,0.000000000000000000e+00,9.999999587993773087e-01
2.202746579480465152e+04,2.202746579480465152e+04,1.000045399929668788e+00,1.000045399929668788e+00,9.999999999999997780e-01,0.000000000000000000e+00
0.000000000000000000e+00,4.539992976248484740e-05,4.539992789197948276e-05,4.539786870243865007e-05,4.539993163298953441e-05,9.990924958951478141e-01
1.000000000000000000e+00,0.000000000000000000e+00,4.539992789197948276e-05,4.539786870243865007e-05,4.539993163298953441e-05,9.990924958951478141e-01
2.202646579480671789e+04,1.000000000000000000e+00,0.000000000000000000e+00,9.999546021313913124e-01,1.000000041200607370e+00,2.200647668668254482e+04
2.202646579480671789e+04,1.000000000000000000e+00,9.999999587993775307e-01,0.000000000000000000e+00,1.000000041200607370e+00,2.200647668668254482e+04
2.202746579480465880e+04,1.000045399929669010e+00,1.000045358727176037e+00,1.000000000000000222e+00,0.000000000000000000e+00,2.200747577917638046e+04
2.202646670231085955e+04,1.000000041200624468e+00,1.000000000000000222e+00,9.999546433301452764e-01,1.000000082401233614e+00,0.000000000000000000e+00
0.000000000000000000e+00,1.000000000000000000e+00,4.539992976418310780e-05,4.539993163298953441e-05,9.990916719578841754e-01,4.539993163468933302e-05
2.202646579480671789e+04,0.000000000000000000e+00,1.000000000037406744e+00,1.000000041200607370e+00,2.200645853825658924e+04,1.000000041238047865e+00
2.202646670231085591e+04,2.202646670231085591e+04,0.000000000000000000e+00,1.000000082401233392e+00,2.200645944493641582e+04,1.000000082438673887e+00
2.202746579480465152e+04,2.202746579480465152e+04,1.000045399967077087e+00,0.000000000000000000e+00,2.200745762992648451e+04,1.000045441169588933e+00
2.202646488730298370e+04,2.202646488730298370e+04,9.999999588368009285e-01,1.000000000000000000e+00,0.000000000000000000e+00,1.000000000037440495e+00
1.000908328416618920e+00,1.000908328416618920e+00,4.544116781050041383e-05,4.544116968100432835e-05,9.999991753143308015e-01,0.000000000000000000e+00
0.000000000000000000e+00,4.539992976248484740e-05,4.539992602147341339e-05,4.539993163469087124e-05,4.539993163639068340e-05,9.990924958951478141e-01
1.000000000000000000e+00,0.000000000000000000e+00,4.539992602147341339e-05,4.539993163469087124e-05,4.539993163639068340e-05,9.990924958951478141e-01
2.202646579398278118e+04,9.999999999625933667e-01,0.000000000000000000e+00,1.000000041200675316e+00,1.000000041238116033e+00,2.200647668585935389e+04
2.202646488730298370e+04,9.999999587993942951e-01,9.999998763981372552e-01,0.000000000000000000e+00,1.000000000074915407e+00,2.200647578000237627e+04
1.000909153852054256e+00,4.544120528351140226e-05,4.544120153909881249e-05,4.544120715741954897e-05,0.000000000000000000e+00,1.000000824686349432e+00
2.202646488647830120e+04,9.999999587619536889e-01,9.999998763606967600e-01,1.000000000000033973e+00,1.000000000037474912e+00,0.000000000000000000e+00
0.000000000000000000e+00,4.539992976248484740e-05,4.539992976418620455e-05,4.539786870243865007e-05,4.539992789028121558e-05,4.539993163468933302e-05
2.202646579480671789e+04,0.000000000000000000e+00,1.000000000037474912e+00,9.999546021313913124e-01,9.999999587619707864e-01,1.000000041238047865e+00
2.202646760981541229e+04,1.000000082401267143e+00,0.000000000000000000e+00,9.999546845289176700e-01,1.000000041163234599e+00,1.000000123639318561e+00
2.202646488647755541e+04,9.999999587619197161e-01,9.999999587993946282e-01,0.000000000000000000e+00,9.999999175238922788e-01,9.999999999999660272e-01
2.202646488565286563e+04,9.999999587244788879e-01,9.999999587619536889e-01,9.999545608577440348e-01,0.000000000000000000e+00,9.999999999625251990e-01
1.000908328416618920e+00,4.544116780880061521e-05,4.544116781050351058e-05,4.543910487663500148e-05,4.544116593489640551e-05,0.000000000000000000e+00
0.000000000000000000e+00,1.000000000000000000e+00,4.539992976078505556e-05,4.539993163469088479e-05,4.539993163639068340e-05,4.539786870243865007e-05
1.000000000000000000e+00,0.000000000000000000e+00,9.999999999625595049e-01,1.000000041238082060e+00,1.000000041275522777e+00,9.999546021313913124e-01
9.999999999625251990e-01,2.202646579398127869e+04,0.000000000000000000e+00,1.000000041200607370e+00,1.000000041238047865e+00,9.999546020939181767e-01
1.000045399929668788e+00,2.202746579480465152e+04,1.000045399892226516e+00,0.000000000000000000e+00,1.000045441207065400e+00,1.000000000000000000e+00
1.000000041238030990e+00,2.202646670313479626e+04,1.000000041200590495e+00,1.000000082476114827e+00,0.000000000000000000e+00,9.999546433675501333e-01
9.999999587619536889e-01,2.202646488647830120e+04,9.999999587245131938e-01,1.000000000000034195e+00,1.000000000037474912e+00,0.000000000000000000e+00
0.000000000000000000e+00,1.000000000000000000e+00,9.999546021312976096e-01,9.999546021313913124e-01,1.000000000000000000e+00,9.999999587993773087e-01
1.000000000000000000e+00,0.000000000000000000e+00,4.539786870243439458e-05,4.539786870243865007e-05,4.539992976248484740e-05,4.539992789197947598e-05
2.202646579563140040e+04,1.000000000037440495e+00,0.000000000000000000e+00,9.999546021688301423e-01,1.000000000037440495e+00,9.999999588368178038e-01
2.202646488647754813e+04,9.999999587619194941e-01,9.999545608950892728e-01,0.000000000000000000e+00,9.999999587619194941e-01,9.999999175612985791e-01
2.202646488565286563e+04,9.999999587244788879e-01,9.999545608576503319e-01,9.999545608577440348e-01,0.000000000000000000e+00,9.999999175238578619e-01
2.202746579480465152e+04,1.000045399929668788e+00,9.999999999999062972e-01,1.000000000000000000e+00,1.000045399929668788e+00,0.000000000000000000e+00
0.000000000000000000e+00,1.000000000000000000e+00,4.539992976248484740e-05,4.539992976248484740e-05,4.539786870243865007e-05,4.539786870243865007e-05
2.202646579480671789e+04,0.000000000000000000e+00,1.000000000000000000e+00,1.000000000000000000e+00,9.999546021313913124e-01,9.999546021313913124e-01
2.202746579480671789e+04,2.202746579480671789e+04,0.000000000000000000e+00,1.000045399929762491e+00,1.000000000000093703e+00,1.000000000000093703e+00
2.202746579480465152e+04,2.202746579480465152e+04,1.000045399929668788e+00,0.000000000000000000e+00,1.000000000000000000e+00,1.000000000000000000e+00
2.202646579480671789e+04,2.202646579480671789e+04,1.000000000000000000e+00,1.000000000000000000e+00,0.000000000000000000e+00,9.999546021313913124e-01
2.202646670231085955e+04,2.202646670231085955e+04,1.000000041200624468e+00,1.000000041200624468e+00,9.999546433301452764e-01,0.000000000000000000e+00
0.000000000000000000e+00,1.000000000000000000e+00,4.539786870243863652e-05,4.539786870243865007e-05,4.539786870243863652e-05,9.990924958951478141e-01
1.000000000000000000e+00,0.000000000000000000e+00,4.539786870243863652e-05,4.539786870243865007e-05,4.539786870243863652e-05,9.990924958951478141e-01
2.202646579480671789e+04,2.202646579480671789e+04,0.000000000000000000e+00,9.999546021313913124e-01,9.999546021313910904e-01,2.200647668668254482e+04
2.202646579480671789e+04,2.202646579480671789e+04,9.999546021313910904e-01,0.000000000000000000e+00,9.999546021313910904e-01,2.200647668668254482e+04
2.202746579480465152e+04,2.202746579480465152e+04,9.999999999999997780e-01,1.000000000000000000e+00,0.000000000000000000e+00,2.200747577917637682e+04
2.202746579480465152e+04,2.202746579480465152e+04,9.999999999999997780e-01,1.000000000000000000e+00,9.999999999999997780e-01,0.000000000000000000e+00
0.000000000000000000e+00,1.000000000000000000e+00,4.539786870243863652e-05,4.539992976248484740e-05,9.990916719578841754e-01,9.990924958951478141e-01
1.000000000000000000e+00,0.000000000000000000e+00,4.539786870243863652e-05,4.539992976248484740e-05,9.990916719578841754e-01,9.990924958951478141e-01
2.202746579480465880e+04,2.202746579480465880e+04,0.000000000000000000e+00,1.000045399929669010e+00,2.200745762992648815e+04,2.200747577917638046e+04
2.202746579480465152e+04,2.202746579480465152e+04,9.999999999999997780e-01,0.000000000000000000e+00,2.200745762992648451e+04,2.200747577917637682e+04
2.202746579480465880e+04,2.202746579480465880e+04,1.000000000000000000e+00,1.000045399929669010e+00,0.000000000000000000e+00,2.200747577917638046e+04
1.000908328416618920e+00,1.000908328416618920e+00,4.543910487663499470e-05,4.544116780880061521e-05,9.999991753143308015e-01,0.000000000000000000e+00
0.000000000000000000e+00,4.539992976248484740e-05,9.981849914538160062e-01,4.539786870243863652e-05,9.990916719578841754e-01,9.990924958951478141e-01
1.000000000000000000e+00,0.000000000000000000e+00,9.981849914538160062e-01,4.539786870243863652e-05,9.990916719578841754e-01,9.990924958951478141e-01
2.202746579480465880e+04,1.000045399929669010e+00,0.000000000000000000e+00,1.000000000000000000e+00,2.200745762992648815e+04,2.200747577917638046e+04
2.202646579480671789e+04,1.000000000000000000e+00,2.198648757114691398e+04,0.000000000000000000e+00,2.200645853825658924e+04,2.200647668668254482e+04
1.000909153852054256e+00,4.544120528351140226e-05,9.990924951838588974e-01,4.543914234964451269e-05,0.000000000000000000e+00,1.000000824686349432e+00
1.000908328416618920e+00,4.544116780880061521e-05,9.990916712465959248e-01,4.543910487663499470e-05,9.999991753143308015e-01,0.000000000000000000e+00
0.000000000000000000e+00,4.539992976248484740e-05,9.981849914538160062e-01,9.990908465228237612e-01,9.990916719578841754e-01,4.539786870243865007e-05
2.202646579480671789e+04,0.000000000000000000e+00,2.198648757114691398e+04,2.200644035683946640e+04,2.200645853825658924e+04,9.999546021313913124e-01
1.001818308792181478e+00,4.548248085393639684e-05,0.000000000000000000e+00,1.000907502193244314e+00,1.000908329129200469e+00,4.548041604624659240e-05
2.202746579480465880e+04,1.000045399929669010e+00,2.198748575613630965e+04,0.000000000000000000e+00,2.200745762992648815e+04,1.000000000000000222e+00
1.000909153852054256e+00,4.544120528351140226e-05,9.990924951838588974e-01,9.999991738144921039e-01,0.000000000000000000e+00,4.543914234964451947e-05
1.000908328416618920e+00,4.544116780880061521e-05,9.990916712465959248e-01,9.999983491295042493e-01,9.999991753143308015e-01,0.000000000000000000e+00
0.000000000000000000e+00,4.539992976248484740e-05,9.981849914538160062e-01,4.539992788857987198e-05,4.539786870243863652e-05,4.539993163468933302e-05
2.202646579480671789e+04,0.000000000000000000e+00,2.198648757114691398e+04,9.999999587244959853e-01,9.999546021313910904e-01,1.000000041238047865e+00
1.001818308792181478e+00,4.548248085393639684e-05,0.000000000000000000e+00,4.548247897662407893e-05,4.548041604624657885e-05,4.548248272954512144e-05
1.000909980789375098e+00,4.544124282640768427e-05,9.990933206202814443e-01,0.000000000000000000e+00,4.543917989083642888e-05,4.544124470031583776e-05
1.000909153852054256e+00,4.544120528351140226e-05,9.990924951838588974e-01,4.544120340790275221e-05,0.000000000000000000e+00,4.544120715741800399e-05
2.202746579480465152e+04,1.000045399929668788e+00,2.198748575613630601e+04,1.000045358652290828e+00,9.999999999999997780e-01,0.000000000000000000e+00
0.000000000000000000e+00,4.539992976248484740e-05,4.539992789197948276e-05,9.990908465228237612e-01,4.539993163639068340e-05,4.539993163468933302e-05
1.000000000000000000e+00,0.000000000000000000e+00,9.999999587993775307e-01,2.200644035683946640e+04,1.000000041275522777e+00,1.000000041238047865e+00
4.548248085393639684e-05,4.548248085393639684e-05,0.000000000000000000e+00,1.000907502193244314e+00,4.548248273124956857e-05,4.548248272954512144e-05
1.000000041275505680e+00,1.000000041275505680e+00,1.000000000074881434e+00,0.000000000000000000e+00,1.000000082551030234e+00,1.000000082513555322e+00
1.000045399929669010e+00,1.000045399929669010e+00,1.000045358727176037e+00,2.200743944768392976e+04,0.000000000000000000e+00,1.000045441169589155e+00
9.999999587619536889e-01,9.999999587619536889e-01,9.999999175613329960e-01,2.200643944933685998e+04,1.000000000037474912e+00,0.000000000000000000e+00
0.000000000000000000e+00,2.202646579480671789e+04,9.999546021313913124e-01,1.000000041200607370e+00,1.000000041275522777e+00,1.000000041238047865e+00
1.000000000000000000e+00,0.000000000000000000e+00,9.999546021313913124e-01,1.000000041200607370e+00,1.000000041275522777e+00,1.000000041238047865e+00
1.000000041200624246e+00,2.202646670231085591e+04,0.000000000000000000e+00,1.000000082401233392e+00,1.000000082476148577e+00,1.000000082438673887e+00
4.544124282640768427e-05,1.000909980789375098e+00,4.543917989083643566e-05,0.000000000000000000e+00,4.544124470201873990e-05,4.544124470031583776e-05
9.999999587244788879e-01,2.202646488565286563e+04,9.999545608577440348e-01,9.999999999250845928e-01,0.000000000000000000e+00,9.999999999625251990e-01
9.999999587619536889e-01,2.202646488647830120e+04,9.999545608952171705e-01,9.999999999625595049e-01,1.000000000037474912e+00,0.000000000000000000e+00
0.000000000000000000e+00,2.202646579480671789e+04,9.999546021313913124e-01,1.000000000000000000e+00,1.000000041275522777e+00,9.999999587993773087e-01
4.539992976248484740e-05,0.000000000000000000e+00,4.539786870243865007e-05,4.539992976248484740e-05,4.539993163639068340e-05,4.539992789197947598e-05
1.000045399929668788e+00,2.202746579480465152e+04,0.000000000000000000e+00,1.000045399929668788e+00,1.000045441207065400e+00,1.000045358727175593e+00
9.999999587993942951e-01,2.202646488730298370e+04,9.999545609326560003e-01,0.000000000000000000e+00,1.000000000074915407e+00,9.999999175987732691e-01
9.999999587244788879e-01,2.202646488565286563e+04,9.999545608577440348e-01,9.999999587244788879e-01,0.000000000000000000e+00,9.999999175238578619e-01
9.999999587619536889e-01,2.202646488647830120e+04,9.999545608952171705e-01,9.999999587619536889e-01,1.000000000037474912e+00,0.000000000000000000e+00
0.000000000000000000e+00,2.202646579480671789e+04,9.999546021313913124e-01,1.000000000000000000e+00,1.000000041200607370e+00,9.999999587993773087e-01
4.539992976248484740e-05,0.000000000000000000e+00,4.539786870243865007e-05,4.539992976248484740e-05,4.539993163298953441e-05,4.539992789197947598e-05
1.000045399929668788e+00,2.202746579480465152e+04,0.000000000000000000e+00,1.000045399929668788e+00,1.000045441132146662e+00,1.000045358727175593e+00
1.000000000000000000e+00,2.202646579480671789e+04,9.999546021313913124e-01,0.000000000000000000e+00,1.000000041200607370e+00,9.999999587993773087e-01
9.999999587244788879e-01,2.202646488565286563e+04,9.999545608577440348e-01,9.999999587244788879e-01,0.000000000000000000e+00,9.999999175238578619e-01
1.000000041200624468e+00,2.202646670231085955e+04,9.999546433301452764e-01,1.000000041200624468e+00,1.000000082401233614e+00,0.000000000000000000e+00
0.000000000000000000e+00,1.000000000000000000e+00,9.999546021313913124e-01,9.999546021313910904e-01,1.000000041200607370e+00,9.999999587993773087e-01
1.000000000000000000e+00,0.000000000000000000e+00,4.539786870243865007e-05,4.539786870243863652e-05,4.539993163298953441e-05,4.539992789197947598e-05
2.202746579480465152e+04,1.000045399929668788e+00,0.000000000000000000e+00,9.999999999999997780e-01,1.000045441132146662e+00,1.000045358727175593e+00
2.202646579480671789e+04,1.000000000000000000e+00,9.999546021313913124e-01,0.000000000000000000e+00,1.000000041200607370e+00,9.999999587993773087e-01
2.202646488730298370e+04,9.999999587993942951e-01,9.999545609326560003e-01,9.999545609326557782e-01,0.000000000000000000e+00,9.999999175987732691e-01
2.202646670231085955e+04,1.000000041200624468e+00,9.999546433301452764e-01,9.999546433301450543e-01,1.000000082401233614e+00,0.000000000000000000e+00
0.000000000000000000e+00,1.000000000000000000e+00,4.539992976418310780e-05,4.539992976248484740e-05,4.539786870243865007e-05,4.539993163468933302e-05
1.000000000000000000e+00,0.000000000000000000e+00,1.000000000037406744e+00,1.000000000000000000e+00,9.999546021313913124e-01,1.000000041238047865e+00
1.000045399929668788e+00,2.202746579480465152e+04,0.000000000000000000e+00,1.000045399929668788e+00,1.000000000000000000e+00,1.000045441169588933e+00
1.000045399929669010e+00,2.202746579480465880e+04,1.000045399967077309e+00,0.000000000000000000e+00,1.000000000000000222e+00,1.000045441169589155e+00
9.999999587993942951e-01,2.202646488730298370e+04,9.999999588368009285e-01,9.999999587993942951e-01,0.000000000000000000e+00,1.000000000037440495e+00
1.000000041200624468e+00,2.202646670231085955e+04,1.000000041238030990e+00,1.000000041200624468e+00,9.999546433301452764e-01,0.000000000000000000e+00
0.000000000000000000e+00,1.000000000000000000e+00,9.999546021313913124e-01,1.000000041238081838e+00,1.000000041275522777e+00,2.200647668668254482e+04
1.000000000000000000e+00,0.000000000000000000e+00,4.539786870243865007e-05,4.539993163469087124e-05,4.539993163639068340e-05,9.990924958951478141e-01
2.202646579398278118e+04,9.999999999625933667e-01,0.000000000000000000e+00,1.000000041200675316e+00,1.000000041238116033e+00,2.200647668585935389e+04
2.202646579480671789e+04,1.000000000000000000e+00,9.999546021313913124e-01,0.000000000000000000e+00,1.000000041275522777e+00,2.200647668668254482e+04
2.202746579480465152e+04,1.000045399929668788e+00,1.000000000000000000e+00,1.000045441169622906e+00,0.000000000000000000e+00,2.200747577917637682e+04
2.202646488647830120e+04,9.999999587619536889e-01,9.999545608952171705e-01,1.000000000000033973e+00,1.000000000037474912e+00,0.000000000000000000e+00
0.000000000000000000e+00,1.000000000000000000e+00,4.539992976418620455e-05,4.539992976248484740e-05,4.539992789028121558e-05,4.539993163468933302e-05
2.202646579480671789e+04,0.000000000000000000e+00,1.000000000037474912e+00,1.000000000000000000e+00,9.999999587619707864e-01,1.000000041238047865e+00
2.202746579480465152e+04,2.202746579480465152e+04,0.000000000000000000e+00,1.000045399929668788e+00,1.000045358689767294e+00,1.000045441169588933e+00
2.202646488647755541e+04,2.202646488647755541e+04,9.999999587993946282e-01,0.000000000000000000e+00,9.999999175238922788e-01,9.999999999999660272e-01
2.202646488565286563e+04,2.202646488565286563e+04,9.999999587619536889e-01,9.999999587244788879e-01,0.000000000000000000e+00,9.999999999625251990e-01
1.000908328416618920e+00,1.000908328416618920e+00,4.544116781050351058e-05,4.544116780880061521e-05,4.544116593489640551e-05,0.000000000000000000e+00
0.000000000000000000e+00,4.539992976248484740e-05,4.539992976078505556e-05,4.539786870243865007e-05,4.539993163639068340e-05,4.539992789197947598e-05
1.000000000000000000e+00,0.000000000000000000e+00,4.539992976078505556e-05,4.539786870243865007e-05,4.539993163639068340e-05,4.539992789197947598e-05
2.202646579398127869e+04,9.999999999625251990e-01,0.000000000000000000e+00,9.999546020939181767e-01,1.000000041238047865e+00,9.999999587619025077e-01
2.202646579480671789e+04,1.000000000000000000e+00,9.999999999625595049e-01,0.000000000000000000e+00,1.000000041275522777e+00,9.999999587993773087e-01
2.202646670313479626e+04,1.000000041238030990e+00,1.000000041200590495e+00,9.999546433675501333e-01,0.000000000000000000e+00,1.000000000037406522e+00
2.202646488647830120e+04,9.999999587619536889e-01,9.999999587245131938e-01,9.999545608952171705e-01,1.000000000037474912e+00,0.000000000000000000e+00
0.000000000000000000e+00,1.000000000000000000e+00,4.539992976418620455e-05,4.539993163468778804e-05,4.539993163298953441e-05,4.539993163468933302e-05
1.000000000000000000e+00,0.000000000000000000e+00,1.000000000037474912e+00,1.000000041238013893e+00,1.000000041200607370e+00,1.000000041238047865e+00
1.000000000037440495e+00,2.202646579563140040e+04,0.000000000000000000e+00,1.000000041275454610e+00,1.000000041238047865e+00,1.000000041275488583e+00
1.000045399929668788e+00,2.202746579480465152e+04,1.000045399967145254e+00,0.000000000000000000e+00,1.000045441132146662e+00,1.000045441169588933e+00
9.999999587244788879e-01,2.202646488565286563e+04,9.999999587619536889e-01,9.999999999624912261e-01,0.000000000000000000e+00,9.999999999625251990e-01
1.000000041200624468e+00,2.202646670231085955e+04,1.000000041238099158e+00,1.000000082438640137e+00,1.000000082401233614e+00,0.000000000000000000e+00
0.000000000000000000e+00,1.000000000000000000e+00,9.999546021312976096e-01,1.000000041238082060e+00,1.000000041275522777e+00,2.200647668668254482e+04
1.000000000000000000e+00,0.000000000000000000e+00,4.539786870243439458e-05,4.539993163469088479e-05,4.539993163639068340e-05,9.990924958951478141e-01
2.202646579398127869e+04,9.999999999625251990e-01,0.000000000000000000e+00,1.000000041200607370e+00,1.000000041238047865e+00,2.200647668585785505e+04
2.202646488647905062e+04,9.999999587619876618e-01,9.999545608951574405e-01,0.000000000000000000e+00,1.000000000037508885e+00,2.200647577917918898e+04
2.202646488730298370e+04,9.999999587993942951e-01,9.999545609325622975e-01,1.000000000037474690e+00,0.000000000000000000e+00,2.200647578000237627e+04
2.202646488647830120e+04,9.999999587619536889e-01,9.999545608951234676e-01,1.000000000000034195e+00,1.000000000037474912e+00,0.000000000000000000e+00
0.000000000000000000e+00,1.000000000000000000e+00,4.539992976418620455e-05,4.539992976248484740e-05,9.990916719578841754e-01,4.539786870243865007e-05
1.000000000000000000e+00,0.000000000000000000e+00,1.000000000037474912e+00,1.000000000000000000e+00,2.200645853825658924e+04,9.999546021313913124e-01
1.000045399929762491e+00,2.202746579480671789e+04,0.000000000000000000e+00,1.000045399929762491e+00,2.200745762992854725e+04,1.000000000000093703e+00
9.999999587619194941e-01,2.202646488647754813e+04,9.999999587993944061e-01,0.000000000000000000e+00,2.200645763075248396e+04,9.999545608951829756e-01
9.999999587244788879e-01,2.202646488565286563e+04,9.999999587619536889e-01,9.999999587244788879e-01,0.000000000000000000e+00,9.999545608577440348e-01
4.544116780880061521e-05,1.000908328416618920e+00,4.544116781050351058e-05,4.544116780880061521e-05,9.999991753143308015e-01,0.000000000000000000e+00
0.000000000000000000e+00,2.202646579480671789e+04,9.999999999625253100e-01,1.000000041238082060e+00,9.999546021313910904e-01,2.200647668668254482e+04
1.000000000000000000e+00,0.000000000000000000e+00,4.539992976078349702e-05,4.539993163469088479e-05,4.539786870243863652e-05,9.990924958951478141e-01
2.202646579398127869e+04,2.202646579398127869e+04,0.000000000000000000e+00,1.000000041200607370e+00,9.999546020939179547e-01,2.200647668585785505e+04
2.202646579480671789e+04,2.202646579480671789e+04,9.999999999625253100e-01,0.000000000000000000e+00,9.999546021313910904e-01,2.200647668668254482e+04
1.000909153852054256e+00,1.000909153852054256e+00,4.544120528180850690e-05,4.544120715741956253e-05,0.000000000000000000e+00,1.000000824686349432e+00
2.202746579480465152e+04,2.202746579480465152e+04,1.000045399892192322e+00,1.000045441169623128e+00,9.999999999999997780e-01,0.000000000000000000e+00
0.000000000000000000e+00,1.000000000000000000e+00,4.539786870243863652e-05,4.539993163468778804e-05,9.990916719578841754e-01,4.539992789197947598e-05
4.539992976248484740e-05,0.000000000000000000e+00,4.539786870243863652e-05,4.539993163468778804e-05,9.990916719578841754e-01,4.539992789197947598e-05
1.000000000037474690e+00,2.202646579563215346e+04,0.000000000000000000e+00,1.000000041275488805e+00,2.200645853908127538e+04,9.999999588368519987e-01
9.999999587619194941e-01,2.202646488647754813e+04,9.999545608951827536e-01,0.000000000000000000e+00,2.200645763075248396e+04,9.999999175612985791e-01
1.000045399929669010e+00,2.202746579480465880e+04,1.000000000000000000e+00,1.000045441169555183e+00,0.000000000000000000e+00,1.000045358727175815e+00
4.544116780880061521e-05,1.000908328416618920e+00,4.543910487663499470e-05,4.544116968270412696e-05,9.999991753143308015e-01,0.000000000000000000e+00
0.000000000000000000e+00,2.202646579480671789e+04,9.999999999625253100e-01,1.000000000000000000e+00,1.000000041200607370e+00,2.200647668668254482e+04
4.539992976248484740e-05,0.000000000000000000e+00,4.539992976078349702e-05,4.539992976248484740e-05,4.539993163298953441e-05,9.990924958951478141e-01
1.000045399929669010e+00,2.202746579480465880e+04,0.000000000000000000e+00,1.000045399929669010e+00,1.000045441132146884e+00,2.200747577917638046e+04
9.999999587619876618e-01,2.202646488647905062e+04,9.999999587245129717e-01,0.000000000000000000e+00,9.999999999625934777e-01,2.200647577917918898e+04
4.544120528351140226e-05,1.000909153852054256e+00,4.544120528180850690e-05,4.544120528351140226e-05,0.000000000000000000e+00,1.000000824686349432e+00
1.000000041200624468e+00,2.202646670231085955e+04,1.000000041163149556e+00,1.000000041200624468e+00,1.000000082401233614e+00,0.000000000000000000e+00
0.000000000000000000e+00,1.000000000000000000e+00,9.999546021313913124e-01,1.000000041238013893e+00,2.200645853825658924e+04,9.999999587993773087e-01
4.539992976248484740e-05,0.000000000000000000e+00,4.539786870243865007e-05,4.539993163468778804e-05,9.990916719578841754e-01,4.539992789197947598e-05
1.000000000037474690e+00,1.000000000037474690e+00,0.000000000000000000e+00,1.000000041275488805e+00,2.200645853908127538e+04,9.999999588368519987e-01
1.000000000000000000e+00,1.000000000000000000e+00,9.999546021313913124e-01,0.000000000000000000e+00,2.200645853825658924e+04,9.999999587993773087e-01
9.999999587993942951e-01,9.999999587993942951e-01,9.999545609326560003e-01,1.000000000037406522e+00,0.000000000000000000e+00,9.999999175987732691e-01
4.544116780880061521e-05,4.544116780880061521e-05,4.543910487663500148e-05,4.544116968270412696e-05,9.999991753143308015e-01,0.000000000000000000e+00
0.000000000000000000e+00,1.000000000000000000e+00,9.999999999625253100e-01,1.000000000000000000e+00,9.999546021313913124e-01,1.000000041238047865e+00
1.000000000000000000e+00,0.000000000000000000e+00,9.999999999625253100e-01,1.000000000000000000e+00,9.999546021313913124e-01,1.000000041238047865e+00
1.000045399929668788e+00,1.000045399929668788e+00,0.000000000000000000e+00,1.000045399929668788e+00,1.000000000000000000e+00,1.000045441169588933e+00
9.999999587619876618e-01,9.999999587619876618e-01,9.999999587245129717e-01,0.000000000000000000e+00,9.999545608952511433e-01,1.000000000000033973e+00
4.544120528351140226e-05,4.544120528351140226e-05,4.544120528180850690e-05,4.544120528351140226e-05,0.000000000000000000e+00,4.544120715741800399e-05
1.000000041200624468e+00,1.000000041200624468e+00,1.000000041163149556e+00,1.000000041200624468e+00,9.999546433301452764e-01,0.000000000000000000e+00
0.000000000000000000e+00,2.202646579480671789e+04,9.999546021313913124e-01,9.999546021313913124e-01,1.000000041275522777e+00,1.000000041238047865e+00
2.202646579480671789e+04,0.000000000000000000e+00,9.999546021313913124e-01,9.999546021313913124e-01,1.000000041275522777e+00,1.000000041238047865e+00
2.202646579563215346e+04,2.202646579563215346e+04,0.000000000000000000e+00,9.999546021688643371e-01,1.000000041312997467e+00,1.000000041275522777e+00
2.202646579480671789e+04,2.202646579480671789e+04,9.999546021313913124e-01,0.000000000000000000e+00,1.000000041275522777e+00,1.000000041238047865e+00
2.202746579480465152e+04,2.202746579480465152e+04,1.000000000000000000e+00,1.000000000000000000e+00,0.000000000000000000e+00,1.000045441169588933e+00
2.202646488647830120e+04,2.202646488647830120e+04,9.999545608952171705e-01,9.999545608952171705e-01,1.000000000037474912e+00,0.000000000000000000e+00
0.000000000000000000e+00,1.000000000000000000e+00,4.539786870243863652e-05,4.539992976248484740e-05,4.539993163639068340e-05,9.990924958951478141e-01
1.000000000000000000e+00,0.000000000000000000e+00,4.539786870243863652e-05,4.539992976248484740e-05,4.539993163639068340e-05,9.990924958951478141e-01
2.202746579480465152e+04,2.202746579480465152e+04,0.000000000000000000e+00,1.000045399929668788e+00,1.000045441207065400e+00,2.200747577917637682e+04
2.202746579480465152e+04,2.202746579480465152e+04,9.999999999999997780e-01,0.000000000000000000e+00,1.000045441207065400e+00,2.200747577917637682e+04
2.202646488565286563e+04,2.202646488565286563e+04,9.999545608577438127e-01,9.999999587244788879e-01,0.000000000000000000e+00,2.200647577835374977e+04
2.202646488647830120e+04,2.202646488647830120e+04,9.999545608952169484e-01,9.999999587619536889e-01,1.000000000037474912e+00,0.000000000000000000e+00
0.000000000000000000e+00,1.000000000000000000e+00,4.539786870243863652e-05,4.539992976248484740e-05,9.990916719578841754e-01,4.539992789197947598e-05
1.000000000000000000e+00,0.000000000000000000e+00,4.539786870243863652e-05,4.539992976248484740e-05,9.990916719578841754e-01,4.539992789197947598e-05
2.202746579480465880e+04,2.202746579480465880e+04,0.000000000000000000e+00,1.000045399929669010e+00,2.200745762992648815e+04,1.000045358727175815e+00
2.202646579480671789e+04,2.202646579480671789e+04,9.999546021313910904e-01,0.000000000000000000e+00,2.200645853825658924e+04,9.999999587993773087e-01
2.202646488565286563e+04,2.202646488565286563e+04,9.999545608577438127e-01,9.999999587244788879e-01,0.000000000000000000e+00,9.999999175238578619e-01
1.000908328416618920e+00,1.000908328416618920e+00,4.543910487663499470e-05,4.544116780880061521e-05,9.999991753143308015e-01,0.000000000000000000e+00
0.000000000000000000e+00,1.000000000000000000e+00,9.981849914538160062e-01,4.539786870243863652e-05,4.539786870243865007e-05,9.990924958951478141e-01
4.539992976248484740e-05,0.000000000000000000e+00,9.981849914538160062e-01,4.539786870243863652e-05,4.539786870243865007e-05,9.990924958951478141e-01
1.000045399929669010e+00,2.202746579480465880e+04,0.000000000000000000e+00,1.000000000000000000e+00,1.000000000000000222e+00,2.200747577917638046e+04
1.000000000000000000e+00,2.202646579480671789e+04,2.198648757114691398e+04,0.000000000000000000e+00,9.999546021313913124e-01,2.200647668668254482e+04
4.544120528351140226e-05,1.000909153852054256e+00,9.990924951838588974e-01,4.543914234964451269e-05,0.000000000000000000e+00,1.000000824686349432e+00
1.000000041200624468e+00,2.202646670231085955e+04,2.198648847700392798e+04,9.999546433301450543e-01,9.999546433301452764e-01,0.000000000000000000e+00
0.000000000000000000e+00,2.202646579480671789e+04,9.999546021312976096e-01,9.999999587244959853e-01,9.999999587619707864e-01,2.200647668668254482e+04
4.539992976248484740e-05,0.000000000000000000e+00,4.539786870243439458e-05,4.539992788857987198e-05,4.539992789028121558e-05,9.990924958951478141e-01
4.548248085393639684e-05,1.001818308792181478e+00,0.000000000000000000e+00,4.548247897662407893e-05,4.548247897832851928e-05,1.000909154564636472e+00
1.000045399929669010e+00,2.202746579480465880e+04,9.999999999999065192e-01,0.000000000000000000e+00,1.000045358689767516e+00,2.200747577917638046e+04
1.000045399929668788e+00,2.202746579480465152e+04,9.999999999999062972e-01,1.000045358652290828e+00,0.000000000000000000e+00,2.200747577917637682e+04
4.544116780880061521e-05,1.000908328416618920e+00,4.543910487663074598e-05,4.544116593319351015e-05,4.544116593489640551e-05,0.000000000000000000e+00
0.000000000000000000e+00,2.202646579480671789e+04,9.999546021312976096e-01,1.000000000000000000e+00,2.200645853825658924e+04,2.200647668668254482e+04
1.000000000000000000e+00,0.000000000000000000e+00,4.539786870243439458e-05,4.539992976248484740e-05,9.990916719578841754e-01,9.990924958951478141e-01
2.202746579480671789e+04,2.202746579480671789e+04,0.000000000000000000e+00,1.000045399929762491e+00,2.200745762992854725e+04,2.200747577917843955e+04
2.202646670396023183e+04,2.202646670396023183e+04,9.999546434049294552e-01,0.000000000000000000e+00,2.200645944658429289e+04,2.200647759501099790e+04
2.202646670313479626e+04,2.202646670313479626e+04,9.999546433674564305e-01,1.000000041238030990e+00,0.000000000000000000e+00,2.200647759418631176e+04
1.000908328416618920e+00,1.000908328416618920e+00,4.543910487663074598e-05,4.544116780880061521e-05,9.999991753143308015e-01,0.000000000000000000e+00
0.000000000000000000e+00,4.539992976248484740e-05,9.981849914538160062e-01,4.539992976248484740e-05,4.539992789028121558e-05,9.990924958951478141e-01
1.000000000000000000e+00,0.000000000000000000e+00,9.981849914538160062e-01,4.539992976248484740e-05,4.539992789028121558e-05,9.990924958951478141e-01
2.202746579480671789e+04,1.000045399929762491e+00,0.000000000000000000e+00,1.000045399929762491e+00,1.000045358689860997e+00,2.200747577917843955e+04
2.202646579480671789e+04,1.000000000000000000e+00,2.198648757114691398e+04,0.000000000000000000e+00,9.999999587619707864e-01,2.200647668668254482e+04
1.000909153852054256e+00,4.544120528351140226e-05,9.990924951838588974e-01,4.544120528351140226e-05,0.000000000000000000e+00,1.000000824686349432e+00
1.000908328416618920e+00,4.544116780880061521e-05,9.990916712465959248e-01,4.544116780880061521e-05,4.544116593489640551e-05,0.000000000000000000e+00
0.000000000000000000e+00,1.000000000000000000e+00,4.539992976078505556e-05,9.990908465228237612e-01,4.539992789028121558e-05,4.539786870243865007e-05
2.202646579480671789e+04,0.000000000000000000e+00,9.999999999625595049e-01,2.200644035683946640e+04,9.999999587619707864e-01,9.999546021313913124e-01
1.001818308792181478e+00,1.001818308792181478e+00,0.000000000000000000e+00,1.000907502193244314e+00,4.548247897832851928e-05,4.548041604624659240e-05
2.202646579480671789e+04,2.202646579480671789e+04,9.999999999625595049e-01,0.000000000000000000e+00,9.999999587619707864e-01,9.999546021313913124e-01
2.202646670313479626e+04,2.202646670313479626e+04,1.000000041200590495e+00,2.200644126434173450e+04,0.000000000000000000e+00,9.999546433675501333e-01
1.000908328416618920e+00,1.000908328416618920e+00,4.544116780709927161e-05,9.999983491295042493e-01,4.544116593489640551e-05,0.000000000000000000e+00
0.000000000000000000e+00,1.000000000000000000e+00,4.539992976078505556e-05,4.539993163468778804e-05,4.539992976248484740e-05,9.990924958951478141e-01
1.000000000000000000e+00,0.000000000000000000e+00,4.539992976078505556e-05,4.539993163468778804e-05,4.539992976248484740e-05,9.990924958951478141e-01
2.202646579563140040e+04,2.202646579563140040e+04,0.000000000000000000e+00,1.000000041275454610e+00,1.000000000037440495e+00,2.200647668750647790e+04
1.000909980789375098e+00,1.000909980789375098e+00,4.544124282470634067e-05,0.000000000000000000e+00,4.544124282640768427e-05,1.000001650873221237e+00
2.202646670313479626e+04,2.202646670313479626e+04,1.000000041200590495e+00,1.000000082476046659e+00,0.000000000000000000e+00,2.200647759418631176e+04
2.202746579480465152e+04,2.202746579480465152e+04,1.000045399892226516e+00,1.000045441169554961e+00,1.000045399929668788e+00,0.000000000000000000e+00
0.000000000000000000e+00,1.000000000000000000e+00,4.539992976248484740e-05,4.539993163468778804e-05,9.990916719578841754e-01,4.539992789197947598e-05
1.000000000000000000e+00,0.000000000000000000e+00,4.539992976248484740e-05,4.539993163468778804e-05,9.990916719578841754e-01,4.539992789197947598e-05
2.202646579563140040e+04,2.202646579563140040e+04,0.000000000000000000e+00,1.000000041275454610e+00,2.200645853908052231e+04,9.999999588368178038e-01
2.202646488647905062e+04,2.202646488647905062e+04,9.999999587619876618e-01,0.000000000000000000e+00,2.200645763075398281e+04,9.999999175613667468e-01
2.202646579480671789e+04,2.202646579480671789e+04,1.000000000000000000e+00,1.000000041238013893e+00,0.000000000000000000e+00,9.999999587993773087e-01
1.000908328416618920e+00,1.000908328416618920e+00,4.544116780880061521e-05,4.544116968270412696e-05,9.999991753143308015e-01,0.000000000000000000e+00
0.000000000000000000e+00,4.539992976248484740e-05,9.981849914538160062e-01,4.539993163468933302e-05,4.539993163298953441e-05,9.990924958951478141e-01
4.539992976248484740e-05,0.000000000000000000e+00,9.981849914538160062e-01,4.539993163468933302e-05,4.539993163298953441e-05,9.990924958951478141e-01
1.000000000000000000e+00,1.000000000000000000e+00,0.000000000000000000e+00,1.000000041238047865e+00,1.000000041200607370e+00,2.200647668668254482e+04
9.999999587619876618e-01,9.999999587619876618e-01,2.198648666446786956e+04,0.000000000000000000e+00,9.999999999625934777e-01,2.200647577917918898e+04
4.544120528351140226e-05,4.544120528351140226e-05,9.990924951838588974e-01,4.544120715741800399e-05,0.000000000000000000e+00,1.000000824686349432e+00
1.000000041200624468e+00,1.000000041200624468e+00,2.198648847700392798e+04,1.000000082438674109e+00,1.000000082401233614e+00,0.000000000000000000e+00
0.000000000000000000e+00,2.202646579480671789e+04,9.999546021313913124e-01,2.200644035683946640e+04,9.999999587619707864e-01,9.999546021313913124e-01
1.000000000000000000e+00,0.000000000000000000e+00,9.999546021313913124e-01,2.200644035683946640e+04,9.999999587619707864e-01,9.999546021313913124e-01
4.548248085393639684e-05,1.001818308792181478e+00,0.000000000000000000e+00,1.000907502193244314e+00,4.548247897832851928e-05,4.548041604624659240e-05
9.999999587619536889e-01,2.202646488647830120e+04,9.999545608952171705e-01,0.000000000000000000e+00,9.999999175239262517e-01,9.999545608952171705e-01
9.999999587993942951e-01,2.202646488730298370e+04,9.999545609326560003e-01,2.200643945016079306e+04,0.000000000000000000e+00,9.999545609326560003e-01
4.544116780880061521e-05,1.000908328416618920e+00,4.543910487663500148e-05,9.999983491295042493e-01,4.544116593489640551e-05,0.000000000000000000e+00
0.000000000000000000e+00,2.202646579480671789e+04,9.999546021313913124e-01,1.000000000000000000e+00,9.999546021313910904e-01,2.200647668668254482e+04
4.539992976248484740e-05,0.000000000000000000e+00,4.539786870243865007e-05,4.539992976248484740e-05,4.539786870243863652e-05,9.990924958951478141e-01
1.000045399929668788e+00,2.202746579480465152e+04,0.000000000000000000e+00,1.000045399929668788e+00,9.999999999999997780e-01,2.200747577917637682e+04
4.544124282640768427e-05,1.000909980789375098e+00,4.543917989083643566e-05,0.000000000000000000e+00,4.543917989083642888e-05,1.000001650873221237e+00
1.000000041238030990e+00,2.202646670313479626e+04,9.999546433675501333e-01,1.000000041238030990e+00,0.000000000000000000e+00,2.200647759418631176e+04
1.000045399929668788e+00,2.202746579480465152e+04,1.000000000000000000e+00,1.000045399929668788e+00,9.999999999999997780e-01,0.000000000000000000e+00
0.000000000000000000e+00,2.202646579480671789e+04,9.999546021312976096e-01,1.000000000000000000e+00,2.200645853825658924e+04,2.200647668668254482e+04
4.539992976248484740e-05,0.000000000000000000e+00,4.539786870243439458e-05,4.539992976248484740e-05,9.990916719578841754e-01,9.990924958951478141e-01
1.000045399929668788e+00,2.202746579480465152e+04,0.000000000000000000e+00,1.000045399929668788e+00,2.200745762992648451e+04,2.200747577917637682e+04
1.000000000000000000e+00,2.202646579480671789e+04,9.999546021312976096e-01,0.000000000000000000e+00,2.200645853825658924e+04,2.200647668668254482e+04
1.000045399929669010e+00,2.202746579480465880e+04,9.999999999999065192e-01,1.000045399929669010e+00,0.000000000000000000e+00,2.200747577917638046e+04
4.544116780880061521e-05,1.000908328416618920e+00,4.543910487663074598e-05,4.544116780880061521e-05,9.999991753143308015e-01,0.000000000000000000e+00
0.000000000000000000e+00,2.202646579480671789e+04,9.999999999625253100e-01,1.000000000000000000e+00,2.200645853825658924e+04,9.999999587993773087e-01
1.000000000000000000e+00,0.000000000000000000e+00,4.539992976078349702e-05,4.539992976248484740e-05,9.990916719578841754e-01,4.539992789197947598e-05
2.202746579480671789e+04,2.202746579480671789e+04,0.000000000000000000e+00,1.000045399929762491e+00,2.200745762992854725e+04,1.000045358727269296e+00
2.202646579480671789e+04,2.202646579480671789e+04,9.999999999625253100e-01,0.000000000000000000e+00,2.200645853825658924e+04,9.999999587993773087e-01
1.000909153852054256e+00,1.000909153852054256e+00,4.544120528180850690e-05,4.544120528351140226e-05,0.000000000000000000e+00,4.544120341130545297e-05
1.000908328416618920e+00,1.000908328416618920e+00,4.544116780709771985e-05,4.544116780880061521e-05,9.999991753143308015e-01,0.000000000000000000e+00
0.000000000000000000e+00,1.000000000000000000e+00,9.981849914538160062e-01,4.539786870243865007e-05,4.539993163298953441e-05,9.990924958951478141e-01
1.000000000000000000e+00,0.000000000000000000e+00,9.981849914538160062e-01,4.539786870243865007e-05,4.539993163298953441e-05,9.990924958951478141e-01
2.202646579563215346e+04,2.202646579563215346e+04,0.000000000000000000e+00,9.999546021688643371e-01,1.000000041238082060e+00,2.200647668750723096e+04
2.202646579480671789e+04,2.202646579480671789e+04,2.198648757114691398e+04,0.000000000000000000e+00,1.000000041200607370e+00,2.200647668668254482e+04
1.000909153852054256e+00,1.000909153852054256e+00,9.990924951838588974e-01,4.543914234964451947e-05,0.000000000000000000e+00,1.000000824686349432e+00
2.202646670231085955e+04,2.202646670231085955e+04,2.198648847700392798e+04,9.999546433301452764e-01,1.000000082401233614e+00,0.000000000000000000e+00
0.000000000000000000e+00,1.000000000000000000e+00,4.539992976418310780e-05,9.990908465228237612e-01,9.990916719578841754e-01,9.990924958951478141e-01
1.000000000000000000e+00,0.000000000000000000e+00,4.539992976418310780e-05,9.990908465228237612e-01,9.990916719578841754e-01,9.990924958951478141e-01
1.001818308792181478e+00,1.001818308792181478e+00,0.000000000000000000e+00,1.000907502193244314e+00,1.000908329129200469e+00,1.000909154564636472e+00
2.202746579480465152e+04,2.202746579480465152e+04,1.000045399967077087e+00,0.000000000000000000e+00,2.200745762992648451e+04,2.200747577917637682e+04
2.202646488730298370e+04,2.202646488730298370e+04,9.999999588368009285e-01,2.200643945016079306e+04,0.000000000000000000e+00,2.200647578000237627e+04
1.000908328416618920e+00,1.000908328416618920e+00,4.544116781050041383e-05,9.999983491295042493e-01,9.999991753143308015e-01,0.000000000000000000e+00
0.000000000000000000e+00,1.000000000000000000e+00,9.981849914538160062e-01,4.539786870243865007e-05,4.539992789028121558e-05,4.539992789197947598e-05
1.000000000000000000e+00,0.000000000000000000e+00,9.981849914538160062e-01,4.539786870243865007e-05,4.539992789028121558e-05,4.539992789197947598e-05
2.202646579398278118e+04,2.202646579398278118e+04,0.000000000000000000e+00,9.999546020939863444e-01,9.999999587245640420e-01,9.999999587619706753e-01
1.000909980789375098e+00,1.000909980789375098e+00,9.990933206202814443e-01,0.000000000000000000e+00,4.544124095250038459e-05,4.544124095420018998e-05
1.000909153852054256e+00,1.000909153852054256e+00,9.990924951838588974e-01,4.543914234964451947e-05,0.000000000000000000e+00,4.544120341130545297e-05
1.000908328416618920e+00,1.000908328416618920e+00,9.990916712465959248e-01,4.543910487663500148e-05,4.544116593489640551e-05,0.000000000000000000e+00
0.000000000000000000e+00,1.000000000000000000e+00,4.539992976078505556e-05,9.990908465228237612e-01,4.539786870243865007e-05,9.990924958951478141e-01
4.539992976248484740e-05,0.000000000000000000e+00,4.539992976078505556e-05,9.990908465228237612e-01,4.539786870243865007e-05,9.990924958951478141e-01
4.548248085393639684e-05,1.001818308792181478e+00,0.000000000000000000e+00,1.000907502193244314e+00,4.548041604624659240e-05,1.000909154564636472e+00
1.000045399929668788e+00,2.202746579480465152e+04,1.000045399892226516e+00,0.000000000000000000e+00,1.000000000000000000e+00,2.200747577917637682e+04
1.000000041238030990e+00,2.202646670313479626e+04,1.000000041200590495e+00,2.200644126434173450e+04,0.000000000000000000e+00,2.200647759418631176e+04
1.000000041200624468e+00,2.202646670231085955e+04,1.000000041163183750e+00,2.200644126351855084e+04,9.999546433301452764e-01,0.000000000000000000e+00
0.000000000000000000e+00,2.202646579480671789e+04,9.999546021313913124e-01,1.000000041238013893e+00,9.999999587619707864e-01,2.200647668668254482e+04
1.000000000000000000e+00,0.000000000000000000e+00,4.539786870243865007e-05,4.539993163468778804e-05,4.539992789028121558e-05,9.990924958951478141e-01
2.202646579563140040e+04,2.202646579563140040e+04,0.000000000000000000e+00,1.000000041275454610e+00,9.999999587994112815e-01,2.200647668750647790e+04
1.000909980789375098e+00,1.000909980789375098e+00,4.543917989083643566e-05,0.000000000000000000e+00,4.544124095250038459e-05,1.000001650873221237e+00
2.202746579480465152e+04,2.202746579480465152e+04,1.000000000000000000e+00,1.000045441169554961e+00,0.000000000000000000e+00,2.200747577917637682e+04
1.000908328416618920e+00,1.000908328416618920e+00,4.543910487663500148e-05,4.544116968270412696e-05,4.544116593489640551e-05,0.000000000000000000e+00
0.000000000000000000e+00,4.539992976248484740e-05,4.539992976078505556e-05,4.539992976248484740e-05,9.990916719578841754e-01,9.990924958951478141e-01
1.000000000000000000e+00,0.000000000000000000e+00,4.539992976078505556e-05,4.539992976248484740e-05,9.990916719578841754e-01,9.990924958951478141e-01
2.202746579480465152e+04,1.000045399929668788e+00,0.000000000000000000e+00,1.000045399929668788e+00,2.200745762992648451e+04,2.200747577917637682e+04
2.202646488647905062e+04,9.999999587619876618e-01,9.999999587245471666e-01,0.000000000000000000e+00,2.200645763075398281e+04,2.200647577917918898e+04
2.202646670313479626e+04,1.000000041238030990e+00,1.000000041200590495e+00,1.000000041238030990e+00,0.000000000000000000e+00,2.200647759418631176e+04
1.000908328416618920e+00,4.544116780880061521e-05,4.544116780709927161e-05,4.544116780880061521e-05,9.999991753143308015e-01,0.000000000000000000e+00
0.000000000000000000e+00,4.539992976248484740e-05,4.539992602147341339e-05,4.539786870243865007e-05,9.990916719578841754e-01,4.539993163468933302e-05
2.202646579480671789e+04,0.000000000000000000e+00,9.999999175987396294e-01,9.999546021313913124e-01,2.200645853825658924e+04,1.000000041238047865e+00
2.202646579563140040e+04,1.000000000037440495e+00,0.000000000000000000e+00,9.999546021688301423e-01,2.200645853908052231e+04,1.000000041275488583e+00
2.202646579480671789e+04,1.000000000000000000e+00,9.999999175987396294e-01,0.000000000000000000e+00,2.200645853825658924e+04,1.000000041238047865e+00
1.000909153852054256e+00,4.544120528351140226e-05,4.544120153909881249e-05,4.543914234964451947e-05,0.000000000000000000e+00,4.544120715741800399e-05
1.000908328416618920e+00,4.544116780880061521e-05,4.544116406439110864e-05,4.543910487663500148e-05,9.999991753143308015e-01,0.000000000000000000e+00
0.000000000000000000e+00,1.000000000000000000e+00,9.981849914538160062e-01,4.539993163128972224e-05,4.539993163639068340e-05,4.539993163468933302e-05
2.202646579480671789e+04,0.000000000000000000e+00,2.198648757114691398e+04,1.000000041163166653e+00,1.000000041275522777e+00,1.000000041238047865e+00
2.202646760981541229e+04,2.202646760981541229e+04,0.000000000000000000e+00,1.000000123564437349e+00,1.000000123676793473e+00,1.000000123639318561e+00
2.202746579480465152e+04,2.202746579480465152e+04,2.198748575613630601e+04,0.000000000000000000e+00,1.000045441207065400e+00,1.000045441169588933e+00
1.000909153852054256e+00,1.000909153852054256e+00,9.990924951838588974e-01,4.544120715401531001e-05,0.000000000000000000e+00,4.544120715741800399e-05
2.202646488647830120e+04,2.202646488647830120e+04,2.198648666446712014e+04,9.999999999251186766e-01,1.000000000037474912e+00,0.000000000000000000e+00
0.000000000000000000e+00,1.000000000000000000e+00,4.539786870243863652e-05,4.539992788857987198e-05,4.539993163639068340e-05,4.539992789197947598e-05
4.539992976248484740e-05,0.000000000000000000e+00,4.539786870243863652e-05,4.539992788857987198e-05,4.539993163639068340e-05,4.539992789197947598e-05
4.548248085393639684e-05,1.001818308792181478e+00,0.000000000000000000e+00,4.548247897662407893e-05,4.548248273124956857e-05,4.548247898002986289e-05
9.999999588368350123e-01,2.202646488812767348e+04,9.999545609700948301e-01,0.000000000000000000e+00,1.000000000112356124e+00,9.999999176362139863e-01
9.999999587244788879e-01,2.202646488565286563e+04,9.999545608577438127e-01,9.999999174489766496e-01,0.000000000000000000e+00,9.999999175238578619e-01
9.999999587619536889e-01,2.202646488647830120e+04,9.999545608952169484e-01,9.999999174864514506e-01,1.000000000037474912e+00,0.000000000000000000e+00
0.000000000000000000e+00,1.000000000000000000e+00,9.999546021312976096e-01,9.999546021313910904e-01,1.000000041200607370e+00,2.200647668668254482e+04
1.000000000000000000e+00,0.000000000000000000e+00,4.539786870243439458e-05,4.539786870243863652e-05,4.539993163298953441e-05,9.990924958951478141e-01
2.202746579480465880e+04,1.000045399929669010e+00,0.000000000000000000e+00,1.000000000000000000e+00,1.000045441132146884e+00,2.200747577917638046e+04
2.202646670396023183e+04,1.000000041275505680e+00,9.999546434049294552e-01,0.000000000000000000e+00,1.000000082476114827e+00,2.200647759501099790e+04
2.202646488565286563e+04,9.999999587244788879e-01,9.999545608576503319e-01,9.999545608577438127e-01,0.000000000000000000e+00,2.200647577835374977e+04
2.202646670231085955e+04,1.000000041200624468e+00,9.999546433300515735e-01,9.999546433301450543e-01,1.000000082401233614e+00,0.000000000000000000e+00
0.000000000000000000e+00,4.539992976248484740e-05,4.539992976418310780e-05,4.539992976248484740e-05,9.990916719578841754e-01,4.539993163468933302e-05
2.202646579480671789e+04,0.000000000000000000e+00,1.000000000037406744e+00,1.000000000000000000e+00,2.200645853825658924e+04,1.000000041238047865e+00
2.202746579480671789e+04,1.000045399929762491e+00,0.000000000000000000e+00,1.000045399929762491e+00,2.200745762992854725e+04,1.000045441169682636e+00
2.202746579480465880e+04,1.000045399929669010e+00,1.000045399967077309e+00,0.000000000000000000e+00,2.200745762992648815e+04,1.000045441169589155e+00
2.202646488730298370e+04,9.999999587993942951e-01,9.999999588368009285e-01,9.999999587993942951e-01,0.000000000000000000e+00,1.000000000037440495e+00
1.000908328416618920e+00,4.544116780880061521e-05,4.544116781050041383e-05,4.544116780880061521e-05,9.999991753143308015e-01,0.000000000000000000e+00
0.000000000000000000e+00,1.000000000000000000e+00,4.539992602147341339e-05,4.539993163469087124e-05,4.539786870243865007e-05,4.539786870243865007e-05
1.000000000000000000e+00,0.000000000000000000e+00,9.999999175987396294e-01,1.000000041238081838e+00,9.999546021313913124e-01,9.999546021313913124e-01
9.999999999625933667e-01,2.202646579398278118e+04,0.000000000000000000e+00,1.000000041200675316e+00,9.999546020939863444e-01,9.999546020939863444e-01
1.000000000000000000e+00,2.202646579480671789e+04,9.999999175987396294e-01,0.000000000000000000e+00,9.999546021313913124e-01,9.999546021313913124e-01
4.544120528351140226e-05,1.000909153852054256e+00,4.544120153909881249e-05,4.544120715741954897e-05,0.000000000000000000e+00,4.543914234964451947e-05
9.999999587619536889e-01,2.202646488647830120e+04,9.999998763606967600e-01,1.000000000000033973e+00,9.999545608952171705e-01,0.000000000000000000e+00
0.000000000000000000e+00,1.000000000000000000e+00,9.999546021313913124e-01,1.000000041163166653e+00,1.000000000000000000e+00,2.200647668668254482e+04
1.000000000000000000e+00,0.000000000000000000e+00,4.539786870243865007e-05,4.539993163128972224e-05,4.539992976248484740e-05,9.990924958951478141e-01
2.202646760981541229e+04,1.000000082401267143e+00,0.000000000000000000e+00,1.000000123564437349e+00,1.000000082401267143e+00,2.200647850004410793e+04
2.202646488647755541e+04,9.999999587619197161e-01,9.999545608951831976e-01,0.000000000000000000e+00,9.999999587619197161e-01,2.200647577917769377e+04
2.202746579480465152e+04,1.000045399929668788e+00,1.000000000000000000e+00,1.000045441094704168e+00,0.000000000000000000e+00,2.200747577917637682e+04
2.202746579480465152e+04,1.000045399929668788e+00,1.000000000000000000e+00,1.000045441094704168e+00,1.000045399929668788e+00,0.000000000000000000e+00
0.000000000000000000e+00,1.000000000000000000e+00,4.539992976248484740e-05,4.539992976248484740e-05,9.990916719578841754e-01,4.539993163468933302e-05
1.000000000000000000e+00,0.000000000000000000e+00,1.000000000000000000e+00,1.000000000000000000e+00,2.200645853825658924e+04,1.000000041238047865e+00
1.000045399929668788e+00,2.202746579480465152e+04,0.000000000000000000e+00,1.000045399929668788e+00,2.200745762992648451e+04,1.000045441169588933e+00
9.999999588368350123e-01,2.202646488812767348e+04,9.999999588368350123e-01,0.000000000000000000e+00,2.200645763240110682e+04,1.000000000074881212e+00
1.000000000000000000e+00,2.202646579480671789e+04,1.000000000000000000e+00,1.000000000000000000e+00,0.000000000000000000e+00,1.000000041238047865e+00
4.544116780880061521e-05,1.000908328416618920e+00,4.544116780880061521e-05,4.544116780880061521e-05,9.999991753143308015e-01,0.000000000000000000e+00
0.000000000000000000e+00,1.000000000000000000e+00,9.999999999625253100e-01,1.000000041238047865e+00,9.999546021313913124e-01,2.200647668668254482e+04
1.000000000000000000e+00,0.000000000000000000e+00,4.539992976078349702e-05,4.539993163468933302e-05,4.539786870243865007e-05,9.990924958951478141e-01
2.202646579480671789e+04,1.000000000000000000e+00,0.000000000000000000e+00,1.000000041238047865e+00,9.999546021313913124e-01,2.200647668668254482e+04
2.202646579480671789e+04,1.000000000000000000e+00,9.999999999625253100e-01,0.000000000000000000e+00,9.999546021313913124e-01,2.200647668668254482e+04
1.000909153852054256e+00,4.544120528351140226e-05,4.544120528180850690e-05,4.544120715741800399e-05,0.000000000000000000e+00,1.000000824686349432e+00
2.202646488647830120e+04,9.999999587619536889e-01,9.999999587244789989e-01,1.000000000000000000e+00,9.999545608952171705e-01,0.000000000000000000e+00
0.000000000000000000e+00,4.539992976248484740e-05,4.539992789197948276e-05,4.539993163468778804e-05,4.539992789028121558e-05,4.539993163468933302e-05
2.202646579480671789e+04,0.000000000000000000e+00,9.999999587993775307e-01,1.000000041238013893e+00,9.999999587619707864e-01,1.000000041238047865e+00
2.202646579563215346e+04,1.000000000037474690e+00,0.000000000000000000e+00,1.000000041275488805e+00,9.999999587994454764e-01,1.000000041275522777e+00
2.202646488647830120e+04,9.999999587619536889e-01,9.999999175613329960e-01,0.000000000000000000e+00,9.999999175239262517e-01,1.000000000000000000e+00
2.202746579480465152e+04,1.000045399929668788e+00,1.000045358727175815e+00,1.000045441169554961e+00,0.000000000000000000e+00,1.000045441169588933e+00
1.000908328416618920e+00,4.544116780880061521e-05,4.544116593659621090e-05,4.544116968270412696e-05,4.544116593489640551e-05,0.000000000000000000e+00
0.000000000000000000e+00,4.539992976248484740e-05,4.539992976078505556e-05,4.539993163298953441e-05,4.539993163639068340e-05,4.539993163468933302e-05
1.000000000000000000e+00,0.000000000000000000e+00,9.999999999625595049e-01,1.000000041200607370e+00,1.000000041275522777e+00,1.000000041238047865e+00
1.000000041200624246e+00,1.000000041200624246e+00,0.000000000000000000e+00,1.000000082401233392e+00,1.000000082476148577e+00,1.000000082438673887e+00
9.999999587619876618e-01,9.999999587619876618e-01,9.999999587245471666e-01,0.000000000000000000e+00,1.000000000037508885e+00,1.000000000000033973e+00
1.000000041238030990e+00,1.000000041238030990e+00,1.000000041200590495e+00,1.000000082438640137e+00,0.000000000000000000e+00,1.000000082476080632e+00
9.999999587619536889e-01,9.999999587619536889e-01,9.999999587245131938e-01,9.999999999625595049e-01,1.000000000037474912e+00,0.000000000000000000e+00
0.000000000000000000e+00,2.202646579480671789e+04,9.999546021313913124e-01,9.999546021313913124e-01,1.000000041275522777e+00,1.000000041238047865e+00
2.202646579480671789e+04,0.000000000000000000e+00,9.999546021313913124e-01,9.999546021313913124e-01,1.000000041275522777e+00,1.000000041238047865e+00
2.202646579563140040e+04,2.202646579563140040e+04,0.000000000000000000e+00,9.999546021688301423e-01,1.000000041312963273e+00,1.000000041275488583e+00
2.202646488730298370e+04,2.202646488730298370e+04,9.999545609326560003e-01,0.000000000000000000e+00,1.000000000074915407e+00,1.000000000037440495e+00
2.202646488565286563e+04,2.202646488565286563e+04,9.999545608577440348e-01,9.999545608577440348e-01,0.000000000000000000e+00,9.999999999625251990e-01
2.202646488647830120e+04,2.202646488647830120e+04,9.999545608952171705e-01,9.999545608952171705e-01,1.000000000037474912e+00,0.000000000000000000e+00
0.000000000000000000e+00,1.000000000000000000e+00,4.539786870243863652e-05,4.539786870243863652e-05,4.539786870243865007e-05,9.990924958951478141e-01
4.539992976248484740e-05,0.000000000000000000e+00,4.539786870243863652e-05,4.539786870243863652e-05,4.539786870243865007e-05,9.990924958951478141e-01
1.000045399929668788e+00,2.202746579480465152e+04,0.000000000000000000e+00,9.999999999999997780e-01,1.000000000000000000e+00,2.200747577917637682e+04
1.000045399929668788e+00,2.202746579480465152e+04,9.999999999999997780e-01,0.000000000000000000e+00,1.000000000000000000e+00,2.200747577917637682e+04
9.999999587244788879e-01,2.202646488565286563e+04,9.999545608577438127e-01,9.999545608577438127e-01,0.000000000000000000e+00,2.200647577835374977e+04
9.999999587619536889e-01,2.202646488647830120e+04,9.999545608952169484e-01,9.999545608952169484e-01,9.999545608952171705e-01,0.000000000000000000e+00
0.000000000000000000e+00,2.202646579480671789e+04,9.999546021312976096e-01,1.000000000000000000e+00,2.200645853825658924e+04,9.999999587993773087e-01
1.000000000000000000e+00,0.000000000000000000e+00,4.539786870243439458e-05,4.539992976248484740e-05,9.990916719578841754e-01,4.539992789197947598e-05
2.202746579480465880e+04,2.202746579480465880e+04,0.000000000000000000e+00,1.000045399929669010e+00,2.200745762992648815e+04,1.000045358727175815e+00
2.202746579480465880e+04,2.202746579480465880e+04,9.999999999999065192e-01,0.000000000000000000e+00,2.200745762992648815e+04,1.000045358727175815e+00
2.202746579480465152e+04,2.202746579480465152e+04,9.999999999999062972e-01,1.000045399929668788e+00,0.000000000000000000e+00,1.000045358727175593e+00
1.000908328416618920e+00,1.000908328416618920e+00,4.543910487663074598e-05,4.544116780880061521e-05,9.999991753143308015e-01,0.000000000000000000e+00
0.000000000000000000e+00,4.539992976248484740e-05,4.539992602147341339e-05,4.539992976248484740e-05,4.539993163298953441e-05,9.990924958951478141e-01
4.539992976248484740e-05,0.000000000000000000e+00,4.539992602147341339e-05,4.539992976248484740e-05,4.539993163298953441e-05,9.990924958951478141e-01
1.000045399929762491e+00,1.000045399929762491e+00,0.000000000000000000e+00,1.000045399929762491e+00,1.000045441132240365e+00,2.200747577917843955e+04
1.000000000000000000e+00,1.000000000000000000e+00,9.999999175987396294e-01,0.000000000000000000e+00,1.000000041200607370e+00,2.200647668668254482e+04
4.544120528351140226e-05,4.544120528351140226e-05,4.544120153909881249e-05,4.544120528351140226e-05,0.000000000000000000e+00,1.000000824686349432e+00
1.000000041200624468e+00,1.000000041200624468e+00,9.999999587993605443e-01,1.000000041200624468e+00,1.000000082401233614e+00,0.000000000000000000e+00
0.000000000000000000e+00,2.202646579480671789e+04,9.999546021313913124e-01,1.000000041163166653e+00,2.200645853825658924e+04,1.000000041238047865e+00
2.202646579480671789e+04,0.000000000000000000e+00,9.999546021313913124e-01,1.000000041163166653e+00,2.200645853825658924e+04,1.000000041238047865e+00
2.202646760981541229e+04,2.202646760981541229e+04,0.000000000000000000e+00,1.000000123564437349e+00,2.200646035161666077e+04,1.000000123639318561e+00
2.202646579480671789e+04,2.202646579480671789e+04,9.999546021313913124e-01,0.000000000000000000e+00,2.200645853825658924e+04,1.000000041238047865e+00
2.202646488730298370e+04,2.202646488730298370e+04,9.999545609326560003e-01,9.999999999625592828e-01,0.000000000000000000e+00,1.000000000037440495e+00
1.000908328416618920e+00,1.000908328416618920e+00,4.543910487663500148e-05,4.544116967930297797e-05,9.999991753143308015e-01,0.000000000000000000e+00
0.000000000000000000e+00,4.539992976248484740e-05,9.981849914538160062e-01,4.539992976248484740e-05,4.539993163639068340e-05,9.990924958951478141e-01
1.000000000000000000e+00,0.000000000000000000e+00,9.981849914538160062e-01,4.539992976248484740e-05,4.539993163639068340e-05,9.990924958951478141e-01
2.202746579480465152e+04,1.000045399929668788e+00,0.000000000000000000e+00,1.000045399929668788e+00,1.000045441207065400e+00,2.200747577917637682e+04
2.202646488812767348e+04,9.999999588368350123e-01,2.198648666611349836e+04,0.000000000000000000e+00,1.000000000112356124e+00,2.200647578082631298e+04
1.000909153852054256e+00,4.544120528351140226e-05,9.990924951838588974e-01,4.544120528351140226e-05,0.000000000000000000e+00,1.000000824686349432e+00
2.202646488647830120e+04,9.999999587619536889e-01,2.198648666446712014e+04,9.999999587619536889e-01,1.000000000037474912e+00,0.000000000000000000e+00
0.000000000000000000e+00,1.000000000000000000e+00,4.539992976418620455e-05,4.539992788857987198e-05,9.990916719578841754e-01,4.539993163468933302e-05
2.202646579480671789e+04,0.000000000000000000e+00,1.000000000037474912e+00,9.999999587244959853e-01,2.200645853825658924e+04,1.000000041238047865e+00
1.001818308792181478e+00,1.001818308792181478e+00,0.000000000000000000e+00,4.548247897662407893e-05,1.000908329129200469e+00,4.548248272954512144e-05
2.202646579480671789e+04,2.202646579480671789e+04,1.000000000037474912e+00,0.000000000000000000e+00,2.200645853825658924e+04,1.000000041238047865e+00
2.202646488565286563e+04,2.202646488565286563e+04,9.999999587619536889e-01,9.999999174489766496e-01,0.000000000000000000e+00,9.999999999625251990e-01
1.000908328416618920e+00,1.000908328416618920e+00,4.544116781050351058e-05,4.544116593319351015e-05,9.999991753143308015e-01,0.000000000000000000e+00
0.000000000000000000e+00,4.539992976248484740e-05,9.981849914538160062e-01,4.539786870243865007e-05,4.539786870243865007e-05,4.539992789197947598e-05
1.000000000000000000e+00,0.000000000000000000e+00,9.981849914538160062e-01,4.539786870243865007e-05,4.539786870243865007e-05,4.539992789197947598e-05
2.202646579398127869e+04,9.999999999625251990e-01,0.000000000000000000e+00,9.999546020939181767e-01,9.999546020939181767e-01,9.999999587619025077e-01
2.202646670396023183e+04,1.000000041275505680e+00,2.198648847865030621e+04,0.000000000000000000e+00,9.999546434050231580e-01,1.000000000074881212e+00
1.000909153852054256e+00,4.544120528351140226e-05,9.990924951838588974e-01,4.543914234964451947e-05,0.000000000000000000e+00,4.544120341130545297e-05
2.202646488647830120e+04,9.999999587619536889e-01,2.198648666446712014e+04,9.999545608952171705e-01,9.999545608952171705e-01,0.000000000000000000e+00
0.000000000000000000e+00,1.000000000000000000e+00,4.539992789197948276e-05,9.990908465228237612e-01,4.539786870243865007e-05,4.539993163468933302e-05
2.202646579480671789e+04,0.000000000000000000e+00,9.999999587993775307e-01,2.200644035683946640e+04,9.999546021313913124e-01,1.000000041238047865e+00
1.001818308792181478e+00,1.001818308792181478e+00,0.000000000000000000e+00,1.000907502193244314e+00,4.548041604624659240e-05,4.548248272954512144e-05
2.202746579480465152e+04,2.202746579480465152e+04,1.000045358727175815e+00,0.000000000000000000e+00,1.000000000000000000e+00,1.000045441169588933e+00
2.202746579480465152e+04,2.202746579480465152e+04,1.000045358727175815e+00,2.200743944768392612e+04,0.000000000000000000e+00,1.000045441169588933e+00
2.202646670231085955e+04,2.202646670231085955e+04,1.000000000000000222e+00,2.200644126351855084e+04,9.999546433301452764e-01,0.000000000000000000e+00
0.000000000000000000e+00,4.539992976248484740e-05,4.539786870243863652e-05,4.539786870243865007e-05,4.539993163639068340e-05,9.990924958951478141e-01
1.000000000000000000e+00,0.000000000000000000e+00,4.539786870243863652e-05,4.539786870243865007e-05,4.539993163639068340e-05,9.990924958951478141e-01
2.202646670231085591e+04,1.000000041200624246e+00,0.000000000000000000e+00,9.999546433301450543e-01,1.000000082476148577e+00,2.200647759336312083e+04
1.000909980789375098e+00,4.544124282640768427e-05,4.543917989083642888e-05,0.000000000000000000e+00,4.544124470201873990e-05,1.000001650873221237e+00
2.202746579480465152e+04,1.000045399929668788e+00,9.999999999999997780e-01,1.000000000000000000e+00,0.000000000000000000e+00,2.200747577917637682e+04
2.202646488647830120e+04,9.999999587619536889e-01,9.999545608952169484e-01,9.999545608952171705e-01,1.000000000037474912e+00,0.000000000000000000e+00
0.000000000000000000e+00,1.000000000000000000e+00,4.539992976418620455e-05,4.539992976248484740e-05,9.990916719578841754e-01,4.539993163468933302e-05
1.000000000000000000e+00,0.000000000000000000e+00,1.000000000037474912e+00,1.000000000000000000e+00,2.200645853825658924e+04,1.000000041238047865e+00
1.000045399929669010e+00,2.202746579480465880e+04,0.000000000000000000e+00,1.000045399929669010e+00,2.200745762992648815e+04,1.000045441169589155e+00
1.000045399929668788e+00,2.202746579480465152e+04,1.000045399967145254e+00,0.000000000000000000e+00,2.200745762992648451e+04,1.000045441169588933e+00
9.999999587244788879e-01,2.202646488565286563e+04,9.999999587619536889e-01,9.999999587244788879e-01,0.000000000000000000e+00,9.999999999625251990e-01
4.544116780880061521e-05,1.000908328416618920e+00,4.544116781050351058e-05,4.544116780880061521e-05,9.999991753143308015e-01,0.000000000000000000e+00
0.000000000000000000e+00,1.000000000000000000e+00,9.999999999625253100e-01,1.000000041238082060e+00,9.999546021313913124e-01,9.999999587993773087e-01
1.000000000000000000e+00,0.000000000000000000e+00,4.539992976078349702e-05,4.539993163469088479e-05,4.539786870243865007e-05,4.539992789197947598e-05
2.202646579398127869e+04,9.999999999625251990e-01,0.000000000000000000e+00,1.000000041200607370e+00,9.999546020939181767e-01,9.999999587619025077e-01
2.202646579480671789e+04,1.000000000000000000e+00,9.999999999625253100e-01,0.000000000000000000e+00,9.999546021313913124e-01,9.999999587993773087e-01
1.000909153852054256e+00,4.544120528351140226e-05,4.544120528180850690e-05,4.544120715741956253e-05,0.000000000000000000e+00,4.544120341130545297e-05
2.202646488647830120e+04,9.999999587619536889e-01,9.999999587244789989e-01,1.000000000000034195e+00,9.999545608952171705e-01,0.000000000000000000e+00
0.000000000000000000e+00,1.000000000000000000e+00,4.539786870243863652e-05,4.539993163468778804e-05,4.539993163298953441e-05,4.539993163468933302e-05
1.000000000000000000e+00,0.000000000000000000e+00,9.999546021313910904e-01,1.000000041238013893e+00,1.000000041200607370e+00,1.000000041238047865e+00
1.000000000037474690e+00,2.202646579563215346e+04,0.000000000000000000e+00,1.000000041275488805e+00,1.000000041238082060e+00,1.000000041275522777e+00
9.999999587619194941e-01,2.202646488647754813e+04,9.999545608951827536e-01,0.000000000000000000e+00,9.999999999625253100e-01,9.999999999999658051e-01
1.000045399929668788e+00,2.202746579480465152e+04,9.999999999999997780e-01,1.000045441169554961e+00,0.000000000000000000e+00,1.000045441169588933e+00
1.000000041200624468e+00,2.202646670231085955e+04,9.999546433301450543e-01,1.000000082438640137e+00,1.000000082401233614e+00,0.000000000000000000e+00
0.000000000000000000e+00,1.000000000000000000e+00,9.999546021313913124e-01,1.000000000000000000e+00,1.000000041275522777e+00,2.200647668668254482e+04
1.000000000000000000e+00,0.000000000000000000e+00,4.539786870243865007e-05,4.539992976248484740e-05,4.539993163639068340e-05,9.990924958951478141e-01
2.202746579480465880e+04,1.000045399929669010e+00,0.000000000000000000e+00,1.000045399929669010e+00,1.000045441207065622e+00,2.200747577917638046e+04
2.202646488647905062e+04,9.999999587619876618e-01,9.999545608952511433e-01,0.000000000000000000e+00,1.000000000037508885e+00,2.200647577917918898e+04
2.202646488730298370e+04,9.999999587993942951e-01,9.999545609326560003e-01,9.999999587993942951e-01,0.000000000000000000e+00,2.200647578000237627e+04
2.202646488647830120e+04,9.999999587619536889e-01,9.999545608952171705e-01,9.999999587619536889e-01,1.000000000037474912e+00,0.000000000000000000e+00
0.000000000000000000e+00,1.000000000000000000e+00,4.539992976418620455e-05,4.539992976248484740e-05,4.539992789028121558e-05,4.539786870243865007e-05
1.000000000000000000e+00,0.000000000000000000e+00,1.000000000037474912e+00,1.000000000000000000e+00,9.999999587619707864e-01,9.999546021313913124e-01
1.000045399929668788e+00,2.202746579480465152e+04,0.000000000000000000e+00,1.000045399929668788e+00,1.000045358689767294e+00,1.000000000000000000e+00
1.000000000000000000e+00,2.202646579480671789e+04,1.000000000037474912e+00,0.000000000000000000e+00,9.999999587619707864e-01,9.999546021313913124e-01
9.999999587244788879e-01,2.202646488565286563e+04,9.999999587619536889e-01,9.999999587244788879e-01,0.000000000000000000e+00,9.999545608577440348e-01
4.544116780880061521e-05,1.000908328416618920e+00,4.544116781050351058e-05,4.544116780880061521e-05,4.544116593489640551e-05,0.000000000000000000e+00
0.000000000000000000e+00,2.202646579480671789e+04,9.999546021313913124e-01,1.000000041238082060e+00,1.000000000000000000e+00,9.999999587993773087e-01
1.000000000000000000e+00,0.000000000000000000e+00,4.539786870243865007e-05,4.539993163469088479e-05,4.539992976248484740e-05,4.539992789197947598e-05
2.202646579398127869e+04,2.202646579398127869e+04,0.000000000000000000e+00,1.000000041200607370e+00,9.999999999625251990e-01,9.999999587619025077e-01
2.202646579480671789e+04,2.202646579480671789e+04,9.999546021313913124e-01,0.000000000000000000e+00,1.000000000000000000e+00,9.999999587993773087e-01
2.202646670313479626e+04,2.202646670313479626e+04,9.999546433675501333e-01,1.000000082476114827e+00,0.000000000000000000e+00,1.000000000037406522e+00
2.202746579480465152e+04,2.202746579480465152e+04,1.000000000000000000e+00,1.000045441169623128e+00,1.000045399929668788e+00,0.000000000000000000e+00
0.000000000000000000e+00,1.000000000000000000e+00,4.539992976248484740e-05,4.539992976248484740e-05,4.539786870243865007e-05,4.539992789197947598e-05
1.000000000000000000e+00,0.000000000000000000e+00,4.539992976248484740e-05,4.539992976248484740e-05,4.539786870243865007e-05,4.539992789197947598e-05
2.202746579480465152e+04,2.202746579480465152e+04,0.000000000000000000e+00,1.000045399929668788e+00,1.000000000000000000e+00,1.000045358727175593e+00
2.202646488647754813e+04,2.202646488647754813e+04,9.999999587619194941e-01,0.000000000000000000e+00,9.999545608951829756e-01,9.999999175612985791e-01
2.202646579480671789e+04,2.202646579480671789e+04,1.000000000000000000e+00,1.000000000000000000e+00,0.000000000000000000e+00,9.999999587993773087e-01
2.202646670231085955e+04,2.202646670231085955e+04,1.000000041200624468e+00,1.000000041200624468e+00,9.999546433301452764e-01,0.000000000000000000e+00
0.000000000000000000e+00,1.000000000000000000e+00,4.539786870243863652e-05,4.539993163468933302e-05,4.539786870243865007e-05,9.990924958951478141e-01
4.539992976248484740e-05,0.000000000000000000e+00,4.539786870243863652e-05,4.539993163468933302e-05,4.539786870243865007e-05,9.990924958951478141e-01
1.000000000000000000e+00,2.202646579480671789e+04,0.000000000000000000e+00,1.000000041238047865e+00,9.999546021313913124e-01,2.200647668668254482e+04
1.000000000000000000e+00,2.202646579480671789e+04,9.999546021313910904e-01,0.000000000000000000e+00,9.999546021313913124e-01,2.200647668668254482e+04
1.000045399929668788e+00,2.202746579480465152e+04,9.999999999999997780e-01,1.000045441169588933e+00,0.000000000000000000e+00,2.200747577917637682e+04
1.000000041200624468e+00,2.202646670231085955e+04,9.999546433301450543e-01,1.000000082438674109e+00,9.999546433301452764e-01,0.000000000000000000e+00
0.000000000000000000e+00,2.202646579480671789e+04,9.999546021312976096e-01,9.999546021313910904e-01,2.200645853825658924e+04,2.200647668668254482e+04
1.000000000000000000e+00,0.000000000000000000e+00,4.539786870243439458e-05,4.539786870243863652e-05,9.990916719578841754e-01,9.990924958951478141e-01
2.202746579480465880e+04,2.202746579480465880e+04,0.000000000000000000e+00,1.000000000000000000e+00,2.200745762992648815e+04,2.200747577917638046e+04
2.202646488647830120e+04,2.202646488647830120e+04,9.999545608951234676e-01,0.000000000000000000e+00,2.200645763075323339e+04,2.200647577917843955e+04
2.202746579480465152e+04,2.202746579480465152e+04,9.999999999999062972e-01,9.999999999999997780e-01,0.000000000000000000e+00,2.200747577917637682e+04
1.000908328416618920e+00,1.000908328416618920e+00,4.543910487663074598e-05,4.543910487663499470e-05,9.999991753143308015e-01,0.000000000000000000e+00
0.000000000000000000e+00,4.539992976248484740e-05,4.539992602147341339e-05,4.539992976248484740e-05,9.990916719578841754e-01,9.990924958951478141e-01
4.539992976248484740e-05,0.000000000000000000e+00,4.539992602147341339e-05,4.539992976248484740e-05,9.990916719578841754e-01,9.990924958951478141e-01
1.000045399929762491e+00,1.000045399929762491e+00,0.000000000000000000e+00,1.000045399929762491e+00,2.200745762992854725e+04,2.200747577917843955e+04
1.000045399929669010e+00,1.000045399929669010e+00,1.000045317524667521e+00,0.000000000000000000e+00,2.200745762992648815e+04,2.200747577917638046e+04
4.544120528351140226e-05,4.544120528351140226e-05,4.544120153909881249e-05,4.544120528351140226e-05,0.000000000000000000e+00,1.000000824686349432e+00
4.544116780880061521e-05,4.544116780880061521e-05,4.544116406439110864e-05,4.544116780880061521e-05,9.999991753143308015e-01,0.000000000000000000e+00
0.000000000000000000e+00,2.202646579480671789e+04,9.999999999625253100e-01,1.000000041163166653e+00,9.999999587619707864e-01,1.000000041238047865e+00
2.202646579480671789e+04,0.000000000000000000e+00,9.999999999625253100e-01,1.000000041163166653e+00,9.999999587619707864e-01,1.000000041238047865e+00
2.202646760981541229e+04,2.202646760981541229e+04,0.000000000000000000e+00,1.000000123564437349e+00,1.000000041163234599e+00,1.000000123639318561e+00
2.202646579480671789e+04,2.202646579480671789e+04,9.999999999625253100e-01,0.000000000000000000e+00,9.999999587619707864e-01,1.000000041238047865e+00
1.000909153852054256e+00,1.000909153852054256e+00,4.544120528180850690e-05,4.544120715401531001e-05,0.000000000000000000e+00,4.544120715741800399e-05
1.000908328416618920e+00,1.000908328416618920e+00,4.544116780709771985e-05,4.544116967930297797e-05,4.544116593489640551e-05,0.000000000000000000e+00
0.000000000000000000e+00,1.000000000000000000e+00,4.539992976078505556e-05,4.539993163468778804e-05,4.539786870243865007e-05,9.990924958951478141e-01
1.000000000000000000e+00,0.000000000000000000e+00,4.539992976078505556e-05,4.539993163468778804e-05,4.539786870243865007e-05,9.990924958951478141e-01
2.202646579563215346e+04,2.202646579563215346e+04,0.000000000000000000e+00,1.000000041275488805e+00,9.999546021688643371e-01,2.200647668750723096e+04
2.202646488812767348e+04,2.202646488812767348e+04,9.999999587993945172e-01,0.000000000000000000e+00,9.999545609700950521e-01,2.200647578082631298e+04
2.202646670313479626e+04,2.202646670313479626e+04,1.000000041200590495e+00,1.000000082476046659e+00,0.000000000000000000e+00,2.200647759418631176e+04
2.202646488647830120e+04,2.202646488647830120e+04,9.999999587245131938e-01,9.999999999999660272e-01,9.999545608952171705e-01,0.000000000000000000e+00
0.000000000000000000e+00,1.000000000000000000e+00,4.539992789197948276e-05,4.539993163468778804e-05,9.990916719578841754e-01,9.990924958951478141e-01
1.000000000000000000e+00,0.000000000000000000e+00,4.539992789197948276e-05,4.539993163468778804e-05,9.990916719578841754e-01,9.990924958951478141e-01
2.202646579563140040e+04,2.202646579563140040e+04,0.000000000000000000e+00,1.000000041275454610e+00,2.200645853908052231e+04,2.200647668750647790e+04
2.202646488647905062e+04,2.202646488647905062e+04,9.999999175613669689e-01,0.000000000000000000e+00,2.200645763075398281e+04,2.200647577917918898e+04
2.202746579480465152e+04,2.202746579480465152e+04,1.000045358727175815e+00,1.000045441169554961e+00,0.000000000000000000e+00,2.200747577917637682e+04
1.000908328416618920e+00,1.000908328416618920e+00,4.544116593659621090e-05,4.544116968270412696e-05,9.999991753143308015e-01,0.000000000000000000e+00
0.000000000000000000e+00,1.000000000000000000e+00,9.981849914538160062e-01,4.539786870243865007e-05,4.539992789028121558e-05,4.539992789197947598e-05
4.539992976248484740e-05,0.000000000000000000e+00,9.981849914538160062e-01,4.539786870243865007e-05,4.539992789028121558e-05,4.539992789197947598e-05
1.000000041200624246e+00,2.202646670231085591e+04,0.000000000000000000e+00,9.999546433301450543e-01,9.999999999625932556e-01,9.999999999999997780e-01
9.999999587619876618e-01,2.202646488647905062e+04,2.198648666446786956e+04,0.000000000000000000e+00,9.999999175239602245e-01,9.999999175613667468e-01
4.544120528351140226e-05,1.000909153852054256e+00,9.990924951838588974e-01,4.543914234964451947e-05,0.000000000000000000e+00,4.544120341130545297e-05
4.544116780880061521e-05,1.000908328416618920e+00,9.990916712465959248e-01,4.543910487663500148e-05,4.544116593489640551e-05,0.000000000000000000e+00
0.000000000000000000e+00,2.202646579480671789e+04,9.999546021313913124e-01,2.200644035683946640e+04,1.000000041200607370e+00,2.200647668668254482e+04
1.000000000000000000e+00,0.000000000000000000e+00,4.539786870243865007e-05,9.990908465228237612e-01,4.539993163298953441e-05,9.990924958951478141e-01
1.001818308792181478e+00,1.001818308792181478e+00,0.000000000000000000e+00,1.000907502193244314e+00,4.548248272784223285e-05,1.000909154564636472e+00
2.202746579480465152e+04,2.202746579480465152e+04,1.000000000000000000e+00,0.000000000000000000e+00,1.000045441132146662e+00,2.200747577917637682e+04
2.202646670313479626e+04,2.202646670313479626e+04,9.999546433675501333e-01,2.200644126434173450e+04,0.000000000000000000e+00,2.200647759418631176e+04
2.202646670231085955e+04,2.202646670231085955e+04,9.999546433301452764e-01,2.200644126351855084e+04,1.000000082401233614e+00,0.000000000000000000e+00
0.000000000000000000e+00,4.539992976248484740e-05,4.539786870243863652e-05,4.539992976248484740e-05,9.990916719578841754e-01,4.539992789197947598e-05
1.000000000000000000e+00,0.000000000000000000e+00,4.539786870243863652e-05,4.539992976248484740e-05,9.990916719578841754e-01,4.539992789197947598e-05
2.202746579480465152e+04,1.000045399929668788e+00,0.000000000000000000e+00,1.000045399929668788e+00,2.200745762992648451e+04,1.000045358727175593e+00
1.000909980789375098e+00,4.544124282640768427e-05,4.543917989083642888e-05,0.000000000000000000e+00,1.000000826186190572e+00,4.544124095420018998e-05
2.202646488730298370e+04,9.999999587993942951e-01,9.999545609326557782e-01,9.999999587993942951e-01,0.000000000000000000e+00,9.999999175987732691e-01
1.000908328416618920e+00,4.544116780880061521e-05,4.543910487663499470e-05,4.544116780880061521e-05,9.999991753143308015e-01,0.000000000000000000e+00
0.000000000000000000e+00,1.000000000000000000e+00,4.539992602147341339e-05,4.539786870243863652e-05,4.539786870243865007e-05,4.539993163468933302e-05
2.202646579480671789e+04,0.000000000000000000e+00,9.999999175987396294e-01,9.999546021313910904e-01,9.999546021313913124e-01,1.000000041238047865e+00
2.202746579480465880e+04,2.202746579480465880e+04,0.000000000000000000e+00,1.000000000000000000e+00,1.000000000000000222e+00,1.000045441169589155e+00
2.202646579480671789e+04,2.202646579480671789e+04,9.999999175987396294e-01,0.000000000000000000e+00,9.999546021313913124e-01,1.000000041238047865e+00
1.000909153852054256e+00,1.000909153852054256e+00,4.544120153909881249e-05,4.543914234964451269e-05,0.000000000000000000e+00,4.544120715741800399e-05
2.202646670231085955e+04,2.202646670231085955e+04,9.999999587993605443e-01,9.999546433301450543e-01,9.999546433301452764e-01,0.000000000000000000e+00
0.000000000000000000e+00,4.539992976248484740e-05,4.539992789197948276e-05,4.539786870243865007e-05,4.539993163639068340e-05,4.539992789197947598e-05
1.000000000000000000e+00,0.000000000000000000e+00,4.539992789197948276e-05,4.539786870243865007e-05,4.539993163639068340e-05,4.539992789197947598e-05
2.202646760981541229e+04,1.000000082401267143e+00,0.000000000000000000e+00,9.999546845289176700e-01,1.000000123676793473e+00,1.000000041200641121e+00
2.202746579480465880e+04,1.000045399929669010e+00,1.000045358727176037e+00,0.000000000000000000e+00,1.000045441207065622e+00,1.000045358727175815e+00
2.202746579480465152e+04,1.000045399929668788e+00,1.000045358727175815e+00,1.000000000000000000e+00,0.000000000000000000e+00,1.000045358727175593e+00
2.202646488647830120e+04,9.999999587619536889e-01,9.999999175613329960e-01,9.999545608952171705e-01,1.000000000037474912e+00,0.000000000000000000e+00
0.000000000000000000e+00,1.000000000000000000e+00,4.539786870243863652e-05,4.539993163298953441e-05,4.539786870243865007e-05,4.539993163468933302e-05
1.000000000000000000e+00,0.000000000000000000e+00,9.999546021313910904e-01,1.000000041200607370e+00,9.999546021313913124e-01,1.000000041238047865e+00
1.000000041200624246e+00,2.202646670231085591e+04,0.000000000000000000e+00,1.000000082401233392e+00,9.999546433301450543e-01,1.000000082438673887e+00
1.000045399929668788e+00,2.202746579480465152e+04,9.999999999999997780e-01,0.000000000000000000e+00,1.000000000000000000e+00,1.000045441169588933e+00
9.999999587244788879e-01,2.202646488565286563e+04,9.999545608577438127e-01,9.999999999250845928e-01,0.000000000000000000e+00,9.999999999625251990e-01
1.000000041200624468e+00,2.202646670231085955e+04,9.999546433301450543e-01,1.000000082401233614e+00,9.999546433301452764e-01,0.000000000000000000e+00
0.000000000000000000e+00,2.202646579480671789e+04,9.999546021313913124e-01,1.000000000000000000e+00,1.000000041275522777e+00,2.200647668668254482e+04
1.000000000000000000e+00,0.000000000000000000e+00,4.539786870243865007e-05,4.539992976248484740e-05,4.539993163639068340e-05,9.990924958951478141e-01
2.202746579480465880e+04,2.202746579480465880e+04,0.000000000000000000e+00,1.000045399929669010e+00,1.000045441207065622e+00,2.200747577917638046e+04
2.202646488730298370e+04,2.202646488730298370e+04,9.999545609326560003e-01,0.000000000000000000e+00,1.000000000074915407e+00,2.200647578000237627e+04
2.202746579480465152e+04,2.202746579480465152e+04,1.000000000000000000e+00,1.000045399929668788e+00,0.000000000000000000e+00,2.200747577917637682e+04
2.202646488647830120e+04,2.202646488647830120e+04,9.999545608952171705e-01,9.999999587619536889e-01,1.000000000037474912e+00,0.000000000000000000e+00
0.000000000000000000e+00,4.539992976248484740e-05,4.539992976418620455e-05,4.539992976248484740e-05,9.990916719578841754e-01,9.990924958951478141e-01
1.000000000000000000e+00,0.000000000000000000e+00,4.539992976418620455e-05,4.539992976248484740e-05,9.990916719578841754e-01,9.990924958951478141e-01
2.202746579480465152e+04,1.000045399929668788e+00,0.000000000000000000e+00,1.000045399929668788e+00,2.200745762992648451e+04,2.200747577917637682e+04
2.202646579480671789e+04,1.000000000000000000e+00,1.000000000037474912e+00,0.000000000000000000e+00,2.200645853825658924e+04,2.200647668668254482e+04
2.202646488565286563e+04,9.999999587244788879e-01,9.999999587619536889e-01,9.999999587244788879e-01,0.000000000000000000e+00,2.200647577835374977e+04
1.000908328416618920e+00,4.544116780880061521e-05,4.544116781050351058e-05,4.544116780880061521e-05,9.999991753143308015e-01,0.000000000000000000e+00
0.000000000000000000e+00,4.539992976248484740e-05,4.539992602147341339e-05,4.539993163469088479e-05,9.990916719578841754e-01,4.539993163468933302e-05
2.202646579480671789e+04,0.000000000000000000e+00,9.999999175987396294e-01,1.000000041238082060e+00,2.200645853825658924e+04,1.000000041238047865e+00
2.202646579398127869e+04,9.999999999625251990e-01,0.000000000000000000e+00,1.000000041200607370e+00,2.200645853743190310e+04,1.000000041200573175e+00
2.202646579480671789e+04,1.000000000000000000e+00,9.999999175987396294e-01,0.000000000000000000e+00,2.200645853825658924e+04,1.000000041238047865e+00
1.000909153852054256e+00,4.544120528351140226e-05,4.544120153909881249e-05,4.544120715741956253e-05,0.000000000000000000e+00,4.544120715741800399e-05
1.000908328416618920e+00,4.544116780880061521e-05,4.544116406439110864e-05,4.544116968270722371e-05,9.999991753143308015e-01,0.000000000000000000e+00
0.000000000000000000e+00,1.000000000000000000e+00,4.539992602147341339e-05,4.539993163128972224e-05,4.539993163639068340e-05,4.539786870243865007e-05
2.202646579480671789e+04,0.000000000000000000e+00,9.999999175987396294e-01,1.000000041163166653e+00,1.000000041275522777e+00,9.999546021313913124e-01
2.202646760981541229e+04,2.202646760981541229e+04,0.000000000000000000e+00,1.000000123564437349e+00,1.000000123676793473e+00,9.999546845289176700e-01
2.202646488647754813e+04,2.202646488647754813e+04,9.999998763606625651e-01,0.000000000000000000e+00,1.000000000037440717e+00,9.999545608951829756e-01
1.000909153852054256e+00,1.000909153852054256e+00,4.544120153909881249e-05,4.544120715401531001e-05,0.000000000000000000e+00,4.543914234964451947e-05
2.202646488647830120e+04,2.202646488647830120e+04,9.999998763606967600e-01,9.999999999251186766e-01,1.000000000037474912e+00,0.000000000000000000e+00
0.000000000000000000e+00,1.000000000000000000e+00,4.539786870243863652e-05,4.539993163128972224e-05,4.539992976248484740e-05,9.990924958951478141e-01
1.000000000000000000e+00,0.000000000000000000e+00,4.539786870243863652e-05,4.539993163128972224e-05,4.539992976248484740e-05,9.990924958951478141e-01
2.202646760981541229e+04,2.202646760981541229e+04,0.000000000000000000e+00,1.000000123564437349e+00,1.000000082401267143e+00,2.200647850004410793e+04
2.202646488812767348e+04,2.202646488812767348e+04,9.999545609700948301e-01,0.000000000000000000e+00,9.999999588368350123e-01,2.200647578082631298e+04
2.202646488565286563e+04,2.202646488565286563e+04,9.999545608577438127e-01,9.999999998876438756e-01,0.000000000000000000e+00,2.200647577835374977e+04
2.202746579480465152e+04,2.202746579480465152e+04,9.999999999999997780e-01,1.000045441094704168e+00,1.000045399929668788e+00,0.000000000000000000e+00
0.000000000000000000e+00,4.539992976248484740e-05,4.539992976248484740e-05,4.539992976248484740e-05,4.539992789028121558e-05,4.539992789197947598e-05
4.539992976248484740e-05,0.000000000000000000e+00,4.539992976248484740e-05,4.539992976248484740e-05,4.539992789028121558e-05,4.539992789197947598e-05
1.000045399929669010e+00,1.000045399929669010e+00,0.000000000000000000e+00,1.000045399929669010e+00,1.000045358689767516e+00,1.000045358727175815e+00
9.999999588368350123e-01,9.999999588368350123e-01,9.999999588368350123e-01,0.000000000000000000e+00,9.999999175988074640e-01,9.999999176362139863e-01
1.000000000000000000e+00,1.000000000000000000e+00,1.000000000000000000e+00,1.000000000000000000e+00,0.000000000000000000e+00,9.999999587993773087e-01
4.544116780880061521e-05,4.544116780880061521e-05,4.544116780880061521e-05,4.544116780880061521e-05,4.544116593489640551e-05,0.000000000000000000e+00
0.000000000000000000e+00,2.202646579480671789e+04,9.999546021313913124e-01,1.000000041238047865e+00,9.999546021313913124e-01,1.000000041238047865e+00
1.000000000000000000e+00,0.000000000000000000e+00,9.999546021313913124e-01,1.000000041238047865e+00,9.999546021313913124e-01,1.000000041238047865e+00
1.000000000000000000e+00,2.202646579480671789e+04,0.000000000000000000e+00,1.000000041238047865e+00,9.999546021313913124e-01,1.000000041238047865e+00
1.000000000000000000e+00,2.202646579480671789e+04,9.999546021313913124e-01,0.000000000000000000e+00,9.999546021313913124e-01,1.000000041238047865e+00
1.000000041238030990e+00,2.202646670313479626e+04,9.999546433675501333e-01,1.000000082476080632e+00,0.000000000000000000e+00,1.000000082476080632e+00
1.000000041200624468e+00,2.202646670231085955e+04,9.999546433301452764e-01,1.000000082438674109e+00,9.999546433301452764e-01,0.000000000000000000e+00
0.000000000000000000e+00,1.000000000000000000e+00,9.999546021313913124e-01,9.999546021313910904e-01,9.999546021313913124e-01,2.200647668668254482e+04
4.539992976248484740e-05,0.000000000000000000e+00,4.539786870243865007e-05,4.539786870243863652e-05,4.539786870243865007e-05,9.990924958951478141e-01
1.000045399929668788e+00,1.000045399929668788e+00,0.000000000000000000e+00,9.999999999999997780e-01,1.000000000000000000e+00,2.200747577917637682e+04
9.999999587619536889e-01,9.999999587619536889e-01,9.999545608952171705e-01,0.000000000000000000e+00,9.999545608952171705e-01,2.200647577917843955e+04
1.000045399929668788e+00,1.000045399929668788e+00,1.000000000000000000e+00,9.999999999999997780e-01,0.000000000000000000e+00,2.200747577917637682e+04
9.999999587619536889e-01,9.999999587619536889e-01,9.999545608952171705e-01,9.999545608952169484e-01,9.999545608952171705e-01,0.000000000000000000e+00
0.000000000000000000e+00,2.202646579480671789e+04,9.999546021313913124e-01,1.000000000000000000e+00,2.200645853825658924e+04,1.000000041238047865e+00
2.202646579480671789e+04,0.000000000000000000e+00,9.999546021313913124e-01,1.000000000000000000e+00,2.200645853825658924e+04,1.000000041238047865e+00
2.202746579480465152e+04,2.202746579480465152e+04,0.000000000000000000e+00,1.000045399929668788e+00,2.200745762992648451e+04,1.000045441169588933e+00
2.202746579480465880e+04,2.202746579480465880e+04,1.000000000000000222e+00,0.000000000000000000e+00,2.200745762992648815e+04,1.000045441169589155e+00
2.202746579480465152e+04,2.202746579480465152e+04,1.000000000000000000e+00,1.000045399929668788e+00,0.000000000000000000e+00,1.000045441169588933e+00
1.000908328416618920e+00,1.000908328416618920e+00,4.543910487663500148e-05,4.544116780880061521e-05,9.999991753143308015e-01,0.000000000000000000e+00
0.000000000000000000e+00,4.539992976248484740e-05,9.981849914538160062e-01,4.539992976248484740e-05,4.539993163639068340e-05,9.990924958951478141e-01
4.539992976248484740e-05,0.000000000000000000e+00,9.981849914538160062e-01,4.539992976248484740e-05,4.539993163639068340e-05,9.990924958951478141e-01
1.000045399929668788e+00,1.000045399929668788e+00,0.000000000000000000e+00,1.000045399929668788e+00,1.000045441207065400e+00,2.200747577917637682e+04
1.000000000000000000e+00,1.000000000000000000e+00,2.198648757114691398e+04,0.000000000000000000e+00,1.000000041275522777e+00,2.200647668668254482e+04
4.544120528351140226e-05,4.544120528351140226e-05,9.990924951838588974e-01,4.544120528351140226e-05,0.000000000000000000e+00,1.000000824686349432e+00
9.999999587619536889e-01,9.999999587619536889e-01,2.198648666446712014e+04,9.999999587619536889e-01,1.000000000037474912e+00,0.000000000000000000e+00
0.000000000000000000e+00,2.202646579480671789e+04,9.999546021312976096e-01,2.200644035683946640e+04,2.200645853825658924e+04,1.000000041238047865e+00
2.202646579480671789e+04,0.000000000000000000e+00,9.999546021312976096e-01,2.200644035683946640e+04,2.200645853825658924e+04,1.000000041238047865e+00
1.001818308792181478e+00,1.001818308792181478e+00,0.000000000000000000e+00,1.000907502193244314e+00,1.000908329129200469e+00,4.548248272954512144e-05
2.202646579480671789e+04,2.202646579480671789e+04,9.999546021312976096e-01,0.000000000000000000e+00,2.200645853825658924e+04,1.000000041238047865e+00
2.202646488565286563e+04,2.202646488565286563e+04,9.999545608576503319e-01,2.200643944851217384e+04,0.000000000000000000e+00,9.999999999625251990e-01
1.000908328416618920e+00,1.000908328416618920e+00,4.543910487663074598e-05,9.999983491295042493e-01,9.999991753143308015e-01,0.000000000000000000e+00
0.000000000000000000e+00,1.000000000000000000e+00,9.981849914538160062e-01,4.539992976248484740e-05,4.539993163639068340e-05,9.990924958951478141e-01
1.000000000000000000e+00,0.000000000000000000e+00,9.981849914538160062e-01,4.539992976248484740e-05,4.539993163639068340e-05,9.990924958951478141e-01
2.202746579480671789e+04,2.202746579480671789e+04,0.000000000000000000e+00,1.000045399929762491e+00,1.000045441207159103e+00,2.200747577917843955e+04
1.000909980789375098e+00,1.000909980789375098e+00,9.990933206202814443e-01,0.000000000000000000e+00,4.544124470201873990e-05,1.000001650873221237e+00
1.000909153852054256e+00,1.000909153852054256e+00,9.990924951838588974e-01,4.544120528351140226e-05,0.000000000000000000e+00,1.000000824686349432e+00
2.202646488647830120e+04,2.202646488647830120e+04,2.198648666446712014e+04,9.999999587619536889e-01,1.000000000037474912e+00,0.000000000000000000e+00
0.000000000000000000e+00,1.000000000000000000e+00,4.539992976418620455e-05,4.539992788857987198e-05,9.990916719578841754e-01,9.990924958951478141e-01
1.000000000000000000e+00,0.000000000000000000e+00,4.539992976418620455e-05,4.539992788857987198e-05,9.990916719578841754e-01,9.990924958951478141e-01
1.001818308792181478e+00,1.001818308792181478e+00,0.000000000000000000e+00,4.548247897662407893e-05,1.000908329129200469e+00,1.000909154564636472e+00
2.202646579480671789e+04,2.202646579480671789e+04,1.000000000037474912e+00,0.000000000000000000e+00,2.200645853825658924e+04,2.200647668668254482e+04
2.202646488565286563e+04,2.202646488565286563e+04,9.999999587619536889e-01,9.999999174489766496e-01,0.000000000000000000e+00,2.200647577835374977e+04
1.000908328416618920e+00,1.000908328416618920e+00,4.544116781050351058e-05,4.544116593319351015e-05,9.999991753143308015e-01,0.000000000000000000e+00
0.000000000000000000e+00,4.539992976248484740e-05,9.981849914538160062e-01,4.539993163469088479e-05,9.990916719578841754e-01,4.539992789197947598e-05
4.539992976248484740e-05,0.000000000000000000e+00,9.981849914538160062e-01,4.539993163469088479e-05,9.990916719578841754e-01,4.539992789197947598e-05
9.999999999625251990e-01,9.999999999625251990e-01,0.000000000000000000e+00,1.000000041200607370e+00,2.200645853743190310e+04,9.999999587619025077e-01
1.000000041275505680e+00,1.000000041275505680e+00,2.198648847865030621e+04,0.000000000000000000e+00,2.200645944658429289e+04,1.000000000074881212e+00
4.544120528351140226e-05,4.544120528351140226e-05,9.990924951838588974e-01,4.544120715741956253e-05,0.000000000000000000e+00,4.544120341130545297e-05
4.544116780880061521e-05,4.544116780880061521e-05,9.990916712465959248e-01,4.544116968270722371e-05,9.999991753143308015e-01,0.000000000000000000e+00
0.000000000000000000e+00,2.202646579480671789e+04,9.999999999625253100e-01,9.999999587244959853e-01,1.000000041200607370e+00,9.999546021313913124e-01
2.202646579480671789e+04,0.000000000000000000e+00,9.999999999625253100e-01,9.999999587244959853e-01,1.000000041200607370e+00,9.999546021313913124e-01
1.001818308792181478e+00,1.001818308792181478e+00,0.000000000000000000e+00,4.548247897662407893e-05,4.548248272784223285e-05,4.548041604624659240e-05
2.202646488647754813e+04,2.202646488647754813e+04,9.999999587244448040e-01,0.000000000000000000e+00,9.999999999625253100e-01,9.999545608951829756e-01
1.000909153852054256e+00,1.000909153852054256e+00,4.544120528180850690e-05,4.544120340790275221e-05,0.000000000000000000e+00,4.543914234964451947e-05
2.202646670231085955e+04,2.202646670231085955e+04,1.000000041163149556e+00,9.999999999251186766e-01,1.000000082401233614e+00,0.000000000000000000e+00
0.000000000000000000e+00,1.000000000000000000e+00,4.539992976418310780e-05,4.539786870243865007e-05,4.539992976248484740e-05,4.539992789197947598e-05
1.000000000000000000e+00,0.000000000000000000e+00,4.539992976418310780e-05,4.539786870243865007e-05,4.539992976248484740e-05,4.539992789197947598e-05
2.202646579563215346e+04,2.202646579563215346e+04,0.000000000000000000e+00,9.999546021688643371e-01,1.000000000037474690e+00,9.999999588368519987e-01
2.202646670396023183e+04,2.202646670396023183e+04,1.000000041312912424e+00,0.000000000000000000e+00,1.000000041275505680e+00,1.000000000074881212e+00
2.202646488730298370e+04,2.202646488730298370e+04,9.999999588368009285e-01,9.999545609326560003e-01,0.000000000000000000e+00,9.999999175987732691e-01
2.202746579480465152e+04,2.202746579480465152e+04,1.000045399967077087e+00,1.000000000000000000e+00,1.000045399929668788e+00,0.000000000000000000e+00
0.000000000000000000e+00,4.539992976248484740e-05,4.539786870243863652e-05,4.539993163469087124e-05,4.539993163298953441e-05,4.539992789197947598e-05
1.000000000000000000e+00,0.000000000000000000e+00,4.539786870243863652e-05,4.539993163469087124e-05,4.539993163298953441e-05,4.539992789197947598e-05
2.202646579398278118e+04,9.999999999625933667e-01,0.000000000000000000e+00,1.000000041200675316e+00,1.000000041163200848e+00,9.999999587619706753e-01
2.202746579480465152e+04,1.000045399929668788e+00,9.999999999999997780e-01,0.000000000000000000e+00,1.000045441132146662e+00,1.000045358727175593e+00
2.202646579480671789e+04,1.000000000000000000e+00,9.999546021313910904e-01,1.000000041238081838e+00,0.000000000000000000e+00,9.999999587993773087e-01
2.202646670231085955e+04,1.000000041200624468e+00,9.999546433301450543e-01,1.000000082438708082e+00,1.000000082401233614e+00,0.000000000000000000e+00
0.000000000000000000e+00,1.000000000000000000e+00,4.539992976418310780e-05,4.539786870243863652e-05,4.539786870243865007e-05,4.539786870243865007e-05
1.000000000000000000e+00,0.000000000000000000e+00,1.000000000037406744e+00,9.999546021313910904e-01,9.999546021313913124e-01,9.999546021313913124e-01
1.000045399929669010e+00,2.202746579480465880e+04,0.000000000000000000e+00,1.000000000000000000e+00,1.000000000000000222e+00,1.000000000000000222e+00
9.999999587619197161e-01,2.202646488647755541e+04,9.999999587993264605e-01,0.000000000000000000e+00,9.999545608951831976e-01,9.999545608951831976e-01
9.999999587993942951e-01,2.202646488730298370e+04,9.999999588368009285e-01,9.999545609326557782e-01,0.000000000000000000e+00,9.999545609326560003e-01
1.000000041200624468e+00,2.202646670231085955e+04,1.000000041238030990e+00,9.999546433301450543e-01,9.999546433301452764e-01,0.000000000000000000e+00
0.000000000000000000e+00,1.000000000000000000e+00,9.999546021313913124e-01,1.000000041238081838e+00,1.000000000000000000e+00,2.200647668668254482e+04
1.000000000000000000e+00,0.000000000000000000e+00,4.539786870243865007e-05,4.539993163469087124e-05,4.539992976248484740e-05,9.990924958951478141e-01
2.202646579398278118e+04,9.999999999625933667e-01,0.000000000000000000e+00,1.000000041200675316e+00,9.999999999625933667e-01,2.200647668585935389e+04
2.202746579480465880e+04,1.000045399929669010e+00,1.000000000000000222e+00,0.000000000000000000e+00,1.000045399929669010e+00,2.200747577917638046e+04
2.202746579480465152e+04,1.000045399929668788e+00,1.000000000000000000e+00,1.000045441169622906e+00,0.000000000000000000e+00,2.200747577917637682e+04
2.202746579480465152e+04,1.000045399929668788e+00,1.000000000000000000e+00,1.000045441169622906e+00,1.000045399929668788e+00,0.000000000000000000e+00
0.000000000000000000e+00,1.000000000000000000e+00,4.539992976248484740e-05,4.539786870243863652e-05,9.990916719578841754e-01,4.539786870243865007e-05
2.202646579480671789e+04,0.000000000000000000e+00,1.000000000000000000e+00,9.999546021313910904e-01,2.200645853825658924e+04,9.999546021313913124e-01
2.202746579480465152e+04,2.202746579480465152e+04,0.000000000000000000e+00,9.999999999999997780e-01,2.200745762992648451e+04,1.000000000000000000e+00
2.202646488647755541e+04,2.202646488647755541e+04,9.999999587619197161e-01,0.000000000000000000e+00,2.200645763075248760e+04,9.999545608951831976e-01
2.202646579480671789e+04,2.202646579480671789e+04,1.000000000000000000e+00,9.999546021313910904e-01,0.000000000000000000e+00,9.999546021313913124e-01
1.000908328416618920e+00,1.000908328416618920e+00,4.544116780880061521e-05,4.543910487663499470e-05,9.999991753143308015e-01,0.000000000000000000e+00
0.000000000000000000e+00,1.000000000000000000e+00,9.981849914538160062e-01,4.539786870243865007e-05,4.539786870243863652e-05,9.990924958951478141e-01
1.000000000000000000e+00,0.000000000000000000e+00,9.981849914538160062e-01,4.539786870243865007e-05,4.539786870243863652e-05,9.990924958951478141e-01
2.202646579480671789e+04,2.202646579480671789e+04,0.000000000000000000e+00,9.999546021313913124e-01,9.999546021313910904e-01,2.200647668668254482e+04
2.202746579480465880e+04,2.202746579480465880e+04,2.198748575613630965e+04,0.000000000000000000e+00,1.000000000000000000e+00,2.200747577917638046e+04
1.000909153852054256e+00,1.000909153852054256e+00,9.990924951838588974e-01,4.543914234964451947e-05,0.000000000000000000e+00,1.000000824686349432e+00
2.202746579480465152e+04,2.202746579480465152e+04,2.198748575613630601e+04,1.000000000000000000e+00,9.999999999999997780e-01,0.000000000000000000e+00
0.000000000000000000e+00,1.000000000000000000e+00,4.539992789197948276e-05,9.990908465228237612e-01,4.539992789028121558e-05,9.990924958951478141e-01
1.000000000000000000e+00,0.000000000000000000e+00,4.539992789197948276e-05,9.990908465228237612e-01,4.539992789028121558e-05,9.990924958951478141e-01
1.001818308792181478e+00,1.001818308792181478e+00,0.000000000000000000e+00,1.000907502193244314e+00,4.548247897832851928e-05,1.000909154564636472e+00
2.202746579480465152e+04,2.202746579480465152e+04,1.000045358727175815e+00,0.000000000000000000e+00,1.000045358689767294e+00,2.200747577917637682e+04
2.202746579480465880e+04,2.202746579480465880e+04,1.000045358727176037e+00,2.200743944768392976e+04,0.000000000000000000e+00,2.200747577917638046e+04
1.000908328416618920e+00,1.000908328416618920e+00,4.544116593659621090e-05,9.999983491295042493e-01,4.544116593489640551e-05,0.000000000000000000e+00
0.000000000000000000e+00,4.539992976248484740e-05,4.539992976078505556e-05,4.539993163298953441e-05,9.990916719578841754e-01,9.990924958951478141e-01
4.539992976248484740e-05,0.000000000000000000e+00,4.539992976078505556e-05,4.539993163298953441e-05,9.990916719578841754e-01,9.990924958951478141e-01
1.000000041200624246e+00,1.000000041200624246e+00,0.000000000000000000e+00,1.000000082401233392e+00,2.200645944493641582e+04,2.200647759336312083e+04
4.544124282640768427e-05,4.544124282640768427e-05,4.544124282470634067e-05,0.000000000000000000e+00,1.000000826186190572e+00,1.000001650873221237e+00
1.000000041238030990e+00,1.000000041238030990e+00,1.000000041200590495e+00,1.000000082438640137e+00,0.000000000000000000e+00,2.200647759418631176e+04
4.544116780880061521e-05,4.544116780880061521e-05,4.544116780709927161e-05,4.544116968100432835e-05,9.999991753143308015e-01,0.000000000000000000e+00
0.000000000000000000e+00,2.202646579480671789e+04,9.999546021313910904e-01,1.000000041238013893e+00,2.200645853825658924e+04,1.000000041238047865e+00
2.202646579480671789e+04,0.000000000000000000e+00,9.999546021313910904e-01,1.000000041238013893e+00,2.200645853825658924e+04,1.000000041238047865e+00
2.202646579563140040e+04,2.202646579563140040e+04,0.000000000000000000e+00,1.000000041275454610e+00,2.200645853908052231e+04,1.000000041275488583e+00
2.202646488730298370e+04,2.202646488730298370e+04,9.999545609326557782e-01,0.000000000000000000e+00,2.200645763157717010e+04,1.000000000037440495e+00
1.000909153852054256e+00,1.000909153852054256e+00,4.543914234964451269e-05,4.544120715741645900e-05,0.000000000000000000e+00,4.544120715741800399e-05
1.000908328416618920e+00,1.000908328416618920e+00,4.543910487663499470e-05,4.544116968270412696e-05,9.999991753143308015e-01,0.000000000000000000e+00
0.000000000000000000e+00,1.000000000000000000e+00,4.539992602147341339e-05,4.539786870243863652e-05,4.539993163639068340e-05,4.539992789197947598e-05
1.000000000000000000e+00,0.000000000000000000e+00,4.539992602147341339e-05,4.539786870243863652e-05,4.539993163639068340e-05,4.539992789197947598e-05
2.202746579480465880e+04,2.202746579480465880e+04,0.000000000000000000e+00,1.000000000000000000e+00,1.000045441207065622e+00,1.000045358727175815e+00
2.202646488647905062e+04,2.202646488647905062e+04,9.999998763607307328e-01,0.000000000000000000e+00,1.000000000037508885e+00,9.999999175613667468e-01
1.000909153852054256e+00,1.000909153852054256e+00,4.544120153909881249e-05,4.543914234964451269e-05,0.000000000000000000e+00,4.544120341130545297e-05
2.202646488647830120e+04,2.202646488647830120e+04,9.999998763606967600e-01,9.999545608952169484e-01,1.000000000037474912e+00,0.000000000000000000e+00
0.000000000000000000e+00,4.539992976248484740e-05,4.539992976418620455e-05,4.539786870243865007e-05,4.539993163298953441e-05,9.990924958951478141e-01
1.000000000000000000e+00,0.000000000000000000e+00,4.539992976418620455e-05,4.539786870243865007e-05,4.539993163298953441e-05,9.990924958951478141e-01
2.202646760981541229e+04,1.000000082401267143e+00,0.000000000000000000e+00,9.999546845289176700e-01,1.000000123601878066e+00,2.200647850004410793e+04
2.202746579480465880e+04,1.000045399929669010e+00,1.000045399967145476e+00,0.000000000000000000e+00,1.000045441132146884e+00,2.200747577917638046e+04
2.202646488565286563e+04,9.999999587244788879e-01,9.999999587619536889e-01,9.999545608577440348e-01,0.000000000000000000e+00,2.200647577835374977e+04
2.202646670231085955e+04,1.000000041200624468e+00,1.000000041238099158e+00,9.999546433301452764e-01,1.000000082401233614e+00,0.000000000000000000e+00
0.000000000000000000e+00,1.000000000000000000e+00,4.539992976418310780e-05,4.539993163469088479e-05,9.990916719578841754e-01,4.539786870243865007e-05
2.202646579480671789e+04,0.000000000000000000e+00,1.000000000037406744e+00,1.000000041238082060e+00,2.200645853825658924e+04,9.999546021313913124e-01
2.202646579398127869e+04,2.202646579398127869e+04,0.000000000000000000e+00,1.000000041200607370e+00,2.200645853743190310e+04,9.999546020939181767e-01
2.202746579480465152e+04,2.202746579480465152e+04,1.000045399967077087e+00,0.000000000000000000e+00,2.200745762992648451e+04,1.000000000000000000e+00
2.202646488730298370e+04,2.202646488730298370e+04,9.999999588368009285e-01,1.000000000037474690e+00,0.000000000000000000e+00,9.999545609326560003e-01
1.000908328416618920e+00,1.000908328416618920e+00,4.544116781050041383e-05,4.544116968270722371e-05,9.999991753143308015e-01,0.000000000000000000e+00
0.000000000000000000e+00,1.000000000000000000e+00,9.981849914538160062e-01,4.539786870243865007e-05,4.539992976248484740e-05,9.990924958951478141e-01
4.539992976248484740e-05,0.000000000000000000e+00,9.981849914538160062e-01,4.539786870243865007e-05,4.539992976248484740e-05,9.990924958951478141e-01
9.999999999625933667e-01,2.202646579398278118e+04,0.000000000000000000e+00,9.999546020939863444e-01,9.999999999625933667e-01,2.200647668585935389e+04
9.999999587619194941e-01,2.202646488647754813e+04,2.198648666446637071e+04,0.000000000000000000e+00,9.999999587619194941e-01,2.200647577917768649e+04
4.544120528351140226e-05,1.000909153852054256e+00,9.990924951838588974e-01,4.543914234964451947e-05,0.000000000000000000e+00,1.000000824686349432e+00
1.000045399929668788e+00,2.202746579480465152e+04,2.198748575613630601e+04,1.000000000000000000e+00,1.000045399929668788e+00,0.000000000000000000e+00
0.000000000000000000e+00,2.202646579480671789e+04,9.999546021312976096e-01,9.999999587244959853e-01,2.200645853825658924e+04,9.999999587993773087e-01
1.000000000000000000e+00,0.000000000000000000e+00,4.539786870243439458e-05,4.539992788857987198e-05,9.990916719578841754e-01,4.539992789197947598e-05
1.001818308792181478e+00,1.001818308792181478e+00,0.000000000000000000e+00,4.548247897662407893e-05,1.000908329129200469e+00,4.548247898002986289e-05
2.202746579480465152e+04,2.202746579480465152e+04,9.999999999999062972e-01,0.000000000000000000e+00,2.200745762992648451e+04,1.000045358727175593e+00
2.202646579480671789e+04,2.202646579480671789e+04,9.999546021312976096e-01,9.999999587244959853e-01,0.000000000000000000e+00,9.999999587993773087e-01
1.000908328416618920e+00,1.000908328416618920e+00,4.543910487663074598e-05,4.544116593319351015e-05,9.999991753143308015e-01,0.000000000000000000e+00
0.000000000000000000e+00,4.539992976248484740e-05,9.981849914538160062e-01,4.539992976248484740e-05,4.539786870243865007e-05,4.539992789197947598e-05
4.539992976248484740e-05,0.000000000000000000e+00,9.981849914538160062e-01,4.539992976248484740e-05,4.539786870243865007e-05,4.539992789197947598e-05
1.000045399929762491e+00,1.000045399929762491e+00,0.000000000000000000e+00,1.000045399929762491e+00,1.000000000000093703e+00,1.000045358727269296e+00
1.000000041275505680e+00,1.000000041275505680e+00,2.198648847865030621e+04,0.000000000000000000e+00,9.999546434050231580e-01,1.000000000074881212e+00
4.544120528351140226e-05,4.544120528351140226e-05,9.990924951838588974e-01,4.544120528351140226e-05,0.000000000000000000e+00,4.544120341130545297e-05
1.000000041200624468e+00,1.000000041200624468e+00,2.198648847700392798e+04,1.000000041200624468e+00,9.999546433301452764e-01,0.000000000000000000e+00
0.000000000000000000e+00,2.202646579480671789e+04,9.999546021313913124e-01,9.999999587244959853e-01,9.999546021313913124e-01,1.000000041238047865e+00
1.000000000000000000e+00,0.000000000000000000e+00,9.999546021313913124e-01,9.999999587244959853e-01,9.999546021313913124e-01,1.000000041238047865e+00
4.548248085393639684e-05,1.001818308792181478e+00,0.000000000000000000e+00,4.548247897662407893e-05,4.548041604624659240e-05,4.548248272954512144e-05
1.000000000000000000e+00,2.202646579480671789e+04,9.999546021313913124e-01,0.000000000000000000e+00,9.999546021313913124e-01,1.000000041238047865e+00
1.000045399929668788e+00,2.202746579480465152e+04,1.000000000000000000e+00,1.000045358652290828e+00,0.000000000000000000e+00,1.000045441169588933e+00
1.000000041200624468e+00,2.202646670231085955e+04,9.999546433301452764e-01,9.999999999251186766e-01,9.999546433301452764e-01,0.000000000000000000e+00
0.000000000000000000e+00,2.202646579480671789e+04,9.999546021313913124e-01,1.000000000000000000e+00,9.999546021313913124e-01,2.200647668668254482e+04
1.000000000000000000e+00,0.000000000000000000e+00,4.539786870243865007e-05,4.539992976248484740e-05,4.539786870243865007e-05,9.990924958951478141e-01
2.202746579480465152e+04,2.202746579480465152e+04,0.000000000000000000e+00,1.000045399929668788e+00,1.000000000000000000e+00,2.200747577917637682e+04
2.202646670396023183e+04,2.202646670396023183e+04,9.999546434050231580e-01,0.000000000000000000e+00,9.999546434050231580e-01,2.200647759501099790e+04
2.202746579480465152e+04,2.202746579480465152e+04,1.000000000000000000e+00,1.000045399929668788e+00,0.000000000000000000e+00,2.200747577917637682e+04
2.202646488647830120e+04,2.202646488647830120e+04,9.999545608952171705e-01,9.999999587619536889e-01,9.999545608952171705e-01,0.000000000000000000e+00
0.000000000000000000e+00,4.539992976248484740e-05,4.539786870243863652e-05,4.539786870243863652e-05,9.990916719578841754e-01,4.539992789197947598e-05
1.000000000000000000e+00,0.000000000000000000e+00,4.539786870243863652e-05,4.539786870243863652e-05,9.990916719578841754e-01,4.539992789197947598e-05
2.202746579480465152e+04,1.000045399929668788e+00,0.000000000000000000e+00,9.999999999999997780e-01,2.200745762992648451e+04,1.000045358727175593e+00
2.202646579480671789e+04,1.000000000000000000e+00,9.999546021313910904e-01,0.000000000000000000e+00,2.200645853825658924e+04,9.999999587993773087e-01
2.202746579480465152e+04,1.000045399929668788e+00,9.999999999999997780e-01,9.999999999999997780e-01,0.000000000000000000e+00,1.000045358727175593e+00
1.000908328416618920e+00,4.544116780880061521e-05,4.543910487663499470e-05,4.543910487663499470e-05,9.999991753143308015e-01,0.000000000000000000e+00
0.000000000000000000e+00,1.000000000000000000e+00,9.981849914538160062e-01,4.539992976248484740e-05,4.539993163298953441e-05,4.539993163468933302e-05
1.000000000000000000e+00,0.000000000000000000e+00,2.198648757114691398e+04,1.000000000000000000e+00,1.000000041200607370e+00,1.000000041238047865e+00
1.000045399929669010e+00,2.202746579480465880e+04,0.000000000000000000e+00,1.000045399929669010e+00,1.000045441132146884e+00,1.000045441169589155e+00
1.000045399929669010e+00,2.202746579480465880e+04,2.198748575613630965e+04,0.000000000000000000e+00,1.000045441132146884e+00,1.000045441169589155e+00
4.544120528351140226e-05,1.000909153852054256e+00,9.990924951838588974e-01,4.544120528351140226e-05,0.000000000000000000e+00,4.544120715741800399e-05
1.000000041200624468e+00,2.202646670231085955e+04,2.198648847700392798e+04,1.000000041200624468e+00,1.000000082401233614e+00,0.000000000000000000e+00
0.000000000000000000e+00,2.202646579480671789e+04,9.999546021312976096e-01,2.200644035683946640e+04,1.000000041275522777e+00,9.999999587993773087e-01
1.000000000000000000e+00,0.000000000000000000e+00,4.539786870243439458e-05,9.990908465228237612e-01,4.539993163639068340e-05,4.539992789197947598e-05
1.001818308792181478e+00,1.001818308792181478e+00,0.000000000000000000e+00,1.000907502193244314e+00,4.548248273124956857e-05,4.548247898002986289e-05
2.202646579480671789e+04,2.202646579480671789e+04,9.999546021312976096e-01,0.000000000000000000e+00,1.000000041275522777e+00,9.999999587993773087e-01
2.202646488730298370e+04,2.202646488730298370e+04,9.999545609325622975e-01,2.200643945016079306e+04,0.000000000000000000e+00,9.999999175987732691e-01
2.202646488647830120e+04,2.202646488647830120e+04,9.999545608951234676e-01,2.200643944933685998e+04,1.000000000037474912e+00,0.000000000000000000e+00
0.000000000000000000e+00,4.539992976248484740e-05,4.539992976418620455e-05,4.539992976248484740e-05,4.539993163298953441e-05,9.990924958951478141e-01
1.000000000000000000e+00,0.000000000000000000e+00,4.539992976418620455e-05,4.539992976248484740e-05,4.539993163298953441e-05,9.990924958951478141e-01
2.202746579480671789e+04,1.000045399929762491e+00,0.000000000000000000e+00,1.000045399929762491e+00,1.000045441132240365e+00,2.200747577917843955e+04
1.000909980789375098e+00,4.544124282640768427e-05,4.544124282811059319e-05,0.000000000000000000e+00,4.544124469861449416e-05,1.000001650873221237e+00
2.202646488565286563e+04,9.999999587244788879e-01,9.999999587619536889e-01,9.999999587244788879e-01,0.000000000000000000e+00,2.200647577835374977e+04
2.202646670231085955e+04,1.000000041200624468e+00,1.000000041238099158e+00,1.000000041200624468e+00,1.000000082401233614e+00,0.000000000000000000e+00
0.000000000000000000e+00,4.539992976248484740e-05,4.539992976418310780e-05,4.539993163469088479e-05,9.990916719578841754e-01,4.539786870243865007e-05
1.000000000000000000e+00,0.000000000000000000e+00,1.000000000037406744e+00,1.000000041238082060e+00,2.200645853825658924e+04,9.999546021313913124e-01
9.999999999625251990e-01,9.999999999625251990e-01,0.000000000000000000e+00,1.000000041200607370e+00,2.200645853743190310e+04,9.999546020939181767e-01
1.000000000000000000e+00,1.000000000000000000e+00,1.000000000037406744e+00,0.000000000000000000e+00,2.200645853825658924e+04,9.999546021313913124e-01
9.999999587993942951e-01,9.999999587993942951e-01,9.999999588368009285e-01,1.000000000037474690e+00,0.000000000000000000e+00,9.999545609326560003e-01
4.544116780880061521e-05,4.544116780880061521e-05,4.544116781050041383e-05,4.544116968270722371e-05,9.999991753143308015e-01,0.000000000000000000e+00
0.000000000000000000e+00,1.000000000000000000e+00,9.999999999625253100e-01,9.999546021313913124e-01,1.000000000000000000e+00,9.999546021313913124e-01
2.202646579480671789e+04,0.000000000000000000e+00,9.999999999625253100e-01,9.999546021313913124e-01,1.000000000000000000e+00,9.999546021313913124e-01
2.202646579398278118e+04,9.999999999625933667e-01,0.000000000000000000e+00,9.999546020939863444e-01,9.999999999625933667e-01,9.999546020939863444e-01
2.202646488647754813e+04,9.999999587619194941e-01,9.999999587244448040e-01,0.000000000000000000e+00,9.999999587619194941e-01,9.999545608951829756e-01
1.000909153852054256e+00,4.544120528351140226e-05,4.544120528180850690e-05,4.543914234964451947e-05,0.000000000000000000e+00,4.543914234964451947e-05
2.202746579480465152e+04,1.000045399929668788e+00,1.000045399892192322e+00,1.000000000000000000e+00,1.000045399929668788e+00,0.000000000000000000e+00
0.000000000000000000e+00,4.539992976248484740e-05,4.539992976248484740e-05,4.539993163468778804e-05,4.539992976248484740e-05,4.539786870243865007e-05
2.202646579480671789e+04,0.000000000000000000e+00,1.000000000000000000e+00,1.000000041238013893e+00,1.000000000000000000e+00,9.999546021313913124e-01
2.202646579563215346e+04,1.000000000037474690e+00,0.000000000000000000e+00,1.000000041275488805e+00,1.000000000037474690e+00,9.999546021688643371e-01
2.202746579480465152e+04,1.000045399929668788e+00,1.000045399929668788e+00,0.000000000000000000e+00,1.000045399929668788e+00,1.000000000000000000e+00
2.202646579480671789e+04,1.000000000000000000e+00,1.000000000000000000e+00,1.000000041238013893e+00,0.000000000000000000e+00,9.999546021313913124e-01
2.202746579480465152e+04,1.000045399929668788e+00,1.000045399929668788e+00,1.000045441169554961e+00,1.000045399929668788e+00,0.000000000000000000e+00
0.000000000000000000e+00,4.539992976248484740e-05,4.539992976248484740e-05,4.539993163468933302e-05,4.539786870243863652e-05,4.539993163468933302e-05
1.000000000000000000e+00,0.000000000000000000e+00,1.000000000000000000e+00,1.000000041238047865e+00,9.999546021313910904e-01,1.000000041238047865e+00
1.000000000000000000e+00,1.000000000000000000e+00,0.000000000000000000e+00,1.000000041238047865e+00,9.999546021313910904e-01,1.000000041238047865e+00
9.999999587619876618e-01,9.999999587619876618e-01,9.999999587619876618e-01,0.000000000000000000e+00,9.999545608952509212e-01,1.000000000000033973e+00
1.000000000000000000e+00,1.000000000000000000e+00,1.000000000000000000e+00,1.000000041238047865e+00,0.000000000000000000e+00,1.000000041238047865e+00
1.000045399929668788e+00,1.000045399929668788e+00,1.000045399929668788e+00,1.000045441169588933e+00,9.999999999999997780e-01,0.000000000000000000e+00
0.000000000000000000e+00,2.202646579480671789e+04,9.999546021313913124e-01,1.000000041238047865e+00,1.000000041275522777e+00,1.000000041238047865e+00
2.202646579480671789e+04,0.000000000000000000e+00,9.999546021313913124e-01,1.000000041238047865e+00,1.000000041275522777e+00,1.000000041238047865e+00
2.202646579480671789e+04,2.202646579480671789e+04,0.000000000000000000e+00,1.000000041238047865e+00,1.000000041275522777e+00,1.000000041238047865e+00
2.202646488647830120e+04,2.202646488647830120e+04,9.999545608952171705e-01,0.000000000000000000e+00,1.000000000037474912e+00,1.000000000000000000e+00
2.202746579480465880e+04,2.202746579480465880e+04,1.000000000000000222e+00,1.000045441169589155e+00,0.000000000000000000e+00,1.000045441169589155e+00
2.202646488647830120e+04,2.202646488647830120e+04,9.999545608952171705e-01,1.000000000000000000e+00,1.000000000037474912e+00,0.000000000000000000e+00
0.000000000000000000e+00,1.000000000000000000e+00,4.539992976418620455e-05,4.539992976248484740e-05,4.539993163639068340e-05,9.990924958951478141e-01
4.539992976248484740e-05,0.000000000000000000e+00,4.539992976418620455e-05,4.539992976248484740e-05,4.539993163639068340e-05,9.990924958951478141e-01
1.000045399929668788e+00,2.202746579480465152e+04,0.000000000000000000e+00,1.000045399929668788e+00,1.000045441207065400e+00,2.200747577917637682e+04
9.999999587619536889e-01,2.202646488647830120e+04,9.999999587994286010e-01,0.000000000000000000e+00,1.000000000037474912e+00,2.200647577917843955e+04
9.999999587244788879e-01,2.202646488565286563e+04,9.999999587619536889e-01,9.999999587244788879e-01,0.000000000000000000e+00,2.200647577835374977e+04
9.999999587619536889e-01,2.202646488647830120e+04,9.999999587994286010e-01,9.999999587619536889e-01,1.000000000037474912e+00,0.000000000000000000e+00
0.000000000000000000e+00,2.202646579480671789e+04,9.999546021313913124e-01,1.000000041238082060e+00,9.999999587619707864e-01,2.200647668668254482e+04
4.539992976248484740e-05,0.000000000000000000e+00,4.539786870243865007e-05,4.539993163469088479e-05,4.539992789028121558e-05,9.990924958951478141e-01
9.999999999625251990e-01,2.202646579398127869e+04,0.000000000000000000e+00,1.000000041200607370e+00,9.999999587244958743e-01,2.200647668585785505e+04
1.000000000000000000e+00,2.202646579480671789e+04,9.999546021313913124e-01,0.000000000000000000e+00,9.999999587619707864e-01,2.200647668668254482e+04
9.999999587244788879e-01,2.202646488565286563e+04,9.999545608577440348e-01,9.999999999625593938e-01,0.000000000000000000e+00,2.200647577835374977e+04
4.544116780880061521e-05,1.000908328416618920e+00,4.543910487663500148e-05,4.544116968270722371e-05,4.544116593489640551e-05,0.000000000000000000e+00
0.000000000000000000e+00,2.202646579480671789e+04,9.999546021313913124e-01,9.999546021313910904e-01,9.999999587619707864e-01,9.999999587993773087e-01
4.539992976248484740e-05,0.000000000000000000e+00,4.539786870243865007e-05,4.539786870243863652e-05,4.539992789028121558e-05,4.539992789197947598e-05
1.000045399929668788e+00,2.202746579480465152e+04,0.000000000000000000e+00,9.999999999999997780e-01,1.000045358689767294e+00,1.000045358727175593e+00
9.999999587619194941e-01,2.202646488647754813e+04,9.999545608951829756e-01,0.000000000000000000e+00,9.999999175238920568e-01,9.999999175612985791e-01
1.000000041238030990e+00,2.202646670313479626e+04,9.999546433675501333e-01,9.999546433675499113e-01,0.000000000000000000e+00,1.000000000037406522e+00
4.544116780880061521e-05,1.000908328416618920e+00,4.543910487663500148e-05,4.543910487663499470e-05,4.544116593489640551e-05,0.000000000000000000e+00
0.000000000000000000e+00,2.202646579480671789e+04,9.999546021313913124e-01,1.000000000000000000e+00,9.999546021313913124e-01,9.999999587993773087e-01
4.539992976248484740e-05,0.000000000000000000e+00,4.539786870243865007e-05,4.539992976248484740e-05,4.539786870243865007e-05,4.539992789197947598e-05
1.000045399929668788e+00,2.202746579480465152e+04,0.000000000000000000e+00,1.000045399929668788e+00,1.000000000000000000e+00,1.000045358727175593e+00
1.000045399929669010e+00,2.202746579480465880e+04,1.000000000000000222e+00,0.000000000000000000e+00,1.000000000000000222e+00,1.000045358727175815e+00
1.000000041238030990e+00,2.202646670313479626e+04,9.999546433675501333e-01,1.000000041238030990e+00,0.000000000000000000e+00,1.000000000037406522e+00
1.000000041200624468e+00,2.202646670231085955e+04,9.999546433301452764e-01,1.000000041200624468e+00,9.999546433301452764e-01,0.000000000000000000e+00
0.000000000000000000e+00,2.202646579480671789e+04,9.999546021313913124e-01,1.000000000000000000e+00,1.000000041200607370e+00,2.200647668668254482e+04
1.000000000000000000e+00,0.000000000000000000e+00,4.539786870243865007e-05,4.539992976248484740e-05,4.539993163298953441e-05,9.990924958951478141e-01
2.202746579480465152e+04,2.202746579480465152e+04,0.000000000000000000e+00,1.000045399929668788e+00,1.000045441132146662e+00,2.200747577917637682e+04
2.202646579480671789e+04,2.202646579480671789e+04,9.999546021313913124e-01,0.000000000000000000e+00,1.000000041200607370e+00,2.200647668668254482e+04
2.202746579480465152e+04,2.202746579480465152e+04,1.000000000000000000e+00,1.000045399929668788e+00,0.000000000000000000e+00,2.200747577917637682e+04
2.202646670231085955e+04,2.202646670231085955e+04,9.999546433301452764e-01,1.000000041200624468e+00,1.000000082401233614e+00,0.000000000000000000e+00
0.000000000000000000e+00,4.539992976248484740e-05,4.539786870243863652e-05,4.539786870243863652e-05,9.990916719578841754e-01,9.990924958951478141e-01
1.000000000000000000e+00,0.000000000000000000e+00,4.539786870243863652e-05,4.539786870243863652e-05,9.990916719578841754e-01,9.990924958951478141e-01
2.202746579480465152e+04,1.000045399929668788e+00,0.000000000000000000e+00,9.999999999999997780e-01,2.200745762992648451e+04,2.200747577917637682e+04
2.202646579480671789e+04,1.000000000000000000e+00,9.999546021313910904e-01,0.000000000000000000e+00,2.200645853825658924e+04,2.200647668668254482e+04
2.202646488730298370e+04,9.999999587993942951e-01,9.999545609326557782e-01,9.999545609326557782e-01,0.000000000000000000e+00,2.200647578000237627e+04
1.000908328416618920e+00,4.544116780880061521e-05,4.543910487663499470e-05,4.543910487663499470e-05,9.999991753143308015e-01,0.000000000000000000e+00
0.000000000000000000e+00,1.000000000000000000e+00,9.981849914538160062e-01,4.539786870243863652e-05,9.990916719578841754e-01,4.539993163468933302e-05
2.202646579480671789e+04,0.000000000000000000e+00,2.198648757114691398e+04,9.999546021313910904e-01,2.200645853825658924e+04,1.000000041238047865e+00
2.202746579480465880e+04,2.202746579480465880e+04,0.000000000000000000e+00,1.000000000000000000e+00,2.200745762992648815e+04,1.000045441169589155e+00
2.202746579480465880e+04,2.202746579480465880e+04,2.198748575613630965e+04,0.000000000000000000e+00,2.200745762992648815e+04,1.000045441169589155e+00
1.000909153852054256e+00,1.000909153852054256e+00,9.990924951838588974e-01,4.543914234964451269e-05,0.000000000000000000e+00,4.544120715741800399e-05
1.000908328416618920e+00,1.000908328416618920e+00,9.990916712465959248e-01,4.543910487663499470e-05,9.999991753143308015e-01,0.000000000000000000e+00
0.000000000000000000e+00,1.000000000000000000e+00,9.981849914538160062e-01,4.539992788857987198e-05,4.539993163639068340e-05,9.990924958951478141e-01
4.539992976248484740e-05,0.000000000000000000e+00,9.981849914538160062e-01,4.539992788857987198e-05,4.539993163639068340e-05,9.990924958951478141e-01
4.548248085393639684e-05,1.001818308792181478e+00,0.000000000000000000e+00,4.548247897662407893e-05,4.548248273124956857e-05,1.000909154564636472e+00
1.000045399929669010e+00,2.202746579480465880e+04,2.198748575613630965e+04,0.000000000000000000e+00,1.000045441207065622e+00,2.200747577917638046e+04
4.544120528351140226e-05,1.000909153852054256e+00,9.990924951838588974e-01,4.544120340790275221e-05,0.000000000000000000e+00,1.000000824686349432e+00
9.999999587619536889e-01,2.202646488647830120e+04,2.198648666446712014e+04,9.999999174864514506e-01,1.000000000037474912e+00,0.000000000000000000e+00
0.000000000000000000e+00,1.000000000000000000e+00,9.999546021313913124e-01,2.200644035683946640e+04,2.200645853825658924e+04,2.200647668668254482e+04
1.000000000000000000e+00,0.000000000000000000e+00,4.539786870243865007e-05,9.990908465228237612e-01,9.990916719578841754e-01,9.990924958951478141e-01
1.001818308792181478e+00,4.548248085393639684e-05,0.000000000000000000e+00,1.000907502193244314e+00,1.000908329129200469e+00,1.000909154564636472e+00
2.202646670396023183e+04,1.000000041275505680e+00,9.999546434050231580e-01,0.000000000000000000e+00,2.200645944658429289e+04,2.200647759501099790e+04
2.202646488565286563e+04,9.999999587244788879e-01,9.999545608577440348e-01,2.200643944851217384e+04,0.000000000000000000e+00,2.200647577835374977e+04
1.000908328416618920e+00,4.544116780880061521e-05,4.543910487663500148e-05,9.999983491295042493e-01,9.999991753143308015e-01,0.000000000000000000e+00
0.000000000000000000e+00,4.539992976248484740e-05,9.981849914538160062e-01,4.539992976248484740e-05,9.990916719578841754e-01,4.539993163468933302e-05
2.202646579480671789e+04,0.000000000000000000e+00,2.198648757114691398e+04,1.000000000000000000e+00,2.200645853825658924e+04,1.000000041238047865e+00
2.202746579480465152e+04,1.000045399929668788e+00,0.000000000000000000e+00,1.000045399929668788e+00,2.200745762992648451e+04,1.000045441169588933e+00
1.000909980789375098e+00,4.544124282640768427e-05,9.990933206202814443e-01,0.000000000000000000e+00,1.000000826186190572e+00,4.544124470031583776e-05
1.000909153852054256e+00,4.544120528351140226e-05,9.990924951838588974e-01,4.544120528351140226e-05,0.000000000000000000e+00,4.544120715741800399e-05
1.000908328416618920e+00,4.544116780880061521e-05,9.990916712465959248e-01,4.544116780880061521e-05,9.999991753143308015e-01,0.000000000000000000e+00
0.000000000000000000e+00,4.539992976248484740e-05,9.981849914538160062e-01,9.990908465228237612e-01,4.539786870243865007e-05,4.539786870243865007e-05
1.000000000000000000e+00,0.000000000000000000e+00,2.198648757114691398e+04,2.200644035683946640e+04,9.999546021313913124e-01,9.999546021313913124e-01
4.548248085393639684e-05,4.548248085393639684e-05,0.000000000000000000e+00,1.000907502193244314e+00,4.548041604624659240e-05,4.548041604624659240e-05
1.000000000000000000e+00,1.000000000000000000e+00,2.198648757114691398e+04,0.000000000000000000e+00,9.999546021313913124e-01,9.999546021313913124e-01
4.544120528351140226e-05,4.544120528351140226e-05,9.990924951838588974e-01,9.999991738144921039e-01,0.000000000000000000e+00,4.543914234964451947e-05
9.999999587619536889e-01,9.999999587619536889e-01,2.198648666446712014e+04,2.200643944933685998e+04,9.999545608952171705e-01,0.000000000000000000e+00
0.000000000000000000e+00,1.000000000000000000e+00,9.999546021313913124e-01,9.999999587244959853e-01,1.000000000000000000e+00,1.000000041238047865e+00
2.202646579480671789e+04,0.000000000000000000e+00,9.999546021313913124e-01,9.999999587244959853e-01,1.000000000000000000e+00,1.000000041238047865e+00
1.001818308792181478e+00,4.548248085393639684e-05,0.000000000000000000e+00,4.548247897662407893e-05,4.548248085393639684e-05,4.548248272954512144e-05
1.000909980789375098e+00,4.544124282640768427e-05,4.543917989083643566e-05,0.000000000000000000e+00,4.544124282640768427e-05,4.544124470031583776e-05
2.202746579480465152e+04,1.000045399929668788e+00,1.000000000000000000e+00,1.000045358652290828e+00,0.000000000000000000e+00,1.000045441169588933e+00
2.202746579480465152e+04,1.000045399929668788e+00,1.000000000000000000e+00,1.000045358652290828e+00,1.000045399929668788e+00,0.000000000000000000e+00
0.000000000000000000e+00,1.000000000000000000e+00,4.539786870243863652e-05,4.539992976248484740e-05,4.539786870243865007e-05,4.539786870243865007e-05
2.202646579480671789e+04,0.000000000000000000e+00,9.999546021313910904e-01,1.000000000000000000e+00,9.999546021313913124e-01,9.999546021313913124e-01
2.202746579480465152e+04,2.202746579480465152e+04,0.000000000000000000e+00,1.000045399929668788e+00,1.000000000000000000e+00,1.000000000000000000e+00
2.202646670396023183e+04,2.202646670396023183e+04,9.999546434050229360e-01,0.000000000000000000e+00,9.999546434050231580e-01,9.999546434050231580e-01
2.202646579480671789e+04,2.202646579480671789e+04,9.999546021313910904e-01,1.000000000000000000e+00,0.000000000000000000e+00,9.999546021313913124e-01
2.202646488647830120e+04,2.202646488647830120e+04,9.999545608952169484e-01,9.999999587619536889e-01,9.999545608952171705e-01,0.000000000000000000e+00
0.000000000000000000e+00,4.539992976248484740e-05,4.539786870243863652e-05,4.539992976248484740e-05,4.539992976248484740e-05,9.990924958951478141e-01
1.000000000000000000e+00,0.000000000000000000e+00,4.539786870243863652e-05,4.539992976248484740e-05,4.539992976248484740e-05,9.990924958951478141e-01
2.202746579480465880e+04,1.000045399929669010e+00,0.000000000000000000e+00,1.000045399929669010e+00,1.000045399929669010e+00,2.200747577917638046e+04
2.202646579480671789e+04,1.000000000000000000e+00,9.999546021313910904e-01,0.000000000000000000e+00,1.000000000000000000e+00,2.200647668668254482e+04
2.202746579480465152e+04,1.000045399929668788e+00,9.999999999999997780e-01,1.000045399929668788e+00,0.000000000000000000e+00,2.200747577917637682e+04
2.202746579480465152e+04,1.000045399929668788e+00,9.999999999999997780e-01,1.000045399929668788e+00,1.000045399929668788e+00,0.000000000000000000e+00
0.000000000000000000e+00,1.000000000000000000e+00,4.539786870243863652e-05,4.539992976248484740e-05,9.990916719578841754e-01,4.539993163468933302e-05
2.202646579480671789e+04,0.000000000000000000e+00,9.999546021313910904e-01,1.000000000000000000e+00,2.200645853825658924e+04,1.000000041238047865e+00
2.202746579480465880e+04,2.202746579480465880e+04,0.000000000000000000e+00,1.000045399929669010e+00,2.200745762992648815e+04,1.000045441169589155e+00
2.202646579480671789e+04,2.202646579480671789e+04,9.999546021313910904e-01,0.000000000000000000e+00,2.200645853825658924e+04,1.000000041238047865e+00
2.202646579480671789e+04,2.202646579480671789e+04,9.999546021313910904e-01,1.000000000000000000e+00,0.000000000000000000e+00,1.000000041238047865e+00
1.000908328416618920e+00,1.000908328416618920e+00,4.543910487663499470e-05,4.544116780880061521e-05,9.999991753143308015e-01,0.000000000000000000e+00
0.000000000000000000e+00,4.539992976248484740e-05,4.539992602147341339e-05,4.539992976248484740e-05,4.539993163639068340e-05,9.990924958951478141e-01
4.539992976248484740e-05,0.000000000000000000e+00,4.539992602147341339e-05,4.539992976248484740e-05,4.539993163639068340e-05,9.990924958951478141e-01
1.000045399929669010e+00,1.000045399929669010e+00,0.000000000000000000e+00,1.000045399929669010e+00,1.000045441207065622e+00,2.200747577917638046e+04
1.000000000000000000e+00,1.000000000000000000e+00,9.999999175987396294e-01,0.000000000000000000e+00,1.000000041275522777e+00,2.200647668668254482e+04
4.544120528351140226e-05,4.544120528351140226e-05,4.544120153909881249e-05,4.544120528351140226e-05,0.000000000000000000e+00,1.000000824686349432e+00
9.999999587619536889e-01,9.999999587619536889e-01,9.999998763606967600e-01,9.999999587619536889e-01,1.000000000037474912e+00,0.000000000000000000e+00
0.000000000000000000e+00,1.000000000000000000e+00,9.999546021313913124e-01,9.999546021313913124e-01,9.999999587619707864e-01,9.999546021313913124e-01
1.000000000000000000e+00,0.000000000000000000e+00,9.999546021313913124e-01,9.999546021313913124e-01,9.999999587619707864e-01,9.999546021313913124e-01
1.000000082401267143e+00,1.000000082401267143e+00,0.000000000000000000e+00,9.999546845289176700e-01,1.000000041163234599e+00,9.999546845289176700e-01
1.000000000000000000e+00,1.000000000000000000e+00,9.999546021313913124e-01,0.000000000000000000e+00,9.999999587619707864e-01,9.999546021313913124e-01
9.999999587244788879e-01,9.999999587244788879e-01,9.999545608577440348e-01,9.999545608577440348e-01,0.000000000000000000e+00,9.999545608577440348e-01
4.544116780880061521e-05,4.544116780880061521e-05,4.543910487663500148e-05,4.543910487663500148e-05,4.544116593489640551e-05,0.000000000000000000e+00
0.000000000000000000e+00,2.202646579480671789e+04,9.999546021312976096e-01,1.000000000000000000e+00,1.000000000000000000e+00,1.000000041238047865e+00
2.202646579480671789e+04,0.000000000000000000e+00,9.999546021312976096e-01,1.000000000000000000e+00,1.000000000000000000e+00,1.000000041238047865e+00
2.202746579480465152e+04,2.202746579480465152e+04,0.000000000000000000e+00,1.000045399929668788e+00,1.000045399929668788e+00,1.000045441169588933e+00
2.202746579480465152e+04,2.202746579480465152e+04,9.999999999999062972e-01,0.000000000000000000e+00,1.000045399929668788e+00,1.000045441169588933e+00
2.202646670313479626e+04,2.202646670313479626e+04,9.999546433674564305e-01,1.000000041238030990e+00,0.000000000000000000e+00,1.000000082476080632e+00
2.202746579480465152e+04,2.202746579480465152e+04,9.999999999999062972e-01,1.000045399929668788e+00,1.000045399929668788e+00,0.000000000000000000e+00
0.000000000000000000e+00,1.000000000000000000e+00,4.539992976248484740e-05,4.539786870243863652e-05,4.539993163639068340e-05,9.990924958951478141e-01
4.539992976248484740e-05,0.000000000000000000e+00,4.539992976248484740e-05,4.539786870243863652e-05,4.539993163639068340e-05,9.990924958951478141e-01
1.000045399929762491e+00,2.202746579480671789e+04,0.000000000000000000e+00,1.000000000000093481e+00,1.000045441207159103e+00,2.200747577917843955e+04
1.000000000000000000e+00,2.202646579480671789e+04,1.000000000000000000e+00,0.000000000000000000e+00,1.000000041275522777e+00,2.200647668668254482e+04
1.000000000000000000e+00,2.202646579480671789e+04,1.000000000000000000e+00,9.999546021313910904e-01,0.000000000000000000e+00,2.200647668668254482e+04
9.999999587619536889e-01,2.202646488647830120e+04,9.999999587619536889e-01,9.999545608952169484e-01,1.000000000037474912e+00,0.000000000000000000e+00
0.000000000000000000e+00,1.000000000000000000e+00,9.999546021312976096e-01,1.000000041238047865e+00,2.200645853825658924e+04,9.999999587993773087e-01
1.000000000000000000e+00,0.000000000000000000e+00,4.539786870243439458e-05,4.539993163468933302e-05,9.990916719578841754e-01,4.539992789197947598e-05
2.202646579480671789e+04,1.000000000000000000e+00,0.000000000000000000e+00,1.000000041238047865e+00,2.200645853825658924e+04,9.999999587993773087e-01
2.202746579480465880e+04,1.000045399929669010e+00,9.999999999999065192e-01,0.000000000000000000e+00,2.200745762992648815e+04,1.000045358727175815e+00
2.202646488565286563e+04,9.999999587244788879e-01,9.999545608576503319e-01,9.999999999625251990e-01,0.000000000000000000e+00,9.999999175238578619e-01
1.000908328416618920e+00,4.544116780880061521e-05,4.543910487663074598e-05,4.544116968270567195e-05,9.999991753143308015e-01,0.000000000000000000e+00
0.000000000000000000e+00,1.000000000000000000e+00,9.981849914538160062e-01,4.539786870243863652e-05,4.539786870243865007e-05,4.539993163468933302e-05
2.202646579480671789e+04,0.000000000000000000e+00,2.198648757114691398e+04,9.999546021313910904e-01,9.999546021313913124e-01,1.000000041238047865e+00
2.202746579480671789e+04,2.202746579480671789e+04,0.000000000000000000e+00,1.000000000000093481e+00,1.000000000000093703e+00,1.000045441169682636e+00
2.202646488647830120e+04,2.202646488647830120e+04,2.198648666446712014e+04,0.000000000000000000e+00,9.999545608952171705e-01,1.000000000000000000e+00
1.000909153852054256e+00,1.000909153852054256e+00,9.990924951838588974e-01,4.543914234964451269e-05,0.000000000000000000e+00,4.544120715741800399e-05
2.202646670231085955e+04,2.202646670231085955e+04,2.198648847700392798e+04,9.999546433301450543e-01,9.999546433301452764e-01,0.000000000000000000e+00
0.000000000000000000e+00,1.000000000000000000e+00,4.539992789197948276e-05,9.990908465228237612e-01,4.539993163639068340e-05,9.990924958951478141e-01
4.539992976248484740e-05,0.000000000000000000e+00,4.539992789197948276e-05,9.990908465228237612e-01,4.539993163639068340e-05,9.990924958951478141e-01
4.548248085393639684e-05,1.001818308792181478e+00,0.000000000000000000e+00,1.000907502193244314e+00,4.548248273124956857e-05,1.000909154564636472e+00
1.000045399929669010e+00,2.202746579480465880e+04,1.000045358727176037e+00,0.000000000000000000e+00,1.000045441207065622e+00,2.200747577917638046e+04
1.000045399929668788e+00,2.202746579480465152e+04,1.000045358727175815e+00,2.200743944768392612e+04,0.000000000000000000e+00,2.200747577917637682e+04
9.999999587619536889e-01,2.202646488647830120e+04,9.999999175613329960e-01,2.200643944933685998e+04,1.000000000037474912e+00,0.000000000000000000e+00
0.000000000000000000e+00,2.202646579480671789e+04,9.999546021312976096e-01,1.000000041200607370e+00,9.999999587619707864e-01,9.999999587993773087e-01
1.000000000000000000e+00,0.000000000000000000e+00,4.539786870243439458e-05,4.539993163298953441e-05,4.539992789028121558e-05,4.539992789197947598e-05
2.202646670231085591e+04,2.202646670231085591e+04,0.000000000000000000e+00,1.000000082401233392e+00,9.999999999625932556e-01,9.999999999999997780e-01
1.000909980789375098e+00,1.000909980789375098e+00,4.543917989083218016e-05,0.000000000000000000e+00,4.544124095250038459e-05,4.544124095420018998e-05
2.202646488565286563e+04,2.202646488565286563e+04,9.999545608576503319e-01,9.999999999250845928e-01,0.000000000000000000e+00,9.999999175238578619e-01
1.000908328416618920e+00,1.000908328416618920e+00,4.543910487663074598e-05,4.544116968100432835e-05,4.544116593489640551e-05,0.000000000000000000e+00
0.000000000000000000e+00,4.539992976248484740e-05,4.539992976078505556e-05,4.539786870243863652e-05,4.539993163298953441e-05,9.990924958951478141e-01
1.000000000000000000e+00,0.000000000000000000e+00,4.539992976078505556e-05,4.539786870243863652e-05,4.539993163298953441e-05,9.990924958951478141e-01
2.202746579480671789e+04,1.000045399929762491e+00,0.000000000000000000e+00,1.000000000000093481e+00,1.000045441132240365e+00,2.200747577917843955e+04
2.202646488730298370e+04,9.999999587993942951e-01,9.999999587619536889e-01,0.000000000000000000e+00,1.000000000000000000e+00,2.200647578000237627e+04
2.202646670313479626e+04,1.000000041238030990e+00,1.000000041200590495e+00,9.999546433675499113e-01,0.000000000000000000e+00,2.200647759418631176e+04
2.202646670231085955e+04,1.000000041200624468e+00,1.000000041163183750e+00,9.999546433301450543e-01,1.000000082401233614e+00,0.000000000000000000e+00
0.000000000000000000e+00,1.000000000000000000e+00,4.539992976418310780e-05,4.539993163468778804e-05,9.990916719578841754e-01,4.539786870243865007e-05
2.202646579480671789e+04,0.000000000000000000e+00,1.000000000037406744e+00,1.000000041238013893e+00,2.200645853825658924e+04,9.999546021313913124e-01
2.202646579563140040e+04,2.202646579563140040e+04,0.000000000000000000e+00,1.000000041275454610e+00,2.200645853908052231e+04,9.999546021688301423e-01
2.202746579480465880e+04,2.202746579480465880e+04,1.000045399967077309e+00,0.000000000000000000e+00,2.200745762992648815e+04,1.000000000000000222e+00
2.202646488730298370e+04,2.202646488730298370e+04,9.999999588368009285e-01,1.000000000037406522e+00,0.000000000000000000e+00,9.999545609326560003e-01
1.000908328416618920e+00,1.000908328416618920e+00,4.544116781050041383e-05,4.544116968270412696e-05,9.999991753143308015e-01,0.000000000000000000e+00
0.000000000000000000e+00,1.000000000000000000e+00,9.981849914538160062e-01,4.539993163469087124e-05,4.539992976248484740e-05,9.990924958951478141e-01
1.000000000000000000e+00,0.000000000000000000e+00,9.981849914538160062e-01,4.539993163469087124e-05,4.539992976248484740e-05,9.990924958951478141e-01
2.202646579398278118e+04,2.202646579398278118e+04,0.000000000000000000e+00,1.000000041200675316e+00,9.999999999625933667e-01,2.200647668585935389e+04
2.202646488647905062e+04,2.202646488647905062e+04,2.198648666446786956e+04,0.000000000000000000e+00,9.999999587619876618e-01,2.200647577917918898e+04
1.000909153852054256e+00,1.000909153852054256e+00,9.990924951838588974e-01,4.544120715741954897e-05,0.000000000000000000e+00,1.000000824686349432e+00
2.202746579480465152e+04,2.202746579480465152e+04,2.198748575613630601e+04,1.000045441169622906e+00,1.000045399929668788e+00,0.000000000000000000e+00
0.000000000000000000e+00,4.539992976248484740e-05,4.539992976248484740e-05,9.990908465228237612e-01,4.539992789028121558e-05,4.539992789197947598e-05
1.000000000000000000e+00,0.000000000000000000e+00,4.539992976248484740e-05,9.990908465228237612e-01,4.539992789028121558e-05,4.539992789197947598e-05
1.001818308792181478e+00,4.548248085393639684e-05,0.000000000000000000e+00,1.000907502193244314e+00,4.548247897832851928e-05,4.548247898002986289e-05
2.202646488647755541e+04,9.999999587619197161e-01,9.999999587619197161e-01,0.000000000000000000e+00,9.999999175238922788e-01,9.999999175612988012e-01
2.202646579480671789e+04,1.000000000000000000e+00,1.000000000000000000e+00,2.200644035683946640e+04,0.000000000000000000e+00,9.999999587993773087e-01
1.000908328416618920e+00,4.544116780880061521e-05,4.544116780880061521e-05,9.999983491295042493e-01,4.544116593489640551e-05,0.000000000000000000e+00
0.000000000000000000e+00,1.000000000000000000e+00,4.539992976078505556e-05,4.539993163468933302e-05,4.539993163298953441e-05,4.539786870243865007e-05
2.202646579480671789e+04,0.000000000000000000e+00,9.999999999625595049e-01,1.000000041238047865e+00,1.000000041200607370e+00,9.999546021313913124e-01
2.202646579480671789e+04,2.202646579480671789e+04,0.000000000000000000e+00,1.000000041238047865e+00,1.000000041200607370e+00,9.999546021313913124e-01
1.000909980789375098e+00,1.000909980789375098e+00,4.544124282470634067e-05,0.000000000000000000e+00,4.544124469861449416e-05,4.543917989083643566e-05
2.202646670313479626e+04,2.202646670313479626e+04,1.000000041200590495e+00,1.000000082476080632e+00,0.000000000000000000e+00,9.999546433675501333e-01
2.202646670231085955e+04,2.202646670231085955e+04,1.000000041163183750e+00,1.000000082438674109e+00,1.000000082401233614e+00,0.000000000000000000e+00
0.000000000000000000e+00,1.000000000000000000e+00,4.539992976418310780e-05,4.539993163468778804e-05,4.539992976248484740e-05,9.990924958951478141e-01
1.000000000000000000e+00,0.000000000000000000e+00,4.539992976418310780e-05,4.539993163468778804e-05,4.539992976248484740e-05,9.990924958951478141e-01
2.202646579563140040e+04,2.202646579563140040e+04,0.000000000000000000e+00,1.000000041275454610e+00,1.000000000037440495e+00,2.200647668750647790e+04
2.202646488647830120e+04,2.202646488647830120e+04,9.999999587993604333e-01,0.000000000000000000e+00,9.999999587619536889e-01,2.200647577917843955e+04
2.202646488730298370e+04,2.202646488730298370e+04,9.999999588368009285e-01,1.000000000037406522e+00,0.000000000000000000e+00,2.200647578000237627e+04
2.202746579480465152e+04,2.202746579480465152e+04,1.000045399967077087e+00,1.000045441169554961e+00,1.000045399929668788e+00,0.000000000000000000e+00
0.000000000000000000e+00,1.000000000000000000e+00,4.539992976248484740e-05,4.539786870243865007e-05,9.990916719578841754e-01,9.990924958951478141e-01
1.000000000000000000e+00,0.000000000000000000e+00,4.539992976248484740e-05,4.539786870243865007e-05,9.990916719578841754e-01,9.990924958951478141e-01
2.202646579398278118e+04,2.202646579398278118e+04,0.000000000000000000e+00,9.999546020939863444e-01,2.200645853743340194e+04,2.200647668585935389e+04
2.202646488647905062e+04,2.202646488647905062e+04,9.999999587619876618e-01,0.000000000000000000e+00,2.200645763075398281e+04,2.200647577917918898e+04
2.202646579480671789e+04,2.202646579480671789e+04,1.000000000000000000e+00,9.999546021313913124e-01,0.000000000000000000e+00,2.200647668668254482e+04
1.000908328416618920e+00,1.000908328416618920e+00,4.544116780880061521e-05,4.543910487663500148e-05,9.999991753143308015e-01,0.000000000000000000e+00
0.000000000000000000e+00,1.000000000000000000e+00,9.981849914538160062e-01,4.539993163468933302e-05,9.990916719578841754e-01,9.990924958951478141e-01
1.000000000000000000e+00,0.000000000000000000e+00,9.981849914538160062e-01,4.539993163468933302e-05,9.990916719578841754e-01,9.990924958951478141e-01
2.202646579480671789e+04,2.202646579480671789e+04,0.000000000000000000e+00,1.000000041238047865e+00,2.200645853825658924e+04,2.200647668668254482e+04
2.202746579480465152e+04,2.202746579480465152e+04,2.198748575613630601e+04,0.000000000000000000e+00,2.200745762992648451e+04,2.200747577917637682e+04
1.000909153852054256e+00,1.000909153852054256e+00,9.990924951838588974e-01,4.544120715741800399e-05,0.000000000000000000e+00,1.000000824686349432e+00
1.000908328416618920e+00,1.000908328416618920e+00,9.990916712465959248e-01,4.544116968270567195e-05,9.999991753143308015e-01,0.000000000000000000e+00
0.000000000000000000e+00,1.000000000000000000e+00,9.981849914538160062e-01,9.990908465228237612e-01,4.539992789028121558e-05,9.990924958951478141e-01
1.000000000000000000e+00,0.000000000000000000e+00,9.981849914538160062e-01,9.990908465228237612e-01,4.539992789028121558e-05,9.990924958951478141e-01
1.001818308792181478e+00,1.001818308792181478e+00,0.000000000000000000e+00,1.000907502193244314e+00,4.548247897832851928e-05,1.000909154564636472e+00
2.202646488647830120e+04,2.202646488647830120e+04,2.198648666446712014e+04,0.000000000000000000e+00,9.999999175239262517e-01,2.200647577917843955e+04
1.000909153852054256e+00,1.000909153852054256e+00,9.990924951838588974e-01,9.999991738144921039e-01,0.000000000000000000e+00,1.000000824686349432e+00
1.000908328416618920e+00,1.000908328416618920e+00,9.990916712465959248e-01,9.999983491295042493e-01,4.544116593489640551e-05,0.000000000000000000e+00
0.000000000000000000e+00,4.539992976248484740e-05,4.539992976078505556e-05,4.539992788857987198e-05,4.539992789028121558e-05,4.539992789197947598e-05
1.000000000000000000e+00,0.000000000000000000e+00,4.539992976078505556e-05,4.539992788857987198e-05,4.539992789028121558e-05,4.539992789197947598e-05
1.001818308792181478e+00,4.548248085393639684e-05,0.000000000000000000e+00,4.548247897662407893e-05,4.548247897832851928e-05,4.548247898002986289e-05
1.000909980789375098e+00,4.544124282640768427e-05,4.544124282470634067e-05,0.000000000000000000e+00,4.544124095250038459e-05,4.544124095420018998e-05
2.202646670313479626e+04,1.000000041238030990e+00,1.000000041200590495e+00,9.999999999625253100e-01,0.000000000000000000e+00,1.000000000037406522e+00
1.000908328416618920e+00,4.544116780880061521e-05,4.544116780709927161e-05,4.544116593319351015e-05,4.544116593489640551e-05,0.000000000000000000e+00
0.000000000000000000e+00,1.000000000000000000e+00,4.539992976078505556e-05,4.539993163468778804e-05,4.539786870243865007e-05,4.539786870243865007e-05
2.202646579480671789e+04,0.000000000000000000e+00,9.999999999625595049e-01,1.000000041238013893e+00,9.999546021313913124e-01,9.999546021313913124e-01
2.202646579563140040e+04,2.202646579563140040e+04,0.000000000000000000e+00,1.000000041275454610e+00,9.999546021688301423e-01,9.999546021688301423e-01
2.202646670396023183e+04,2.202646670396023183e+04,1.000000041238065185e+00,0.000000000000000000e+00,9.999546434050231580e-01,9.999546434050231580e-01
2.202646670313479626e+04,2.202646670313479626e+04,1.000000041200590495e+00,1.000000082476046659e+00,0.000000000000000000e+00,9.999546433675501333e-01
2.202646670231085955e+04,2.202646670231085955e+04,1.000000041163183750e+00,1.000000082438640137e+00,9.999546433301452764e-01,0.000000000000000000e+00
0.000000000000000000e+00,4.539992976248484740e-05,4.539786870243863652e-05,4.539993163468778804e-05,4.539786870243863652e-05,4.539992789197947598e-05
1.000000000000000000e+00,0.000000000000000000e+00,4.539786870243863652e-05,4.539993163468778804e-05,4.539786870243863652e-05,4.539992789197947598e-05
2.202646579563140040e+04,1.000000000037440495e+00,0.000000000000000000e+00,1.000000041275454610e+00,9.999546021688299202e-01,9.999999588368178038e-01
2.202646488647905062e+04,9.999999587619876618e-01,9.999545608952509212e-01,0.000000000000000000e+00,9.999545608952509212e-01,9.999999175613667468e-01
2.202746579480465152e+04,1.000045399929668788e+00,9.999999999999997780e-01,1.000045441169554961e+00,0.000000000000000000e+00,1.000045358727175593e+00
2.202746579480465152e+04,1.000045399929668788e+00,9.999999999999997780e-01,1.000045441169554961e+00,9.999999999999997780e-01,0.000000000000000000e+00
0.000000000000000000e+00,1.000000000000000000e+00,4.539786870243863652e-05,4.539786870243863652e-05,4.539993163298953441e-05,4.539786870243865007e-05
1.000000000000000000e+00,0.000000000000000000e+00,9.999546021313910904e-01,9.999546021313910904e-01,1.000000041200607370e+00,9.999546021313913124e-01
1.000045399929669010e+00,2.202746579480465880e+04,0.000000000000000000e+00,1.000000000000000000e+00,1.000045441132146884e+00,1.000000000000000222e+00
9.999999587619876618e-01,2.202646488647905062e+04,9.999545608952509212e-01,0.000000000000000000e+00,9.999999999625934777e-01,9.999545608952511433e-01
1.000045399929669010e+00,2.202746579480465880e+04,1.000000000000000000e+00,1.000000000000000000e+00,0.000000000000000000e+00,1.000000000000000222e+00
1.000000041200624468e+00,2.202646670231085955e+04,9.999546433301450543e-01,9.999546433301450543e-01,1.000000082401233614e+00,0.000000000000000000e+00
0.000000000000000000e+00,2.202646579480671789e+04,9.999546021313913124e-01,9.999546021313910904e-01,1.000000000000000000e+00,2.200647668668254482e+04
4.539992976248484740e-05,0.000000000000000000e+00,4.539786870243865007e-05,4.539786870243863652e-05,4.539992976248484740e-05,9.990924958951478141e-01
1.000045399929669010e+00,2.202746579480465880e+04,0.000000000000000000e+00,1.000000000000000000e+00,1.000045399929669010e+00,2.200747577917638046e+04
1.000045399929669010e+00,2.202746579480465880e+04,1.000000000000000222e+00,0.000000000000000000e+00,1.000045399929669010e+00,2.200747577917638046e+04
9.999999587993942951e-01,2.202646488730298370e+04,9.999545609326560003e-01,9.999545609326557782e-01,0.000000000000000000e+00,2.200647578000237627e+04
1.000045399929668788e+00,2.202746579480465152e+04,1.000000000000000000e+00,9.999999999999997780e-01,1.000045399929668788e+00,0.000000000000000000e+00
0.000000000000000000e+00,2.202646579480671789e+04,9.999546021312976096e-01,9.999546021313910904e-01,9.999999587619707864e-01,2.200647668668254482e+04
1.000000000000000000e+00,0.000000000000000000e+00,4.539786870243439458e-05,4.539786870243863652e-05,4.539992789028121558e-05,9.990924958951478141e-01
2.202746579480465152e+04,2.202746579480465152e+04,0.000000000000000000e+00,9.999999999999997780e-01,1.000045358689767294e+00,2.200747577917637682e+04
2.202746579480465880e+04,2.202746579480465880e+04,9.999999999999065192e-01,0.000000000000000000e+00,1.000045358689767516e+00,2.200747577917638046e+04
2.202646579480671789e+04,2.202646579480671789e+04,9.999546021312976096e-01,9.999546021313910904e-01,0.000000000000000000e+00,2.200647668668254482e+04
1.000908328416618920e+00,1.000908328416618920e+00,4.543910487663074598e-05,4.543910487663499470e-05,4.544116593489640551e-05,0.000000000000000000e+00
0.000000000000000000e+00,1.000000000000000000e+00,4.539786870243863652e-05,4.539992976248484740e-05,9.990916719578841754e-01,9.990924958951478141e-01
1.000000000000000000e+00,0.000000000000000000e+00,4.539786870243863652e-05,4.539992976248484740e-05,9.990916719578841754e-01,9.990924958951478141e-01
2.202746579480671789e+04,2.202746579480671789e+04,0.000000000000000000e+00,1.000045399929762491e+00,2.200745762992854725e+04,2.200747577917843955e+04
2.202746579480465880e+04,2.202746579480465880e+04,1.000000000000000000e+00,0.000000000000000000e+00,2.200745762992648815e+04,2.200747577917638046e+04
2.202646670313479626e+04,2.202646670313479626e+04,9.999546433675499113e-01,1.000000041238030990e+00,0.000000000000000000e+00,2.200647759418631176e+04
1.000908328416618920e+00,1.000908328416618920e+00,4.543910487663499470e-05,4.544116780880061521e-05,9.999991753143308015e-01,0.000000000000000000e+00
0.000000000000000000e+00,4.539992976248484740e-05,9.981849914538160062e-01,4.539786870243863652e-05,9.990916719578841754e-01,9.990924958951478141e-01
1.000000000000000000e+00,0.000000000000000000e+00,9.981849914538160062e-01,4.539786870243863652e-05,9.990916719578841754e-01,9.990924958951478141e-01
2.202746579480465880e+04,1.000045399929669010e+00,0.000000000000000000e+00,1.000000000000000000e+00,2.200745762992648815e+04,2.200747577917638046e+04
2.202646579480671789e+04,1.000000000000000000e+00,2.198648757114691398e+04,0.000000000000000000e+00,2.200645853825658924e+04,2.200647668668254482e+04
1.000909153852054256e+00,4.544120528351140226e-05,9.990924951838588974e-01,4.543914234964451269e-05,0.000000000000000000e+00,1.000000824686349432e+00
1.000908328416618920e+00,4.544116780880061521e-05,9.990916712465959248e-01,4.543910487663499470e-05,9.999991753143308015e-01,0.000000000000000000e+00
0.000000000000000000e+00,1.000000000000000000e+00,9.981849914538160062e-01,4.539992788857987198e-05,9.990916719578841754e-01,4.539993163468933302e-05
2.202646579480671789e+04,0.000000000000000000e+00,2.198648757114691398e+04,9.999999587244959853e-01,2.200645853825658924e+04,1.000000041238047865e+00
1.001818308792181478e+00,1.001818308792181478e+00,0.000000000000000000e+00,4.548247897662407893e-05,1.000908329129200469e+00,4.548248272954512144e-05
2.202746579480465880e+04,2.202746579480465880e+04,2.198748575613630965e+04,0.000000000000000000e+00,2.200745762992648815e+04,1.000045441169589155e+00
1.000909153852054256e+00,1.000909153852054256e+00,9.990924951838588974e-01,4.544120340790275221e-05,0.000000000000000000e+00,4.544120715741800399e-05
1.000908328416618920e+00,1.000908328416618920e+00,9.990916712465959248e-01,4.544116593319351015e-05,9.999991753143308015e-01,0.000000000000000000e+00
0.000000000000000000e+00,1.000000000000000000e+00,9.981849914538160062e-01,9.990908465228237612e-01,4.539786870243865007e-05,4.539992789197947598e-05
1.000000000000000000e+00,0.000000000000000000e+00,9.981849914538160062e-01,9.990908465228237612e-01,4.539786870243865007e-05,4.539992789197947598e-05
1.001818308792181478e+00,1.001818308792181478e+00,0.000000000000000000e+00,1.000907502193244314e+00,4.548041604624659240e-05,4.548247898002986289e-05
2.202646670396023183e+04,2.202646670396023183e+04,2.198648847865030621e+04,0.000000000000000000e+00,9.999546434050231580e-01,1.000000000074881212e+00
1.000909153852054256e+00,1.000909153852054256e+00,9.990924951838588974e-01,9.999991738144921039e-01,0.000000000000000000e+00,4.544120341130545297e-05
2.202646488647830120e+04,2.202646488647830120e+04,2.198648666446712014e+04,2.200643944933685998e+04,9.999545608952171705e-01,0.000000000000000000e+00
0.000000000000000000e+00,1.000000000000000000e+00,4.539992789197948276e-05,9.990908465228237612e-01,4.539993163298953441e-05,9.990924958951478141e-01
1.000000000000000000e+00,0.000000000000000000e+00,4.539992789197948276e-05,9.990908465228237612e-01,4.539993163298953441e-05,9.990924958951478141e-01
1.001818308792181478e+00,1.001818308792181478e+00,0.000000000000000000e+00,1.000907502193244314e+00,4.548248272784223285e-05,1.000909154564636472e+00
1.000909980789375098e+00,1.000909980789375098e+00,4.544124095420019676e-05,0.000000000000000000e+00,4.544124469861449416e-05,1.000001650873221237e+00
2.202746579480465152e+04,2.202746579480465152e+04,1.000045358727175815e+00,2.200743944768392612e+04,0.000000000000000000e+00,2.200747577917637682e+04
2.202646670231085955e+04,2.202646670231085955e+04,1.000000000000000222e+00,2.200644126351855084e+04,1.000000082401233614e+00,0.000000000000000000e+00
0.000000000000000000e+00,1.000000000000000000e+00,4.539992976418310780e-05,4.539993163298953441e-05,9.990916719578841754e-01,9.990924958951478141e-01
1.000000000000000000e+00,0.000000000000000000e+00,4.539992976418310780e-05,4.539993163298953441e-05,9.990916719578841754e-01,9.990924958951478141e-01
2.202646670231085591e+04,2.202646670231085591e+04,0.000000000000000000e+00,1.000000082401233392e+00,2.200645944493641582e+04,2.200647759336312083e+04
1.000909980789375098e+00,1.000909980789375098e+00,4.544124282810748966e-05,0.000000000000000000e+00,1.000000826186190572e+00,1.000001650873221237e+00
2.202646488730298370e+04,2.202646488730298370e+04,9.999999588368009285e-01,1.000000000000000000e+00,0.000000000000000000e+00,2.200647578000237627e+04
1.000908328416618920e+00,1.000908328416618920e+00,4.544116781050041383e-05,4.544116968100432835e-05,9.999991753143308015e-01,0.000000000000000000e+00
0.000000000000000000e+00,1.000000000000000000e+00,9.981849914538160062e-01,4.539993163469087124e-05,9.990916719578841754e-01,4.539992789197947598e-05
1.000000000000000000e+00,0.000000000000000000e+00,9.981849914538160062e-01,4.539993163469087124e-05,9.990916719578841754e-01,4.539992789197947598e-05
2.202646579398278118e+04,2.202646579398278118e+04,0.000000000000000000e+00,1.000000041200675316e+00,2.200645853743340194e+04,9.999999587619706753e-01
2.202646488730298370e+04,2.202646488730298370e+04,2.198648666529030743e+04,0.000000000000000000e+00,2.200645763157717010e+04,9.999999175987732691e-01
1.000909153852054256e+00,1.000909153852054256e+00,9.990924951838588974e-01,4.544120715741954897e-05,0.000000000000000000e+00,4.544120341130545297e-05
1.000908328416618920e+00,1.000908328416618920e+00,9.990916712465959248e-01,4.544116968270721694e-05,9.999991753143308015e-01,0.000000000000000000e+00
0.000000000000000000e+00,1.000000000000000000e+00,4.539992602147341339e-05,9.990908465228237612e-01,4.539993163298953441e-05,9.990924958951478141e-01
1.000000000000000000e+00,0.000000000000000000e+00,4.539992602147341339e-05,9.990908465228237612e-01,4.539993163298953441e-05,9.990924958951478141e-01
1.001818308792181478e+00,1.001818308792181478e+00,0.000000000000000000e+00,1.000907502193244314e+00,4.548248272784223285e-05,1.000909154564636472e+00
2.202646488647755541e+04,2.202646488647755541e+04,9.999998763606627872e-01,0.000000000000000000e+00,9.999999999625255320e-01,2.200647577917769377e+04
1.000909153852054256e+00,1.000909153852054256e+00,4.544120153909881249e-05,9.999991738144921039e-01,0.000000000000000000e+00,1.000000824686349432e+00
2.202646670231085955e+04,2.202646670231085955e+04,9.999999587993605443e-01,2.200644126351855084e+04,1.000000082401233614e+00,0.000000000000000000e+00
0.000000000000000000e+00,4.539992976248484740e-05,4.539786870243863652e-05,4.539993163128972224e-05,9.990916719578841754e-01,4.539992789197947598e-05
4.539992976248484740e-05,0.000000000000000000e+00,4.539786870243863652e-05,4.539993163128972224e-05,9.990916719578841754e-01,4.539992789197947598e-05
1.000000082401267143e+00,1.000000082401267143e+00,0.000000000000000000e+00,1.000000123564437349e+00,2.200646035161666077e+04,1.000000041200641121e+00
4.544124282640768427e-05,4.544124282640768427e-05,4.543917989083642888e-05,0.000000000000000000e+00,1.000000826186190572e+00,4.544124095420018998e-05
9.999999587993942951e-01,9.999999587993942951e-01,9.999545609326557782e-01,9.999999999625592828e-01,0.000000000000000000e+00,9.999999175987732691e-01
4.544116780880061521e-05,4.544116780880061521e-05,4.543910487663499470e-05,4.544116967930297797e-05,9.999991753143308015e-01,0.000000000000000000e+00
0.000000000000000000e+00,2.202646579480671789e+04,9.999546021313910904e-01,1.000000000000000000e+00,1.000000041200607370e+00,9.999546021313913124e-01
2.202646579480671789e+04,0.000000000000000000e+00,9.999546021313910904e-01,1.000000000000000000e+00,1.000000041200607370e+00,9.999546021313913124e-01
2.202746579480465880e+04,2.202746579480465880e+04,0.000000000000000000e+00,1.000045399929669010e+00,1.000045441132146884e+00,1.000000000000000222e+00
2.202646488812767348e+04,2.202646488812767348e+04,9.999545609700948301e-01,0.000000000000000000e+00,1.000000000037440717e+00,9.999545609700950521e-01
1.000909153852054256e+00,1.000909153852054256e+00,4.543914234964451269e-05,4.544120528351140226e-05,0.000000000000000000e+00,4.543914234964451947e-05
2.202646670231085955e+04,2.202646670231085955e+04,9.999546433301450543e-01,1.000000041200624468e+00,1.000000082401233614e+00,0.000000000000000000e+00
0.000000000000000000e+00,4.539992976248484740e-05,4.539992976418310780e-05,4.539786870243863652e-05,4.539992976248484740e-05,9.990924958951478141e-01
4.539992976248484740e-05,0.000000000000000000e+00,4.539992976418310780e-05,4.539786870243863652e-05,4.539992976248484740e-05,9.990924958951478141e-01
1.000045399929669010e+00,1.000045399929669010e+00,0.000000000000000000e+00,1.000000000000000000e+00,1.000045399929669010e+00,2.200747577917638046e+04
1.000000000000000000e+00,1.000000000000000000e+00,1.000000000037406744e+00,0.000000000000000000e+00,1.000000000000000000e+00,2.200647668668254482e+04
9.999999587993942951e-01,9.999999587993942951e-01,9.999999588368009285e-01,9.999545609326557782e-01,0.000000000000000000e+00,2.200647578000237627e+04
1.000045399929668788e+00,1.000045399929668788e+00,1.000045399967077087e+00,9.999999999999997780e-01,1.000045399929668788e+00,0.000000000000000000e+00
0.000000000000000000e+00,2.202646579480671789e+04,9.999546021313913124e-01,9.999546021313913124e-01,2.200645853825658924e+04,1.000000041238047865e+00
2.202646579480671789e+04,0.000000000000000000e+00,9.999546021313913124e-01,9.999546021313913124e-01,2.200645853825658924e+04,1.000000041238047865e+00
2.202646579398278118e+04,2.202646579398278118e+04,0.000000000000000000e+00,9.999546020939863444e-01,2.200645853743340194e+04,1.000000041200641343e+00
2.202746579480465880e+04,2.202746579480465880e+04,1.000000000000000222e+00,0.000000000000000000e+00,2.200745762992648815e+04,1.000045441169589155e+00
2.202646579480671789e+04,2.202646579480671789e+04,9.999546021313913124e-01,9.999546021313913124e-01,0.000000000000000000e+00,1.000000041238047865e+00
1.000908328416618920e+00,1.000908328416618920e+00,4.543910487663500148e-05,4.543910487663500148e-05,9.999991753143308015e-01,0.000000000000000000e+00
0.000000000000000000e+00,1.000000000000000000e+00,9.981849914538160062e-01,4.539992976248484740e-05,4.539993163639068340e-05,9.990924958951478141e-01
1.000000000000000000e+00,0.000000000000000000e+00,9.981849914538160062e-01,4.539992976248484740e-05,4.539993163639068340e-05,9.990924958951478141e-01
2.202746579480465152e+04,2.202746579480465152e+04,0.000000000000000000e+00,1.000045399929668788e+00,1.000045441207065400e+00,2.200747577917637682e+04
2.202746579480465152e+04,2.202746579480465152e+04,2.198748575613630601e+04,0.000000000000000000e+00,1.000045441207065400e+00,2.200747577917637682e+04
1.000909153852054256e+00,1.000909153852054256e+00,9.990924951838588974e-01,4.544120528351140226e-05,0.000000000000000000e+00,1.000000824686349432e+00
2.202646488647830120e+04,2.202646488647830120e+04,2.198648666446712014e+04,9.999999587619536889e-01,1.000000000037474912e+00,0.000000000000000000e+00
0.000000000000000000e+00,1.000000000000000000e+00,4.539786870243863652e-05,9.990908465228237612e-01,9.990916719578841754e-01,9.990924958951478141e-01
4.539992976248484740e-05,0.000000000000000000e+00,4.539786870243863652e-05,9.990908465228237612e-01,9.990916719578841754e-01,9.990924958951478141e-01
4.548248085393639684e-05,1.001818308792181478e+00,0.000000000000000000e+00,1.000907502193244314e+00,1.000908329129200469e+00,1.000909154564636472e+00
1.000000000000000000e+00,2.202646579480671789e+04,9.999546021313910904e-01,0.000000000000000000e+00,2.200645853825658924e+04,2.200647668668254482e+04
9.999999587244788879e-01,2.202646488565286563e+04,9.999545608577438127e-01,2.200643944851217384e+04,0.000000000000000000e+00,2.200647577835374977e+04
4.544116780880061521e-05,1.000908328416618920e+00,4.543910487663499470e-05,9.999983491295042493e-01,9.999991753143308015e-01,0.000000000000000000e+00
0.000000000000000000e+00,2.202646579480671789e+04,9.999999999625253100e-01,1.000000000000000000e+00,2.200645853825658924e+04,2.200647668668254482e+04
1.000000000000000000e+00,0.000000000000000000e+00,4.539992976078349702e-05,4.539992976248484740e-05,9.990916719578841754e-01,9.990924958951478141e-01
2.202746579480465880e+04,2.202746579480465880e+04,0.000000000000000000e+00,1.000045399929669010e+00,2.200745762992648815e+04,2.200747577917638046e+04
1.000909980789375098e+00,1.000909980789375098e+00,4.544124282470478891e-05,0.000000000000000000e+00,1.000000826186190572e+00,1.000001650873221237e+00
1.000909153852054256e+00,1.000909153852054256e+00,4.544120528180850690e-05,4.544120528351140226e-05,0.000000000000000000e+00,1.000000824686349432e+00
1.000908328416618920e+00,1.000908328416618920e+00,4.544116780709771985e-05,4.544116780880061521e-05,9.999991753143308015e-01,0.000000000000000000e+00
0.000000000000000000e+00,1.000000000000000000e+00,4.539992602147341339e-05,4.539993163468778804e-05,4.539992789028121558e-05,9.990924958951478141e-01
1.000000000000000000e+00,0.000000000000000000e+00,4.539992602147341339e-05,4.539993163468778804e-05,4.539992789028121558e-05,9.990924958951478141e-01
2.202646579563215346e+04,2.202646579563215346e+04,0.000000000000000000e+00,1.000000041275488805e+00,9.999999587994454764e-01,2.200647668750723096e+04
2.202646579480671789e+04,2.202646579480671789e+04,9.999999175987396294e-01,0.000000000000000000e+00,9.999999587619707864e-01,2.200647668668254482e+04
1.000909153852054256e+00,1.000909153852054256e+00,4.544120153909881249e-05,4.544120715741645900e-05,0.000000000000000000e+00,1.000000824686349432e+00
1.000908328416618920e+00,1.000908328416618920e+00,4.544116406439110864e-05,4.544116968270412696e-05,4.544116593489640551e-05,0.000000000000000000e+00
0.000000000000000000e+00,1.000000000000000000e+00,4.539992976078505556e-05,4.539786870243865007e-05,9.990916719578841754e-01,9.990924958951478141e-01
1.000000000000000000e+00,0.000000000000000000e+00,4.539992976078505556e-05,4.539786870243865007e-05,9.990916719578841754e-01,9.990924958951478141e-01
2.202646760981541229e+04,2.202646760981541229e+04,0.000000000000000000e+00,9.999546845289176700e-01,2.200646035161666077e+04,2.200647850004410793e+04
2.202646488647905062e+04,2.202646488647905062e+04,9.999999587245471666e-01,0.000000000000000000e+00,2.200645763075398281e+04,2.200647577917918898e+04
2.202646670313479626e+04,2.202646670313479626e+04,1.000000041200590495e+00,9.999546433675501333e-01,0.000000000000000000e+00,2.200647759418631176e+04
1.000908328416618920e+00,1.000908328416618920e+00,4.544116780709927161e-05,4.543910487663500148e-05,9.999991753143308015e-01,0.000000000000000000e+00
0.000000000000000000e+00,1.000000000000000000e+00,9.981849914538160062e-01,4.539786870243865007e-05,9.990916719578841754e-01,9.990924958951478141e-01
1.000000000000000000e+00,0.000000000000000000e+00,9.981849914538160062e-01,4.539786870243865007e-05,9.990916719578841754e-01,9.990924958951478141e-01
2.202646579563140040e+04,2.202646579563140040e+04,0.000000000000000000e+00,9.999546021688301423e-01,2.200645853908052231e+04,2.200647668750647790e+04
2.202746579480465152e+04,2.202746579480465152e+04,2.198748575613630601e+04,0.000000000000000000e+00,2.200745762992648451e+04,2.200747577917637682e+04
1.000909153852054256e+00,1.000909153852054256e+00,9.990924951838588974e-01,4.543914234964451947e-05,0.000000000000000000e+00,1.000000824686349432e+00
1.000908328416618920e+00,1.000908328416618920e+00,9.990916712465959248e-01,4.543910487663500148e-05,9.999991753143308015e-01,0.000000000000000000e+00
0.000000000000000000e+00,4.539992976248484740e-05,9.981849914538160062e-01,9.990908465228237612e-01,9.990916719578841754e-01,9.990924958951478141e-01
1.000000000000000000e+00,0.000000000000000000e+00,9.981849914538160062e-01,9.990908465228237612e-01,9.990916719578841754e-01,9.990924958951478141e-01
1.001818308792181478e+00,4.548248085393639684e-05,0.000000000000000000e+00,1.000907502193244314e+00,1.000908329129200469e+00,1.000909154564636472e+00
2.202746579480465152e+04,1.000045399929668788e+00,2.198748575613630601e+04,0.000000000000000000e+00,2.200745762992648451e+04,2.200747577917637682e+04
1.000909153852054256e+00,4.544120528351140226e-05,9.990924951838588974e-01,9.999991738144921039e-01,0.000000000000000000e+00,1.000000824686349432e+00
1.000908328416618920e+00,4.544116780880061521e-05,9.990916712465959248e-01,9.999983491295042493e-01,9.999991753143308015e-01,0.000000000000000000e+00
0.000000000000000000e+00,1.000000000000000000e+00,9.981849914538160062e-01,9.990908465228237612e-01,9.990916719578841754e-01,4.539786870243865007e-05
2.202646579480671789e+04,0.000000000000000000e+00,2.198648757114691398e+04,2.200644035683946640e+04,2.200645853825658924e+04,9.999546021313913124e-01
1.001818308792181478e+00,1.001818308792181478e+00,0.000000000000000000e+00,1.000907502193244314e+00,1.000908329129200469e+00,4.548041604624659240e-05
1.000909980789375098e+00,1.000909980789375098e+00,9.990933206202814443e-01,0.000000000000000000e+00,1.000000826186190572e+00,4.543917989083643566e-05
1.000909153852054256e+00,1.000909153852054256e+00,9.990924951838588974e-01,9.999991738144921039e-01,0.000000000000000000e+00,4.543914234964451947e-05
1.000908328416618920e+00,1.000908328416618920e+00,9.990916712465959248e-01,9.999983491295042493e-01,9.999991753143308015e-01,0.000000000000000000e+00
0.000000000000000000e+00,1.000000000000000000e+00,9.981849914538160062e-01,9.990908465228237612e-01,4.539786870243863652e-05,9.990924958951478141e-01
1.000000000000000000e+00,0.000000000000000000e+00,9.981849914538160062e-01,9.990908465228237612e-01,4.539786870243863652e-05,9.990924958951478141e-01
1.001818308792181478e+00,1.001818308792181478e+00,0.000000000000000000e+00,1.000907502193244314e+00,4.548041604624657885e-05,1.000909154564636472e+00
1.000909980789375098e+00,1.000909980789375098e+00,9.990933206202814443e-01,0.000000000000000000e+00,4.543917989083642888e-05,1.000001650873221237e+00
1.000909153852054256e+00,1.000909153852054256e+00,9.990924951838588974e-01,9.999991738144921039e-01,0.000000000000000000e+00,1.000000824686349432e+00
2.202746579480465152e+04,2.202746579480465152e+04,2.198748575613630601e+04,2.200743944768392612e+04,9.999999999999997780e-01,0.000000000000000000e+00
0.000000000000000000e+00,1.000000000000000000e+00,4.539992789197948276e-05,9.990908465228237612e-01,9.990916719578841754e-01,9.990924958951478141e-01
4.539992976248484740e-05,0.000000000000000000e+00,4.539992789197948276e-05,9.990908465228237612e-01,9.990916719578841754e-01,9.990924958951478141e-01
4.548248085393639684e-05,1.001818308792181478e+00,0.000000000000000000e+00,1.000907502193244314e+00,1.000908329129200469e+00,1.000909154564636472e+00
4.544124282640768427e-05,1.000909980789375098e+00,4.544124095420019676e-05,0.000000000000000000e+00,1.000000826186190572e+00,1.000001650873221237e+00
1.000045399929669010e+00,2.202746579480465880e+04,1.000045358727176037e+00,2.200743944768392976e+04,0.000000000000000000e+00,2.200747577917638046e+04
4.544116780880061521e-05,1.000908328416618920e+00,4.544116593659621090e-05,9.999983491295042493e-01,9.999991753143308015e-01,0.000000000000000000e+00
0.000000000000000000e+00,1.000000000000000000e+00,9.999546021313910904e-01,1.000000041200607370e+00,9.999999587619707864e-01,2.200647668668254482e+04
1.000000000000000000e+00,0.000000000000000000e+00,4.539786870243863652e-05,4.539993163298953441e-05,4.539992789028121558e-05,9.990924958951478141e-01
2.202646670231085591e+04,1.000000041200624246e+00,0.000000000000000000e+00,1.000000082401233392e+00,9.999999999625932556e-01,2.200647759336312083e+04
1.000909980789375098e+00,4.544124282640768427e-05,4.543917989083642888e-05,0.000000000000000000e+00,4.544124095250038459e-05,1.000001650873221237e+00
1.000909153852054256e+00,4.544120528351140226e-05,4.543914234964451269e-05,4.544120715571666039e-05,0.000000000000000000e+00,1.000000824686349432e+00
1.000908328416618920e+00,4.544116780880061521e-05,4.543910487663499470e-05,4.544116968100432835e-05,4.544116593489640551e-05,0.000000000000000000e+00
0.000000000000000000e+00,1.000000000000000000e+00,4.539786870243863652e-05,4.539992976248484740e-05,9.990916719578841754e-01,4.539786870243865007e-05
1.000000000000000000e+00,0.000000000000000000e+00,9.999546021313910904e-01,1.000000000000000000e+00,2.200645853825658924e+04,9.999546021313913124e-01
1.000045399929669010e+00,2.202746579480465880e+04,0.000000000000000000e+00,1.000045399929669010e+00,2.200745762992648815e+04,1.000000000000000222e+00
9.999999587993942951e-01,2.202646488730298370e+04,9.999545609326557782e-01,0.000000000000000000e+00,2.200645763157717010e+04,9.999545609326560003e-01
1.000000041238030990e+00,2.202646670313479626e+04,9.999546433675499113e-01,1.000000041238030990e+00,0.000000000000000000e+00,9.999546433675501333e-01
4.544116780880061521e-05,1.000908328416618920e+00,4.543910487663499470e-05,4.544116780880061521e-05,9.999991753143308015e-01,0.000000000000000000e+00
0.000000000000000000e+00,1.000000000000000000e+00,9.999999999625253100e-01,9.999546021313910904e-01,1.000000000000000000e+00,2.200647668668254482e+04
4.539992976248484740e-05,0.000000000000000000e+00,4.539992976078349702e-05,4.539786870243863652e-05,4.539992976248484740e-05,9.990924958951478141e-01
1.000045399929669010e+00,1.000045399929669010e+00,0.000000000000000000e+00,1.000000000000000000e+00,1.000045399929669010e+00,2.200747577917638046e+04
1.000000000000000000e+00,1.000000000000000000e+00,9.999999999625253100e-01,0.000000000000000000e+00,1.000000000000000000e+00,2.200647668668254482e+04
4.544120528351140226e-05,4.544120528351140226e-05,4.544120528180850690e-05,4.543914234964451269e-05,0.000000000000000000e+00,1.000000824686349432e+00
1.000045399929668788e+00,1.000045399929668788e+00,1.000045399892192322e+00,9.999999999999997780e-01,1.000045399929668788e+00,0.000000000000000000e+00
0.000000000000000000e+00,1.000000000000000000e+00,9.999546021313913124e-01,1.000000041238013893e+00,2.200645853825658924e+04,1.000000041238047865e+00
2.202646579480671789e+04,0.000000000000000000e+00,9.999546021313913124e-01,1.000000041238013893e+00,2.200645853825658924e+04,1.000000041238047865e+00
2.202646579563215346e+04,1.000000000037474690e+00,0.000000000000000000e+00,1.000000041275488805e+00,2.200645853908127538e+04,1.000000041275522777e+00
2.202746579480465880e+04,1.000045399929669010e+00,1.000000000000000222e+00,0.000000000000000000e+00,2.200745762992648815e+04,1.000045441169589155e+00
2.202646579480671789e+04,1.000000000000000000e+00,9.999546021313913124e-01,1.000000041238013893e+00,0.000000000000000000e+00,1.000000041238047865e+00
1.000908328416618920e+00,4.544116780880061521e-05,4.543910487663500148e-05,4.544116968270412696e-05,9.999991753143308015e-01,0.000000000000000000e+00
0.000000000000000000e+00,4.539992976248484740e-05,9.981849914538160062e-01,4.539992976248484740e-05,4.539786870243865007e-05,4.539786870243865007e-05
2.202646579480671789e+04,0.000000000000000000e+00,2.198648757114691398e+04,1.000000000000000000e+00,9.999546021313913124e-01,9.999546021313913124e-01
2.202746579480465152e+04,1.000045399929668788e+00,0.000000000000000000e+00,1.000045399929668788e+00,1.000000000000000000e+00,1.000000000000000000e+00
2.202646488647905062e+04,9.999999587619876618e-01,2.198648666446786956e+04,0.000000000000000000e+00,9.999545608952511433e-01,9.999545608952511433e-01
1.000909153852054256e+00,4.544120528351140226e-05,9.990924951838588974e-01,4.544120528351140226e-05,0.000000000000000000e+00,4.543914234964451947e-05
2.202646488647830120e+04,9.999999587619536889e-01,2.198648666446712014e+04,9.999999587619536889e-01,9.999545608952171705e-01,0.000000000000000000e+00
0.000000000000000000e+00,1.000000000000000000e+00,4.539992789197948276e-05,4.539992788857987198e-05,4.539992976248484740e-05,4.539993163468933302e-05
2.202646579480671789e+04,0.000000000000000000e+00,9.999999587993775307e-01,9.999999587244959853e-01,1.000000000000000000e+00,1.000000041238047865e+00
1.001818308792181478e+00,1.001818308792181478e+00,0.000000000000000000e+00,4.548247897662407893e-05,4.548248085393639684e-05,4.548248272954512144e-05
2.202646579480671789e+04,2.202646579480671789e+04,9.999999587993775307e-01,0.000000000000000000e+00,1.000000000000000000e+00,1.000000041238047865e+00
2.202746579480465152e+04,2.202746579480465152e+04,1.000045358727175815e+00,1.000045358652290828e+00,0.000000000000000000e+00,1.000045441169588933e+00
2.202746579480465152e+04,2.202746579480465152e+04,1.000045358727175815e+00,1.000045358652290828e+00,1.000045399929668788e+00,0.000000000000000000e+00
0.000000000000000000e+00,1.000000000000000000e+00,4.539992976248484740e-05,4.539993163298953441e-05,4.539993163639068340e-05,9.990924958951478141e-01
1.000000000000000000e+00,0.000000000000000000e+00,4.539992976248484740e-05,4.539993163298953441e-05,4.539993163639068340e-05,9.990924958951478141e-01
2.202646670231085591e+04,2.202646670231085591e+04,0.000000000000000000e+00,1.000000082401233392e+00,1.000000082476148577e+00,2.200647759336312083e+04
2.202646670396023183e+04,2.202646670396023183e+04,1.000000041275505680e+00,0.000000000000000000e+00,1.000000082551030234e+00,2.200647759501099790e+04
2.202646579480671789e+04,2.202646579480671789e+04,1.000000000000000000e+00,1.000000041200607370e+00,0.000000000000000000e+00,2.200647668668254482e+04
2.202646488647830120e+04,2.202646488647830120e+04,9.999999587619536889e-01,9.999999999625595049e-01,1.000000000037474912e+00,0.000000000000000000e+00
0.000000000000000000e+00,4.539992976248484740e-05,4.539786870243863652e-05,4.539993163468933302e-05,4.539992789028121558e-05,9.990924958951478141e-01
1.000000000000000000e+00,0.000000000000000000e+00,4.539786870243863652e-05,4.539993163468933302e-05,4.539992789028121558e-05,9.990924958951478141e-01
2.202646579480671789e+04,1.000000000000000000e+00,0.000000000000000000e+00,1.000000041238047865e+00,9.999999587619707864e-01,2.200647668668254482e+04
2.202646488730298370e+04,9.999999587993942951e-01,9.999545609326557782e-01,0.000000000000000000e+00,9.999999175613667468e-01,2.200647578000237627e+04
2.202646488565286563e+04,9.999999587244788879e-01,9.999545608577438127e-01,9.999999999625251990e-01,0.000000000000000000e+00,2.200647577835374977e+04
1.000908328416618920e+00,4.544116780880061521e-05,4.543910487663499470e-05,4.544116968270567195e-05,4.544116593489640551e-05,0.000000000000000000e+00
0.000000000000000000e+00,1.000000000000000000e+00,4.539992976078505556e-05,4.539992976248484740e-05,9.990916719578841754e-01,4.539993163468933302e-05
2.202646579480671789e+04,0.000000000000000000e+00,9.999999999625595049e-01,1.000000000000000000e+00,2.200645853825658924e+04,1.000000041238047865e+00
2.202746579480465880e+04,2.202746579480465880e+04,0.000000000000000000e+00,1.000045399929669010e+00,2.200745762992648815e+04,1.000045441169589155e+00
2.202646488647830120e+04,2.202646488647830120e+04,9.999999587245131938e-01,0.000000000000000000e+00,2.200645763075323339e+04,1.000000000000000000e+00
2.202646670313479626e+04,2.202646670313479626e+04,1.000000041200590495e+00,1.000000041238030990e+00,0.000000000000000000e+00,1.000000082476080632e+00
1.000908328416618920e+00,1.000908328416618920e+00,4.544116780709927161e-05,4.544116780880061521e-05,9.999991753143308015e-01,0.000000000000000000e+00
0.000000000000000000e+00,1.000000000000000000e+00,9.981849914538160062e-01,4.539993163468778804e-05,4.539993163639068340e-05,9.990924958951478141e-01
4.539992976248484740e-05,0.000000000000000000e+00,9.981849914538160062e-01,4.539993163468778804e-05,4.539993163639068340e-05,9.990924958951478141e-01
1.000000000037440495e+00,2.202646579563140040e+04,0.000000000000000000e+00,1.000000041275454610e+00,1.000000041312963273e+00,2.200647668750647790e+04
1.000000000000000000e+00,2.202646579480671789e+04,2.198648757114691398e+04,0.000000000000000000e+00,1.000000041275522777e+00,2.200647668668254482e+04
4.544120528351140226e-05,1.000909153852054256e+00,9.990924951838588974e-01,4.544120715741645900e-05,0.000000000000000000e+00,1.000000824686349432e+00
9.999999587619536889e-01,2.202646488647830120e+04,2.198648666446712014e+04,9.999999999999660272e-01,1.000000000037474912e+00,0.000000000000000000e+00
0.000000000000000000e+00,2.202646579480671789e+04,9.999546021313913124e-01,9.999999587244959853e-01,2.200645853825658924e+04,2.200647668668254482e+04
1.000000000000000000e+00,0.000000000000000000e+00,4.539786870243865007e-05,4.539992788857987198e-05,9.990916719578841754e-01,9.990924958951478141e-01
1.001818308792181478e+00,1.001818308792181478e+00,0.000000000000000000e+00,4.548247897662407893e-05,1.000908329129200469e+00,1.000909154564636472e+00
2.202646488647905062e+04,2.202646488647905062e+04,9.999545608952511433e-01,0.000000000000000000e+00,2.200645763075398281e+04,2.200647577917918898e+04
2.202646488565286563e+04,2.202646488565286563e+04,9.999545608577440348e-01,9.999999174489766496e-01,0.000000000000000000e+00,2.200647577835374977e+04
1.000908328416618920e+00,1.000908328416618920e+00,4.543910487663500148e-05,4.544116593319351015e-05,9.999991753143308015e-01,0.000000000000000000e+00
0.000000000000000000e+00,4.539992976248484740e-05,9.981849914538160062e-01,4.539992976248484740e-05,9.990916719578841754e-01,4.539992789197947598e-05
4.539992976248484740e-05,0.000000000000000000e+00,9.981849914538160062e-01,4.539992976248484740e-05,9.990916719578841754e-01,4.539992789197947598e-05
1.000045399929668788e+00,1.000045399929668788e+00,0.000000000000000000e+00,1.000045399929668788e+00,2.200745762992648451e+04,1.000045358727175593e+00
1.000000041275505680e+00,1.000000041275505680e+00,2.198648847865030621e+04,0.000000000000000000e+00,2.200645944658429289e+04,1.000000000074881212e+00
4.544120528351140226e-05,4.544120528351140226e-05,9.990924951838588974e-01,4.544120528351140226e-05,0.000000000000000000e+00,4.544120341130545297e-05
4.544116780880061521e-05,4.544116780880061521e-05,9.990916712465959248e-01,4.544116780880061521e-05,9.999991753143308015e-01,0.000000000000000000e+00
0.000000000000000000e+00,1.000000000000000000e+00,9.999546021313910904e-01,9.999999587244959853e-01,1.000000041200607370e+00,1.000000041238047865e+00
1.000000000000000000e+00,0.000000000000000000e+00,9.999546021313910904e-01,9.999999587244959853e-01,1.000000041200607370e+00,1.000000041238047865e+00
4.548248085393639684e-05,4.548248085393639684e-05,0.000000000000000000e+00,4.548247897662407893e-05,4.548248272784223285e-05,4.548248272954512144e-05
1.000000000000000000e+00,1.000000000000000000e+00,9.999546021313910904e-01,0.000000000000000000e+00,1.000000041200607370e+00,1.000000041238047865e+00
4.544120528351140226e-05,4.544120528351140226e-05,4.543914234964451269e-05,4.544120340790275221e-05,0.000000000000000000e+00,4.544120715741800399e-05
1.000000041200624468e+00,1.000000041200624468e+00,9.999546433301450543e-01,9.999999999251186766e-01,1.000000082401233614e+00,0.000000000000000000e+00
0.000000000000000000e+00,1.000000000000000000e+00,9.999546021313913124e-01,9.999546021313910904e-01,1.000000041275522777e+00,9.999546021313913124e-01
2.202646579480671789e+04,0.000000000000000000e+00,9.999546021313913124e-01,9.999546021313910904e-01,1.000000041275522777e+00,9.999546021313913124e-01
2.202746579480465880e+04,1.000045399929669010e+00,0.000000000000000000e+00,1.000000000000000000e+00,1.000045441207065622e+00,1.000000000000000222e+00
2.202646670396023183e+04,1.000000041275505680e+00,9.999546434050231580e-01,0.000000000000000000e+00,1.000000082551030234e+00,9.999546434050231580e-01
2.202646488730298370e+04,9.999999587993942951e-01,9.999545609326560003e-01,9.999545609326557782e-01,0.000000000000000000e+00,9.999545609326560003e-01
2.202646488647830120e+04,9.999999587619536889e-01,9.999545608952171705e-01,9.999545608952169484e-01,1.000000000037474912e+00,0.000000000000000000e+00
0.000000000000000000e+00,1.000000000000000000e+00,4.539992976418620455e-05,4.539992976248484740e-05,4.539992976248484740e-05,4.539786870243865007e-05
1.000000000000000000e+00,0.000000000000000000e+00,1.000000000037474912e+00,1.000000000000000000e+00,1.000000000000000000e+00,9.999546021313913124e-01
1.000045399929668788e+00,2.202746579480465152e+04,0.000000000000000000e+00,1.000045399929668788e+00,1.000045399929668788e+00,1.000000000000000000e+00
1.000045399929669010e+00,2.202746579480465880e+04,1.000045399967145476e+00,0.000000000000000000e+00,1.000045399929669010e+00,1.000000000000000222e+00
9.999999587244788879e-01,2.202646488565286563e+04,9.999999587619536889e-01,9.999999587244788879e-01,0.000000000000000000e+00,9.999545608577440348e-01
1.000045399929668788e+00,2.202746579480465152e+04,1.000045399967145254e+00,1.000045399929668788e+00,1.000045399929668788e+00,0.000000000000000000e+00
0.000000000000000000e+00,1.000000000000000000e+00,9.999546021313913124e-01,1.000000041238082060e+00,1.000000000000000000e+00,9.999999587993773087e-01
1.000000000000000000e+00,0.000000000000000000e+00,4.539786870243865007e-05,4.539993163469088479e-05,4.539992976248484740e-05,4.539992789197947598e-05
2.202646579398127869e+04,9.999999999625251990e-01,0.000000000000000000e+00,1.000000041200607370e+00,9.999999999625251990e-01,9.999999587619025077e-01
2.202646579480671789e+04,1.000000000000000000e+00,9.999546021313913124e-01,0.000000000000000000e+00,1.000000000000000000e+00,9.999999587993773087e-01
2.202646579480671789e+04,1.000000000000000000e+00,9.999546021313913124e-01,1.000000041238082060e+00,0.000000000000000000e+00,9.999999587993773087e-01
2.202746579480465152e+04,1.000045399929668788e+00,1.000000000000000000e+00,1.000045441169623128e+00,1.000045399929668788e+00,0.000000000000000000e+00
0.000000000000000000e+00,1.000000000000000000e+00,4.539992976248484740e-05,4.539992976248484740e-05,4.539786870243865007e-05,4.539993163468933302e-05
2.202646579480671789e+04,0.000000000000000000e+00,1.000000000000000000e+00,1.000000000000000000e+00,9.999546021313913124e-01,1.000000041238047865e+00
2.202746579480465152e+04,2.202746579480465152e+04,0.000000000000000000e+00,1.000045399929668788e+00,1.000000000000000000e+00,1.000045441169588933e+00
2.202646488647754813e+04,2.202646488647754813e+04,9.999999587619194941e-01,0.000000000000000000e+00,9.999545608951829756e-01,9.999999999999658051e-01
2.202646579480671789e+04,2.202646579480671789e+04,1.000000000000000000e+00,1.000000000000000000e+00,0.000000000000000000e+00,1.000000041238047865e+00
2.202646670231085955e+04,2.202646670231085955e+04,1.000000041200624468e+00,1.000000041200624468e+00,9.999546433301452764e-01,0.000000000000000000e+00
0.000000000000000000e+00,1.000000000000000000e+00,4.539786870243863652e-05,4.539786870243865007e-05,4.539993163639068340e-05,4.539992789197947598e-05
1.000000000000000000e+00,0.000000000000000000e+00,4.539786870243863652e-05,4.539786870243865007e-05,4.539993163639068340e-05,4.539992789197947598e-05
2.202646579480671789e+04,2.202646579480671789e+04,0.000000000000000000e+00,9.999546021313913124e-01,1.000000041275522777e+00,9.999999587993773087e-01
2.202646579480671789e+04,2.202646579480671789e+04,9.999546021313910904e-01,0.000000000000000000e+00,1.000000041275522777e+00,9.999999587993773087e-01
2.202746579480465152e+04,2.202746579480465152e+04,9.999999999999997780e-01,1.000000000000000000e+00,0.000000000000000000e+00,1.000045358727175593e+00
2.202646488647830120e+04,2.202646488647830120e+04,9.999545608952169484e-01,9.999545608952171705e-01,1.000000000037474912e+00,0.000000000000000000e+00
0.000000000000000000e+00,4.539992976248484740e-05,4.539992976418620455e-05,4.539786870243863652e-05,4.539993163298953441e-05,4.539992789197947598e-05
1.000000000000000000e+00,0.000000000000000000e+00,4.539992976418620455e-05,4.539786870243863652e-05,4.539993163298953441e-05,4.539992789197947598e-05
2.202746579480465880e+04,1.000045399929669010e+00,0.000000000000000000e+00,1.000000000000000000e+00,1.000045441132146884e+00,1.000045358727175815e+00
2.202746579480465152e+04,1.000045399929668788e+00,1.000045399967145254e+00,0.000000000000000000e+00,1.000045441132146662e+00,1.000045358727175593e+00
2.202646488565286563e+04,9.999999587244788879e-01,9.999999587619536889e-01,9.999545608577438127e-01,0.000000000000000000e+00,9.999999175238578619e-01
2.202646670231085955e+04,1.000000041200624468e+00,1.000000041238099158e+00,9.999546433301450543e-01,1.000000082401233614e+00,0.000000000000000000e+00
0.000000000000000000e+00,1.000000000000000000e+00,4.539786870243863652e-05,4.539786870243865007e-05,4.539993163298953441e-05,4.539993163468933302e-05
1.000000000000000000e+00,0.000000000000000000e+00,9.999546021313910904e-01,9.999546021313913124e-01,1.000000041200607370e+00,1.000000041238047865e+00
9.999999999625251990e-01,2.202646579398127869e+04,0.000000000000000000e+00,9.999546020939181767e-01,1.000000041163132680e+00,1.000000041200573175e+00
1.000045399929669010e+00,2.202746579480465880e+04,1.000000000000000000e+00,0.000000000000000000e+00,1.000045441132146884e+00,1.000045441169589155e+00
9.999999587993942951e-01,2.202646488730298370e+04,9.999545609326557782e-01,9.999545609326560003e-01,0.000000000000000000e+00,1.000000000037440495e+00
1.000000041200624468e+00,2.202646670231085955e+04,9.999546433301450543e-01,9.999546433301452764e-01,1.000000082401233614e+00,0.000000000000000000e+00
0.000000000000000000e+00,2.202646579480671789e+04,9.999546021313913124e-01,9.999546021313910904e-01,1.000000041275522777e+00,2.200647668668254482e+04
4.539992976248484740e-05,0.000000000000000000e+00,4.539786870243865007e-05,4.539786870243863652e-05,4.539993163639068340e-05,9.990924958951478141e-01
1.000045399929669010e+00,2.202746579480465880e+04,0.000000000000000000e+00,1.000000000000000000e+00,1.000045441207065622e+00,2.200747577917638046e+04
1.000045399929668788e+00,2.202746579480465152e+04,1.000000000000000000e+00,0.000000000000000000e+00,1.000045441207065400e+00,2.200747577917637682e+04
9.999999587993942951e-01,2.202646488730298370e+04,9.999545609326560003e-01,9.999545609326557782e-01,0.000000000000000000e+00,2.200647578000237627e+04
9.999999587619536889e-01,2.202646488647830120e+04,9.999545608952171705e-01,9.999545608952169484e-01,1.000000000037474912e+00,0.000000000000000000e+00
0.000000000000000000e+00,2.202646579480671789e+04,9.999546021313913124e-01,1.000000000000000000e+00,2.200645853825658924e+04,2.200647668668254482e+04
1.000000000000000000e+00,0.000000000000000000e+00,4.539786870243865007e-05,4.539992976248484740e-05,9.990916719578841754e-01,9.990924958951478141e-01
2.202746579480465152e+04,2.202746579480465152e+04,0.000000000000000000e+00,1.000045399929668788e+00,2.200745762992648451e+04,2.200747577917637682e+04
2.202746579480465880e+04,2.202746579480465880e+04,1.000000000000000222e+00,0.000000000000000000e+00,2.200745762992648815e+04,2.200747577917638046e+04
2.202646488565286563e+04,2.202646488565286563e+04,9.999545608577440348e-01,9.999999587244788879e-01,0.000000000000000000e+00,2.200647577835374977e+04
1.000908328416618920e+00,1.000908328416618920e+00,4.543910487663500148e-05,4.544116780880061521e-05,9.999991753143308015e-01,0.000000000000000000e+00
0.000000000000000000e+00,1.000000000000000000e+00,9.981849914538160062e-01,4.539992976248484740e-05,9.990916719578841754e-01,9.990924958951478141e-01
4.539992976248484740e-05,0.000000000000000000e+00,9.981849914538160062e-01,4.539992976248484740e-05,9.990916719578841754e-01,9.990924958951478141e-01
1.000045399929668788e+00,2.202746579480465152e+04,0.000000000000000000e+00,1.000045399929668788e+00,2.200745762992648451e+04,2.200747577917637682e+04
1.000000000000000000e+00,2.202646579480671789e+04,2.198648757114691398e+04,0.000000000000000000e+00,2.200645853825658924e+04,2.200647668668254482e+04
4.544120528351140226e-05,1.000909153852054256e+00,9.990924951838588974e-01,4.544120528351140226e-05,0.000000000000000000e+00,1.000000824686349432e+00
4.544116780880061521e-05,1.000908328416618920e+00,9.990916712465959248e-01,4.544116780880061521e-05,9.999991753143308015e-01,0.000000000000000000e+00
0.000000000000000000e+00,1.000000000000000000e+00,9.999546021313910904e-01,2.200644035683946640e+04,2.200645853825658924e+04,2.200647668668254482e+04
4.539992976248484740e-05,0.000000000000000000e+00,4.539786870243863652e-05,9.990908465228237612e-01,9.990916719578841754e-01,9.990924958951478141e-01
4.548248085393639684e-05,4.548248085393639684e-05,0.000000000000000000e+00,1.000907502193244314e+00,1.000908329129200469e+00,1.000909154564636472e+00
1.000000000000000000e+00,1.000000000000000000e+00,9.999546021313910904e-01,0.000000000000000000e+00,2.200645853825658924e+04,2.200647668668254482e+04
4.544120528351140226e-05,4.544120528351140226e-05,4.543914234964451269e-05,9.999991738144921039e-01,0.000000000000000000e+00,1.000000824686349432e+00
4.544116780880061521e-05,4.544116780880061521e-05,4.543910487663499470e-05,9.999983491295042493e-01,9.999991753143308015e-01,0.000000000000000000e+00
0.000000000000000000e+00,1.000000000000000000e+00,9.999999999625253100e-01,1.000000000000000000e+00,2.200645853825658924e+04,1.000000041238047865e+00
2.202646579480671789e+04,0.000000000000000000e+00,9.999999999625253100e-01,1.000000000000000000e+00,2.200645853825658924e+04,1.000000041238047865e+00
2.202746579480465880e+04,1.000045399929669010e+00,0.000000000000000000e+00,1.000045399929669010e+00,2.200745762992648815e+04,1.000045441169589155e+00
1.000909980789375098e+00,4.544124282640768427e-05,4.544124282470478891e-05,0.000000000000000000e+00,1.000000826186190572e+00,4.544124470031583776e-05
1.000909153852054256e+00,4.544120528351140226e-05,4.544120528180850690e-05,4.544120528351140226e-05,0.000000000000000000e+00,4.544120715741800399e-05
1.000908328416618920e+00,4.544116780880061521e-05,4.544116780709771985e-05,4.544116780880061521e-05,9.999991753143308015e-01,0.000000000000000000e+00
0.000000000000000000e+00,1.000000000000000000e+00,9.981849914538160062e-01,4.539993163468778804e-05,4.539786870243865007e-05,4.539993163468933302e-05
2.202646579480671789e+04,0.000000000000000000e+00,2.198648757114691398e+04,1.000000041238013893e+00,9.999546021313913124e-01,1.000000041238047865e+00
2.202646579563215346e+04,2.202646579563215346e+04,0.000000000000000000e+00,1.000000041275488805e+00,9.999546021688643371e-01,1.000000041275522777e+00
2.202646579480671789e+04,2.202646579480671789e+04,2.198648757114691398e+04,0.000000000000000000e+00,9.999546021313913124e-01,1.000000041238047865e+00
1.000909153852054256e+00,1.000909153852054256e+00,9.990924951838588974e-01,4.544120715741645900e-05,0.000000000000000000e+00,4.544120715741800399e-05
2.202646488647830120e+04,2.202646488647830120e+04,2.198648666446712014e+04,9.999999999999660272e-01,9.999545608952171705e-01,0.000000000000000000e+00
0.000000000000000000e+00,1.000000000000000000e+00,4.539786870243863652e-05,9.990908465228237612e-01,4.539993163639068340e-05,9.990924958951478141e-01
4.539992976248484740e-05,0.000000000000000000e+00,4.539786870243863652e-05,9.990908465228237612e-01,4.539993163639068340e-05,9.990924958951478141e-01
4.548248085393639684e-05,1.001818308792181478e+00,0.000000000000000000e+00,1.000907502193244314e+00,4.548248273124956857e-05,1.000909154564636472e+00
9.999999587619876618e-01,2.202646488647905062e+04,9.999545608952509212e-01,0.000000000000000000e+00,1.000000000037508885e+00,2.200647577917918898e+04
1.000045399929668788e+00,2.202746579480465152e+04,9.999999999999997780e-01,2.200743944768392612e+04,0.000000000000000000e+00,2.200747577917637682e+04
9.999999587619536889e-01,2.202646488647830120e+04,9.999545608952169484e-01,2.200643944933685998e+04,1.000000000037474912e+00,0.000000000000000000e+00
0.000000000000000000e+00,2.202646579480671789e+04,9.999546021312976096e-01,9.999546021313910904e-01,2.200645853825658924e+04,2.200647668668254482e+04
1.000000000000000000e+00,0.000000000000000000e+00,4.539786870243439458e-05,4.539786870243863652e-05,9.990916719578841754e-01,9.990924958951478141e-01
2.202746579480465880e+04,2.202746579480465880e+04,0.000000000000000000e+00,1.000000000000000000e+00,2.200745762992648815e+04,2.200747577917638046e+04
1.000909980789375098e+00,1.000909980789375098e+00,4.543917989083218016e-05,0.000000000000000000e+00,1.000000826186190572e+00,1.000001650873221237e+00
2.202646488565286563e+04,2.202646488565286563e+04,9.999545608576503319e-01,9.999545608577438127e-01,0.000000000000000000e+00,2.200647577835374977e+04
1.000908328416618920e+00,1.000908328416618920e+00,4.543910487663074598e-05,4.543910487663499470e-05,9.999991753143308015e-01,0.000000000000000000e+00
0.000000000000000000e+00,1.000000000000000000e+00,9.981849914538160062e-01,4.539992976248484740e-05,9.990916719578841754e-01,9.990924958951478141e-01
4.539992976248484740e-05,0.000000000000000000e+00,9.981849914538160062e-01,4.539992976248484740e-05,9.990916719578841754e-01,9.990924958951478141e-01
1.000045399929762491e+00,2.202746579480671789e+04,0.000000000000000000e+00,1.000045399929762491e+00,2.200745762992854725e+04,2.200747577917843955e+04
1.000045399929669010e+00,2.202746579480465880e+04,2.198748575613630965e+04,0.000000000000000000e+00,2.200745762992648815e+04,2.200747577917638046e+04
4.544120528351140226e-05,1.000909153852054256e+00,9.990924951838588974e-01,4.544120528351140226e-05,0.000000000000000000e+00,1.000000824686349432e+00
4.544116780880061521e-05,1.000908328416618920e+00,9.990916712465959248e-01,4.544116780880061521e-05,9.999991753143308015e-01,0.000000000000000000e+00
0.000000000000000000e+00,2.202646579480671789e+04,9.999999999625253100e-01,2.200644035683946640e+04,2.200645853825658924e+04,2.200647668668254482e+04
1.000000000000000000e+00,0.000000000000000000e+00,4.539992976078349702e-05,9.990908465228237612e-01,9.990916719578841754e-01,9.990924958951478141e-01
1.001818308792181478e+00,1.001818308792181478e+00,0.000000000000000000e+00,1.000907502193244314e+00,1.000908329129200469e+00,1.000909154564636472e+00
2.202646579480671789e+04,2.202646579480671789e+04,9.999999999625253100e-01,0.000000000000000000e+00,2.200645853825658924e+04,2.200647668668254482e+04
1.000909153852054256e+00,1.000909153852054256e+00,4.544120528180850690e-05,9.999991738144921039e-01,0.000000000000000000e+00,1.000000824686349432e+00
1.000908328416618920e+00,1.000908328416618920e+00,4.544116780709771985e-05,9.999983491295042493e-01,9.999991753143308015e-01,0.000000000000000000e+00
0.000000000000000000e+00,1.000000000000000000e+00,9.981849914538160062e-01,4.539786870243865007e-05,9.990916719578841754e-01,9.990924958951478141e-01
1.000000000000000000e+00,0.000000000000000000e+00,9.981849914538160062e-01,4.539786870243865007e-05,9.990916719578841754e-01,9.990924958951478141e-01
2.202646579563215346e+04,2.202646579563215346e+04,0.000000000000000000e+00,9.999546021688643371e-01,2.200645853908127538e+04,2.200647668750723096e+04
1.000909980789375098e+00,1.000909980789375098e+00,9.990933206202814443e-01,0.000000000000000000e+00,1.000000826186190572e+00,1.000001650873221237e+00
1.000909153852054256e+00,1.000909153852054256e+00,9.990924951838588974e-01,4.543914234964451947e-05,0.000000000000000000e+00,1.000000824686349432e+00
1.000908328416618920e+00,1.000908328416618920e+00,9.990916712465959248e-01,4.543910487663500148e-05,9.999991753143308015e-01,0.000000000000000000e+00
0.000000000000000000e+00,4.539992976248484740e-05,4.539992602147341339e-05,9.990908465228237612e-01,4.539992789028121558e-05,4.539992789197947598e-05
1.000000000000000000e+00,0.000000000000000000e+00,4.539992602147341339e-05,9.990908465228237612e-01,4.539992789028121558e-05,4.539992789197947598e-05
1.001818308792181478e+00,4.548248085393639684e-05,0.000000000000000000e+00,1.000907502193244314e+00,4.548247897832851928e-05,4.548247898002986289e-05
2.202746579480465152e+04,1.000045399929668788e+00,1.000045317524667299e+00,0.000000000000000000e+00,1.000045358689767294e+00,1.000045358727175593e+00
1.000909153852054256e+00,4.544120528351140226e-05,4.544120153909881249e-05,9.999991738144921039e-01,0.000000000000000000e+00,4.544120341130545297e-05
1.000908328416618920e+00,4.544116780880061521e-05,4.544116406439110864e-05,9.999983491295042493e-01,4.544116593489640551e-05,0.000000000000000000e+00
0.000000000000000000e+00,1.000000000000000000e+00,4.539992976078505556e-05,4.539786870243865007e-05,4.539993163298953441e-05,4.539786870243865007e-05
1.000000000000000000e+00,0.000000000000000000e+00,9.999999999625595049e-01,9.999546021313913124e-01,1.000000041200607370e+00,9.999546021313913124e-01
1.000000082401267143e+00,2.202646760981541229e+04,0.000000000000000000e+00,9.999546845289176700e-01,1.000000123601878066e+00,9.999546845289176700e-01
4.544124282640768427e-05,1.000909980789375098e+00,4.544124282470634067e-05,0.000000000000000000e+00,4.544124469861449416e-05,4.543917989083643566e-05
1.000000041238030990e+00,2.202646670313479626e+04,1.000000041200590495e+00,9.999546433675501333e-01,0.000000000000000000e+00,9.999546433675501333e-01
1.000000041200624468e+00,2.202646670231085955e+04,1.000000041163183750e+00,9.999546433301452764e-01,1.000000082401233614e+00,0.000000000000000000e+00
0.000000000000000000e+00,2.202646579480671789e+04,9.999546021313913124e-01,9.999546021313913124e-01,1.000000000000000000e+00,2.200647668668254482e+04
4.539992976248484740e-05,0.000000000000000000e+00,4.539786870243865007e-05,4.539786870243865007e-05,4.539992976248484740e-05,9.990924958951478141e-01
1.000000000037440495e+00,2.202646579563140040e+04,0.000000000000000000e+00,9.999546021688301423e-01,1.000000000037440495e+00,2.200647668750647790e+04
1.000045399929668788e+00,2.202746579480465152e+04,1.000000000000000000e+00,0.000000000000000000e+00,1.000045399929668788e+00,2.200747577917637682e+04
9.999999587993942951e-01,2.202646488730298370e+04,9.999545609326560003e-01,9.999545609326560003e-01,0.000000000000000000e+00,2.200647578000237627e+04
1.000045399929668788e+00,2.202746579480465152e+04,1.000000000000000000e+00,1.000000000000000000e+00,1.000045399929668788e+00,0.000000000000000000e+00
0.000000000000000000e+00,2.202646579480671789e+04,9.999546021313913124e-01,1.000000000000000000e+00,2.200645853825658924e+04,9.999999587993773087e-01
1.000000000000000000e+00,0.000000000000000000e+00,4.539786870243865007e-05,4.539992976248484740e-05,9.990916719578841754e-01,4.539992789197947598e-05
2.202746579480465152e+04,2.202746579480465152e+04,0.000000000000000000e+00,1.000045399929668788e+00,2.200745762992648451e+04,1.000045358727175593e+00
2.202746579480465152e+04,2.202746579480465152e+04,1.000000000000000000e+00,0.000000000000000000e+00,2.200745762992648451e+04,1.000045358727175593e+00
2.202646579480671789e+04,2.202646579480671789e+04,9.999546021313913124e-01,1.000000000000000000e+00,0.000000000000000000e+00,9.999999587993773087e-01
1.000908328416618920e+00,1.000908328416618920e+00,4.543910487663500148e-05,4.544116780880061521e-05,9.999991753143308015e-01,0.000000000000000000e+00
0.000000000000000000e+00,1.000000000000000000e+00,9.981849914538160062e-01,4.539992976248484740e-05,4.539993163298953441e-05,4.539992789197947598e-05
1.000000000000000000e+00,0.000000000000000000e+00,9.981849914538160062e-01,4.539992976248484740e-05,4.539993163298953441e-05,4.539992789197947598e-05
2.202746579480465152e+04,2.202746579480465152e+04,0.000000000000000000e+00,1.000045399929668788e+00,1.000045441132146662e+00,1.000045358727175593e+00
2.202646579480671789e+04,2.202646579480671789e+04,2.198648757114691398e+04,0.000000000000000000e+00,1.000000041200607370e+00,9.999999587993773087e-01
1.000909153852054256e+00,1.000909153852054256e+00,9.990924951838588974e-01,4.544120528351140226e-05,0.000000000000000000e+00,4.544120341130545297e-05
2.202646670231085955e+04,2.202646670231085955e+04,2.198648847700392798e+04,1.000000041200624468e+00,1.000000082401233614e+00,0.000000000000000000e+00
0.000000000000000000e+00,1.000000000000000000e+00,4.539786870243863652e-05,9.990908465228237612e-01,4.539993163298953441e-05,9.990924958951478141e-01
4.539992976248484740e-05,0.000000000000000000e+00,4.539786870243863652e-05,9.990908465228237612e-01,4.539993163298953441e-05,9.990924958951478141e-01
4.548248085393639684e-05,1.001818308792181478e+00,0.000000000000000000e+00,1.000907502193244314e+00,4.548248272784223285e-05,1.000909154564636472e+00
1.000000000000000000e+00,2.202646579480671789e+04,9.999546021313910904e-01,0.000000000000000000e+00,1.000000041200607370e+00,2.200647668668254482e+04
9.999999587993942951e-01,2.202646488730298370e+04,9.999545609326557782e-01,2.200643945016079306e+04,0.000000000000000000e+00,2.200647578000237627e+04
1.000000041200624468e+00,2.202646670231085955e+04,9.999546433301450543e-01,2.200644126351855084e+04,1.000000082401233614e+00,0.000000000000000000e+00
0.000000000000000000e+00,2.202646579480671789e+04,9.999546021313913124e-01,1.000000000000000000e+00,9.999999587619707864e-01,2.200647668668254482e+04
1.000000000000000000e+00,0.000000000000000000e+00,4.539786870243865007e-05,4.539992976248484740e-05,4.539992789028121558e-05,9.990924958951478141e-01
2.202746579480465880e+04,2.202746579480465880e+04,0.000000000000000000e+00,1.000045399929669010e+00,1.000045358689767516e+00,2.200747577917638046e+04
1.000909980789375098e+00,1.000909980789375098e+00,4.543917989083643566e-05,0.000000000000000000e+00,4.544124095250038459e-05,1.000001650873221237e+00
2.202646488730298370e+04,2.202646488730298370e+04,9.999545609326560003e-01,9.999999587993942951e-01,0.000000000000000000e+00,2.200647578000237627e+04
1.000908328416618920e+00,1.000908328416618920e+00,4.543910487663500148e-05,4.544116780880061521e-05,4.544116593489640551e-05,0.000000000000000000e+00
0.000000000000000000e+00,1.000000000000000000e+00,4.539786870243863652e-05,4.539992976248484740e-05,9.990916719578841754e-01,9.990924958951478141e-01
1.000000000000000000e+00,0.000000000000000000e+00,4.539786870243863652e-05,4.539992976248484740e-05,9.990916719578841754e-01,9.990924958951478141e-01
2.202746579480465152e+04,2.202746579480465152e+04,0.000000000000000000e+00,1.000045399929668788e+00,2.200745762992648451e+04,2.200747577917637682e+04
2.202646579480671789e+04,2.202646579480671789e+04,9.999546021313910904e-01,0.000000000000000000e+00,2.200645853825658924e+04,2.200647668668254482e+04
2.202646670313479626e+04,2.202646670313479626e+04,9.999546433675499113e-01,1.000000041238030990e+00,0.000000000000000000e+00,2.200647759418631176e+04
1.000908328416618920e+00,1.000908328416618920e+00,4.543910487663499470e-05,4.544116780880061521e-05,9.999991753143308015e-01,0.000000000000000000e+00
0.000000000000000000e+00,1.000000000000000000e+00,4.539992602147341339e-05,4.539786870243863652e-05,9.990916719578841754e-01,9.990924958951478141e-01
4.539992976248484740e-05,0.000000000000000000e+00,4.539992602147341339e-05,4.539786870243863652e-05,9.990916719578841754e-01,9.990924958951478141e-01
1.000045399929669010e+00,2.202746579480465880e+04,0.000000000000000000e+00,1.000000000000000000e+00,2.200745762992648815e+04,2.200747577917638046e+04
1.000000000000000000e+00,2.202646579480671789e+04,9.999999175987396294e-01,0.000000000000000000e+00,2.200645853825658924e+04,2.200647668668254482e+04
4.544120528351140226e-05,1.000909153852054256e+00,4.544120153909881249e-05,4.543914234964451269e-05,0.000000000000000000e+00,1.000000824686349432e+00
4.544116780880061521e-05,1.000908328416618920e+00,4.544116406439110864e-05,4.543910487663499470e-05,9.999991753143308015e-01,0.000000000000000000e+00
0.000000000000000000e+00,1.000000000000000000e+00,9.999999999625253100e-01,1.000000041163166653e+00,2.200645853825658924e+04,2.200647668668254482e+04
1.000000000000000000e+00,0.000000000000000000e+00,4.539992976078349702e-05,4.539993163128972224e-05,9.990916719578841754e-01,9.990924958951478141e-01
2.202646760981541229e+04,1.000000082401267143e+00,0.000000000000000000e+00,1.000000123564437349e+00,2.200646035161666077e+04,2.200647850004410793e+04
2.202746579480465880e+04,1.000045399929669010e+00,1.000045399892192544e+00,0.000000000000000000e+00,2.200745762992648815e+04,2.200747577917638046e+04
1.000909153852054256e+00,4.544120528351140226e-05,4.544120528180850690e-05,4.544120715401531001e-05,0.000000000000000000e+00,1.000000824686349432e+00
1.000908328416618920e+00,4.544116780880061521e-05,4.544116780709771985e-05,4.544116967930297797e-05,9.999991753143308015e-01,0.000000000000000000e+00
0.000000000000000000e+00,1.000000000000000000e+00,9.981849914538160062e-01,4.539993163468778804e-05,9.990916719578841754e-01,4.539993163468933302e-05
1.000000000000000000e+00,0.000000000000000000e+00,2.198648757114691398e+04,1.000000041238013893e+00,2.200645853825658924e+04,1.000000041238047865e+00
1.000000000037474690e+00,2.202646579563215346e+04,0.000000000000000000e+00,1.000000041275488805e+00,2.200645853908127538e+04,1.000000041275522777e+00
9.999999588368350123e-01,2.202646488812767348e+04,2.198648666611349836e+04,0.000000000000000000e+00,2.200645763240110682e+04,1.000000000074881212e+00
4.544120528351140226e-05,1.000909153852054256e+00,9.990924951838588974e-01,4.544120715741645900e-05,0.000000000000000000e+00,4.544120715741800399e-05
4.544116780880061521e-05,1.000908328416618920e+00,9.990916712465959248e-01,4.544116968270412696e-05,9.999991753143308015e-01,0.000000000000000000e+00
0.000000000000000000e+00,1.000000000000000000e+00,9.999999999625253100e-01,9.999999587244959853e-01,1.000000041275522777e+00,2.200647668668254482e+04
1.000000000000000000e+00,0.000000000000000000e+00,4.539992976078349702e-05,4.539992788857987198e-05,4.539993163639068340e-05,9.990924958951478141e-01
1.001818308792181478e+00,4.548248085393639684e-05,0.000000000000000000e+00,4.548247897662407893e-05,4.548248273124956857e-05,1.000909154564636472e+00
2.202646488647905062e+04,9.999999587619876618e-01,9.999999587245129717e-01,0.000000000000000000e+00,1.000000000037508885e+00,2.200647577917918898e+04
1.000909153852054256e+00,4.544120528351140226e-05,4.544120528180850690e-05,4.544120340790275221e-05,0.000000000000000000e+00,1.000000824686349432e+00
2.202646488647830120e+04,9.999999587619536889e-01,9.999999587244789989e-01,9.999999174864514506e-01,1.000000000037474912e+00,0.000000000000000000e+00
0.000000000000000000e+00,1.000000000000000000e+00,4.539786870243863652e-05,4.539993163468778804e-05,9.990916719578841754e-01,4.539993163468933302e-05
2.202646579480671789e+04,0.000000000000000000e+00,9.999546021313910904e-01,1.000000041238013893e+00,2.200645853825658924e+04,1.000000041238047865e+00
2.202646579563215346e+04,2.202646579563215346e+04,0.000000000000000000e+00,1.000000041275488805e+00,2.200645853908127538e+04,1.000000041275522777e+00
2.202646670396023183e+04,2.202646670396023183e+04,9.999546434050229360e-01,0.000000000000000000e+00,2.200645944658429289e+04,1.000000082513555322e+00
2.202646488565286563e+04,2.202646488565286563e+04,9.999545608577438127e-01,9.999999999624912261e-01,0.000000000000000000e+00,9.999999999625251990e-01
1.000908328416618920e+00,1.000908328416618920e+00,4.543910487663499470e-05,4.544116968270412696e-05,9.999991753143308015e-01,0.000000000000000000e+00
0.000000000000000000e+00,1.000000000000000000e+00,4.539992602147341339e-05,4.539992976248484740e-05,4.539786870243865007e-05,9.990924958951478141e-01
1.000000000000000000e+00,0.000000000000000000e+00,4.539992602147341339e-05,4.539992976248484740e-05,4.539786870243865007e-05,9.990924958951478141e-01
2.202746579480465880e+04,2.202746579480465880e+04,0.000000000000000000e+00,1.000045399929669010e+00,1.000000000000000222e+00,2.200747577917638046e+04
2.202646488647905062e+04,2.202646488647905062e+04,9.999998763607307328e-01,0.000000000000000000e+00,9.999545608952511433e-01,2.200647577917918898e+04
1.000909153852054256e+00,1.000909153852054256e+00,4.544120153909881249e-05,4.544120528351140226e-05,0.000000000000000000e+00,1.000000824686349432e+00
2.202646488647830120e+04,2.202646488647830120e+04,9.999998763606967600e-01,9.999999587619536889e-01,9.999545608952171705e-01,0.000000000000000000e+00
0.000000000000000000e+00,1.000000000000000000e+00,4.539992789197948276e-05,4.539993163128972224e-05,9.990916719578841754e-01,9.990924958951478141e-01
1.000000000000000000e+00,0.000000000000000000e+00,4.539992789197948276e-05,4.539993163128972224e-05,9.990916719578841754e-01,9.990924958951478141e-01
2.202646760981541229e+04,2.202646760981541229e+04,0.000000000000000000e+00,1.000000123564437349e+00,2.200646035161666077e+04,2.200647850004410793e+04
2.202646579480671789e+04,2.202646579480671789e+04,9.999999587993775307e-01,0.000000000000000000e+00,2.200645853825658924e+04,2.200647668668254482e+04
2.202746579480465152e+04,2.202746579480465152e+04,1.000045358727175815e+00,1.000045441094704168e+00,0.000000000000000000e+00,2.200747577917637682e+04
1.000908328416618920e+00,1.000908328416618920e+00,4.544116593659621090e-05,4.544116967930297797e-05,9.999991753143308015e-01,0.000000000000000000e+00
0.000000000000000000e+00,4.539992976248484740e-05,9.981849914538160062e-01,4.539993163298953441e-05,4.539992789028121558e-05,4.539992789197947598e-05
1.000000000000000000e+00,0.000000000000000000e+00,9.981849914538160062e-01,4.539993163298953441e-05,4.539992789028121558e-05,4.539992789197947598e-05
2.202646670231085591e+04,1.000000041200624246e+00,0.000000000000000000e+00,1.000000082401233392e+00,9.999999999625932556e-01,9.999999999999997780e-01
2.202646488812767348e+04,9.999999588368350123e-01,2.198648666611349836e+04,0.000000000000000000e+00,9.999999175988074640e-01,9.999999176362139863e-01
1.000909153852054256e+00,4.544120528351140226e-05,9.990924951838588974e-01,4.544120715571666039e-05,0.000000000000000000e+00,4.544120341130545297e-05
1.000908328416618920e+00,4.544116780880061521e-05,9.990916712465959248e-01,4.544116968100432835e-05,4.544116593489640551e-05,0.000000000000000000e+00
0.000000000000000000e+00,4.539992976248484740e-05,4.539992976078505556e-05,4.539992788857987198e-05,4.539786870243865007e-05,4.539786870243865007e-05
2.202646579480671789e+04,0.000000000000000000e+00,9.999999999625595049e-01,9.999999587244959853e-01,9.999546021313913124e-01,9.999546021313913124e-01
1.001818308792181478e+00,4.548248085393639684e-05,0.000000000000000000e+00,4.548247897662407893e-05,4.548041604624659240e-05,4.548041604624659240e-05
2.202646488730298370e+04,9.999999587993942951e-01,9.999999587619536889e-01,0.000000000000000000e+00,9.999545609326560003e-01,9.999545609326560003e-01
2.202646670313479626e+04,1.000000041238030990e+00,1.000000041200590495e+00,9.999999999625253100e-01,0.000000000000000000e+00,9.999546433675501333e-01
2.202646670231085955e+04,1.000000041200624468e+00,1.000000041163183750e+00,9.999999999251186766e-01,9.999546433301452764e-01,0.000000000000000000e+00
0.000000000000000000e+00,1.000000000000000000e+00,4.539992789197948276e-05,4.539993163468778804e-05,4.539992976248484740e-05,4.539786870243865007e-05
2.202646579480671789e+04,0.000000000000000000e+00,9.999999587993775307e-01,1.000000041238013893e+00,1.000000000000000000e+00,9.999546021313913124e-01
2.202646579563140040e+04,2.202646579563140040e+04,0.000000000000000000e+00,1.000000041275454610e+00,1.000000000037440495e+00,9.999546021688301423e-01
2.202646670396023183e+04,2.202646670396023183e+04,1.000000000074881434e+00,0.000000000000000000e+00,1.000000041275505680e+00,9.999546434050231580e-01
2.202746579480465152e+04,2.202746579480465152e+04,1.000045358727175815e+00,1.000045441169554961e+00,0.000000000000000000e+00,1.000000000000000000e+00
2.202746579480465152e+04,2.202746579480465152e+04,1.000045358727175815e+00,1.000045441169554961e+00,1.000045399929668788e+00,0.000000000000000000e+00
0.000000000000000000e+00,4.539992976248484740e-05,4.539992976248484740e-05,4.539993163298953441e-05,4.539992976248484740e-05,9.990924958951478141e-01
1.000000000000000000e+00,0.000000000000000000e+00,4.539992976248484740e-05,4.539993163298953441e-05,4.539992976248484740e-05,9.990924958951478141e-01
2.202646670231085591e+04,1.000000041200624246e+00,0.000000000000000000e+00,1.000000082401233392e+00,1.000000041200624246e+00,2.200647759336312083e+04
2.202646488647905062e+04,9.999999587619876618e-01,9.999999587619876618e-01,0.000000000000000000e+00,9.999999587619876618e-01,2.200647577917918898e+04
2.202646579480671789e+04,1.000000000000000000e+00,1.000000000000000000e+00,1.000000041200607370e+00,0.000000000000000000e+00,2.200647668668254482e+04
2.202746579480465152e+04,1.000045399929668788e+00,1.000045399929668788e+00,1.000045441132146662e+00,1.000045399929668788e+00,0.000000000000000000e+00
0.000000000000000000e+00,1.000000000000000000e+00,4.539992976248484740e-05,4.539993163468933302e-05,4.539992789028121558e-05,4.539993163468933302e-05
2.202646579480671789e+04,0.000000000000000000e+00,1.000000000000000000e+00,1.000000041238047865e+00,9.999999587619707864e-01,1.000000041238047865e+00
2.202646579480671789e+04,2.202646579480671789e+04,0.000000000000000000e+00,1.000000041238047865e+00,9.999999587619707864e-01,1.000000041238047865e+00
2.202646488730298370e+04,2.202646488730298370e+04,9.999999587993942951e-01,0.000000000000000000e+00,9.999999175613667468e-01,1.000000000037440495e+00
2.202646579480671789e+04,2.202646579480671789e+04,1.000000000000000000e+00,1.000000041238047865e+00,0.000000000000000000e+00,1.000000041238047865e+00
1.000908328416618920e+00,1.000908328416618920e+00,4.544116780880061521e-05,4.544116968270567195e-05,4.544116593489640551e-05,0.000000000000000000e+00
0.000000000000000000e+00,4.539992976248484740e-05,4.539992976078505556e-05,4.539993163468933302e-05,4.539993163639068340e-05,4.539992789197947598e-05
4.539992976248484740e-05,0.000000000000000000e+00,4.539992976078505556e-05,4.539993163468933302e-05,4.539993163639068340e-05,4.539992789197947598e-05
1.000000000000000000e+00,1.000000000000000000e+00,0.000000000000000000e+00,1.000000041238047865e+00,1.000000041275522777e+00,9.999999587993773087e-01
9.999999587619536889e-01,9.999999587619536889e-01,9.999999587245131938e-01,0.000000000000000000e+00,1.000000000037474912e+00,9.999999175613327740e-01
1.000000041238030990e+00,1.000000041238030990e+00,1.000000041200590495e+00,1.000000082476080632e+00,0.000000000000000000e+00,1.000000000037406522e+00
9.999999587619536889e-01,9.999999587619536889e-01,9.999999587245131938e-01,1.000000000000000000e+00,1.000000000037474912e+00,0.000000000000000000e+00
0.000000000000000000e+00,2.202646579480671789e+04,9.999546021313913124e-01,1.000000041238013893e+00,1.000000041200607370e+00,9.999546021313913124e-01
2.202646579480671789e+04,0.000000000000000000e+00,9.999546021313913124e-01,1.000000041238013893e+00,1.000000041200607370e+00,9.999546021313913124e-01
2.202646579563140040e+04,2.202646579563140040e+04,0.000000000000000000e+00,1.000000041275454610e+00,1.000000041238047865e+00,9.999546021688301423e-01
2.202646488647830120e+04,2.202646488647830120e+04,9.999545608952171705e-01,0.000000000000000000e+00,9.999999999625595049e-01,9.999545608952171705e-01
2.202646488565286563e+04,2.202646488565286563e+04,9.999545608577440348e-01,9.999999999624912261e-01,0.000000000000000000e+00,9.999545608577440348e-01
2.202646670231085955e+04,2.202646670231085955e+04,9.999546433301452764e-01,1.000000082438640137e+00,1.000000082401233614e+00,0.000000000000000000e+00
0.000000000000000000e+00,4.539992976248484740e-05,4.539786870243863652e-05,4.539992976248484740e-05,4.539992976248484740e-05,9.990924958951478141e-01
1.000000000000000000e+00,0.000000000000000000e+00,4.539786870243863652e-05,4.539992976248484740e-05,4.539992976248484740e-05,9.990924958951478141e-01
2.202746579480465152e+04,1.000045399929668788e+00,0.000000000000000000e+00,1.000045399929668788e+00,1.000045399929668788e+00,2.200747577917637682e+04
2.202646488647905062e+04,9.999999587619876618e-01,9.999545608952509212e-01,0.000000000000000000e+00,9.999999587619876618e-01,2.200647577917918898e+04
2.202646488730298370e+04,9.999999587993942951e-01,9.999545609326557782e-01,9.999999587993942951e-01,0.000000000000000000e+00,2.200647578000237627e+04
2.202746579480465152e+04,1.000045399929668788e+00,9.999999999999997780e-01,1.000045399929668788e+00,1.000045399929668788e+00,0.000000000000000000e+00
0.000000000000000000e+00,1.000000000000000000e+00,4.539992976248484740e-05,4.539992976248484740e-05,9.990916719578841754e-01,4.539993163468933302e-05
2.202646579480671789e+04,0.000000000000000000e+00,1.000000000000000000e+00,1.000000000000000000e+00,2.200645853825658924e+04,1.000000041238047865e+00
2.202746579480465880e+04,2.202746579480465880e+04,0.000000000000000000e+00,1.000045399929669010e+00,2.200745762992648815e+04,1.000045441169589155e+00
2.202646579480671789e+04,2.202646579480671789e+04,1.000000000000000000e+00,0.000000000000000000e+00,2.200645853825658924e+04,1.000000041238047865e+00
2.202646579480671789e+04,2.202646579480671789e+04,1.000000000000000000e+00,1.000000000000000000e+00,0.000000000000000000e+00,1.000000041238047865e+00
1.000908328416618920e+00,1.000908328416618920e+00,4.544116780880061521e-05,4.544116780880061521e-05,9.999991753143308015e-01,0.000000000000000000e+00
0.000000000000000000e+00,4.539992976248484740e-05,4.539992602147341339e-05,4.539786870243865007e-05,4.539786870243865007e-05,9.990924958951478141e-01
1.000000000000000000e+00,0.000000000000000000e+00,4.539992602147341339e-05,4.539786870243865007e-05,4.539786870243865007e-05,9.990924958951478141e-01
2.202646579480671789e+04,1.000000000000000000e+00,0.000000000000000000e+00,9.999546021313913124e-01,9.999546021313913124e-01,2.200647668668254482e+04
2.202646579480671789e+04,1.000000000000000000e+00,9.999999175987396294e-01,0.000000000000000000e+00,9.999546021313913124e-01,2.200647668668254482e+04
1.000909153852054256e+00,4.544120528351140226e-05,4.544120153909881249e-05,4.543914234964451947e-05,0.000000000000000000e+00,1.000000824686349432e+00
2.202646488647830120e+04,9.999999587619536889e-01,9.999998763606967600e-01,9.999545608952171705e-01,9.999545608952171705e-01,0.000000000000000000e+00
0.000000000000000000e+00,1.000000000000000000e+00,4.539992789197948276e-05,4.539786870243865007e-05,9.990916719578841754e-01,4.539993163468933302e-05
2.202646579480671789e+04,0.000000000000000000e+00,9.999999587993775307e-01,9.999546021313913124e-01,2.200645853825658924e+04,1.000000041238047865e+00
2.202646760981541229e+04,2.202646760981541229e+04,0.000000000000000000e+00,9.999546845289176700e-01,2.200646035161666077e+04,1.000000123639318561e+00
2.202746579480465152e+04,2.202746579480465152e+04,1.000045358727175815e+00,0.000000000000000000e+00,2.200745762992648451e+04,1.000045441169588933e+00
2.202746579480465152e+04,2.202746579480465152e+04,1.000045358727175815e+00,1.000000000000000000e+00,0.000000000000000000e+00,1.000045441169588933e+00
1.000908328416618920e+00,1.000908328416618920e+00,4.544116593659621090e-05,4.543910487663500148e-05,9.999991753143308015e-01,0.000000000000000000e+00
0.000000000000000000e+00,1.000000000000000000e+00,4.539992602147341339e-05,4.539786870243865007e-05,4.539993163639068340e-05,9.990924958951478141e-01
1.000000000000000000e+00,0.000000000000000000e+00,4.539992602147341339e-05,4.539786870243865007e-05,4.539993163639068340e-05,9.990924958951478141e-01
2.202646670231085591e+04,2.202646670231085591e+04,0.000000000000000000e+00,9.999546433301450543e-01,1.000000082476148577e+00,2.200647759336312083e+04
2.202746579480465152e+04,2.202746579480465152e+04,1.000045317524667299e+00,0.000000000000000000e+00,1.000045441207065400e+00,2.200747577917637682e+04
1.000909153852054256e+00,1.000909153852054256e+00,4.544120153909881249e-05,4.543914234964451947e-05,0.000000000000000000e+00,1.000000824686349432e+00
2.202646488647830120e+04,2.202646488647830120e+04,9.999998763606967600e-01,9.999545608952171705e-01,1.000000000037474912e+00,0.000000000000000000e+00
0.000000000000000000e+00,1.000000000000000000e+00,4.539992976418620455e-05,4.539993163128972224e-05,4.539992789028121558e-05,4.539992789197947598e-05
1.000000000000000000e+00,0.000000000000000000e+00,4.539992976418620455e-05,4.539993163128972224e-05,4.539992789028121558e-05,4.539992789197947598e-05
2.202646760981541229e+04,2.202646760981541229e+04,0.000000000000000000e+00,1.000000123564437349e+00,1.000000041163234599e+00,1.000000041200641121e+00
2.202746579480465152e+04,2.202746579480465152e+04,1.000045399967145254e+00,0.000000000000000000e+00,1.000045358689767294e+00,1.000045358727175593e+00
2.202646488565286563e+04,2.202646488565286563e+04,9.999999587619536889e-01,9.999999998876438756e-01,0.000000000000000000e+00,9.999999175238578619e-01
1.000908328416618920e+00,1.000908328416618920e+00,4.544116781050351058e-05,4.544116967930297797e-05,4.544116593489640551e-05,0.000000000000000000e+00
0.000000000000000000e+00,1.000000000000000000e+00,4.539786870243863652e-05,4.539993163469088479e-05,4.539993163298953441e-05,9.990924958951478141e-01
4.539992976248484740e-05,0.000000000000000000e+00,4.539786870243863652e-05,4.539993163469088479e-05,4.539993163298953441e-05,9.990924958951478141e-01
9.999999999625251990e-01,2.202646579398127869e+04,0.000000000000000000e+00,1.000000041200607370e+00,1.000000041163132680e+00,2.200647668585785505e+04
9.999999588368350123e-01,2.202646488812767348e+04,9.999545609700948301e-01,0.000000000000000000e+00,1.000000000037440717e+00,2.200647578082631298e+04
1.000000041238030990e+00,2.202646670313479626e+04,9.999546433675499113e-01,1.000000082476114827e+00,0.000000000000000000e+00,2.200647759418631176e+04
1.000000041200624468e+00,2.202646670231085955e+04,9.999546433301450543e-01,1.000000082438708304e+00,1.000000082401233614e+00,0.000000000000000000e+00
0.000000000000000000e+00,2.202646579480671789e+04,9.999546021313913124e-01,1.000000000000000000e+00,9.999999587619707864e-01,9.999999587993773087e-01
1.000000000000000000e+00,0.000000000000000000e+00,4.539786870243865007e-05,4.539992976248484740e-05,4.539992789028121558e-05,4.539992789197947598e-05
2.202746579480465880e+04,2.202746579480465880e+04,0.000000000000000000e+00,1.000045399929669010e+00,1.000045358689767516e+00,1.000045358727175815e+00
2.202646488647754813e+04,2.202646488647754813e+04,9.999545608951829756e-01,0.000000000000000000e+00,9.999999175238920568e-01,9.999999175612985791e-01
2.202646488730298370e+04,2.202646488730298370e+04,9.999545609326560003e-01,9.999999587993942951e-01,0.000000000000000000e+00,9.999999175987732691e-01
1.000908328416618920e+00,1.000908328416618920e+00,4.543910487663500148e-05,4.544116780880061521e-05,4.544116593489640551e-05,0.000000000000000000e+00
0.000000000000000000e+00,1.000000000000000000e+00,4.539992976078505556e-05,4.539992976248484740e-05,4.539786870243865007e-05,4.539992789197947598e-05
4.539992976248484740e-05,0.000000000000000000e+00,4.539992976078505556e-05,4.539992976248484740e-05,4.539786870243865007e-05,4.539992789197947598e-05
1.000045399929668788e+00,2.202746579480465152e+04,0.000000000000000000e+00,1.000045399929668788e+00,1.000000000000000000e+00,1.000045358727175593e+00
1.000000000000000000e+00,2.202646579480671789e+04,9.999999999625595049e-01,0.000000000000000000e+00,9.999546021313913124e-01,9.999999587993773087e-01
1.000000041238030990e+00,2.202646670313479626e+04,1.000000041200590495e+00,1.000000041238030990e+00,0.000000000000000000e+00,1.000000000037406522e+00
1.000000041200624468e+00,2.202646670231085955e+04,1.000000041163183750e+00,1.000000041200624468e+00,9.999546433301452764e-01,0.000000000000000000e+00
0.000000000000000000e+00,1.000000000000000000e+00,9.999546021312976096e-01,1.000000041238013893e+00,1.000000041200607370e+00,9.999999587993773087e-01
4.539992976248484740e-05,0.000000000000000000e+00,4.539786870243439458e-05,4.539993163468778804e-05,4.539993163298953441e-05,4.539992789197947598e-05
1.000000000037440495e+00,1.000000000037440495e+00,0.000000000000000000e+00,1.000000041275454610e+00,1.000000041238047865e+00,9.999999588368178038e-01
1.000000000000000000e+00,1.000000000000000000e+00,9.999546021312976096e-01,0.000000000000000000e+00,1.000000041200607370e+00,9.999999587993773087e-01
1.000045399929668788e+00,1.000045399929668788e+00,9.999999999999062972e-01,1.000045441169554961e+00,0.000000000000000000e+00,1.000045358727175593e+00
1.000000041200624468e+00,1.000000041200624468e+00,9.999546433300515735e-01,1.000000082438640137e+00,1.000000082401233614e+00,0.000000000000000000e+00
0.000000000000000000e+00,2.202646579480671789e+04,9.999546021312976096e-01,1.000000000000000000e+00,1.000000041200607370e+00,1.000000041238047865e+00
2.202646579480671789e+04,0.000000000000000000e+00,9.999546021312976096e-01,1.000000000000000000e+00,1.000000041200607370e+00,1.000000041238047865e+00
2.202746579480671789e+04,2.202746579480671789e+04,0.000000000000000000e+00,1.000045399929762491e+00,1.000045441132240365e+00,1.000045441169682636e+00
2.202646488647905062e+04,2.202646488647905062e+04,9.999545608951574405e-01,0.000000000000000000e+00,9.999999999625934777e-01,1.000000000000033973e+00
2.202646488730298370e+04,2.202646488730298370e+04,9.999545609325622975e-01,9.999999587993942951e-01,0.000000000000000000e+00,1.000000000037440495e+00
2.202646670231085955e+04,2.202646670231085955e+04,9.999546433300515735e-01,1.000000041200624468e+00,1.000000082401233614e+00,0.000000000000000000e+00
0.000000000000000000e+00,4.539992976248484740e-05,4.539992976418310780e-05,4.539992976248484740e-05,4.539993163639068340e-05,9.990924958951478141e-01
1.000000000000000000e+00,0.000000000000000000e+00,4.539992976418310780e-05,4.539992976248484740e-05,4.539993163639068340e-05,9.990924958951478141e-01
2.202746579480671789e+04,1.000045399929762491e+00,0.000000000000000000e+00,1.000045399929762491e+00,1.000045441207159103e+00,2.200747577917843955e+04
2.202646579480671789e+04,1.000000000000000000e+00,1.000000000037406744e+00,0.000000000000000000e+00,1.000000041275522777e+00,2.200647668668254482e+04
2.202646488730298370e+04,9.999999587993942951e-01,9.999999588368009285e-01,9.999999587993942951e-01,0.000000000000000000e+00,2.200647578000237627e+04
2.202646488647830120e+04,9.999999587619536889e-01,9.999999587993604333e-01,9.999999587619536889e-01,1.000000000037474912e+00,0.000000000000000000e+00
0.000000000000000000e+00,4.539992976248484740e-05,4.539992976418620455e-05,4.539993163469087124e-05,4.539992789028121558e-05,4.539993163468933302e-05
2.202646579480671789e+04,0.000000000000000000e+00,1.000000000037474912e+00,1.000000041238081838e+00,9.999999587619707864e-01,1.000000041238047865e+00
2.202646579398278118e+04,9.999999999625933667e-01,0.000000000000000000e+00,1.000000041200675316e+00,9.999999587245640420e-01,1.000000041200641343e+00
2.202646579480671789e+04,1.000000000000000000e+00,1.000000000037474912e+00,0.000000000000000000e+00,9.999999587619707864e-01,1.000000041238047865e+00
2.202646488565286563e+04,9.999999587244788879e-01,9.999999587619536889e-01,9.999999999625591718e-01,0.000000000000000000e+00,9.999999999625251990e-01
1.000908328416618920e+00,4.544116780880061521e-05,4.544116781050351058e-05,4.544116968270721694e-05,4.544116593489640551e-05,0.000000000000000000e+00
0.000000000000000000e+00,4.539992976248484740e-05,4.539786870243863652e-05,4.539993163469088479e-05,4.539993163639068340e-05,4.539786870243865007e-05
2.202646579480671789e+04,0.000000000000000000e+00,9.999546021313910904e-01,1.000000041238082060e+00,1.000000041275522777e+00,9.999546021313913124e-01
2.202646579398127869e+04,9.999999999625251990e-01,0.000000000000000000e+00,1.000000041200607370e+00,1.000000041238047865e+00,9.999546020939181767e-01
2.202646488647755541e+04,9.999999587619197161e-01,9.999545608951829756e-01,0.000000000000000000e+00,1.000000000037440939e+00,9.999545608951831976e-01
2.202646670313479626e+04,1.000000041238030990e+00,9.999546433675499113e-01,1.000000082476114827e+00,0.000000000000000000e+00,9.999546433675501333e-01
2.202646488647830120e+04,9.999999587619536889e-01,9.999545608952169484e-01,1.000000000000034195e+00,1.000000000037474912e+00,0.000000000000000000e+00
0.000000000000000000e+00,1.000000000000000000e+00,4.539786870243863652e-05,4.539992976248484740e-05,4.539992976248484740e-05,4.539786870243865007e-05
1.000000000000000000e+00,0.000000000000000000e+00,9.999546021313910904e-01,1.000000000000000000e+00,1.000000000000000000e+00,9.999546021313913124e-01
1.000045399929669010e+00,2.202746579480465880e+04,0.000000000000000000e+00,1.000045399929669010e+00,1.000045399929669010e+00,1.000000000000000222e+00
9.999999587619194941e-01,2.202646488647754813e+04,9.999545608951827536e-01,0.000000000000000000e+00,9.999999587619194941e-01,9.999545608951829756e-01
9.999999587244788879e-01,2.202646488565286563e+04,9.999545608577438127e-01,9.999999587244788879e-01,0.000000000000000000e+00,9.999545608577440348e-01
1.000045399929668788e+00,2.202746579480465152e+04,9.999999999999997780e-01,1.000045399929668788e+00,1.000045399929668788e+00,0.000000000000000000e+00
0.000000000000000000e+00,2.202646579480671789e+04,9.999546021313913124e-01,9.999546021313910904e-01,1.000000000000000000e+00,2.200647668668254482e+04
1.000000000000000000e+00,0.000000000000000000e+00,4.539786870243865007e-05,4.539786870243863652e-05,4.539992976248484740e-05,9.990924958951478141e-01
2.202746579480465880e+04,2.202746579480465880e+04,0.000000000000000000e+00,1.000000000000000000e+00,1.000045399929669010e+00,2.200747577917638046e+04
2.202646579480671789e+04,2.202646579480671789e+04,9.999546021313913124e-01,0.000000000000000000e+00,1.000000000000000000e+00,2.200647668668254482e+04
2.202646579480671789e+04,2.202646579480671789e+04,9.999546021313913124e-01,9.999546021313910904e-01,0.000000000000000000e+00,2.200647668668254482e+04
2.202746579480465152e+04,2.202746579480465152e+04,1.000000000000000000e+00,9.999999999999997780e-01,1.000045399929668788e+00,0.000000000000000000e+00
0.000000000000000000e+00,1.000000000000000000e+00,4.539992976248484740e-05,4.539992976248484740e-05,9.990916719578841754e-01,9.990924958951478141e-01
1.000000000000000000e+00,0.000000000000000000e+00,4.539992976248484740e-05,4.539992976248484740e-05,9.990916719578841754e-01,9.990924958951478141e-01
2.202746579480465152e+04,2.202746579480465152e+04,0.000000000000000000e+00,1.000045399929668788e+00,2.200745762992648451e+04,2.200747577917637682e+04
2.202746579480465880e+04,2.202746579480465880e+04,1.000045399929669010e+00,0.000000000000000000e+00,2.200745762992648815e+04,2.200747577917638046e+04
2.202646579480671789e+04,2.202646579480671789e+04,1.000000000000000000e+00,1.000000000000000000e+00,0.000000000000000000e+00,2.200647668668254482e+04
1.000908328416618920e+00,1.000908328416618920e+00,4.544116780880061521e-05,4.544116780880061521e-05,9.999991753143308015e-01,0.000000000000000000e+00
0.000000000000000000e+00,4.539992976248484740e-05,9.981849914538160062e-01,4.539993163468933302e-05,4.539992789028121558e-05,9.990924958951478141e-01
1.000000000000000000e+00,0.000000000000000000e+00,9.981849914538160062e-01,4.539993163468933302e-05,4.539992789028121558e-05,9.990924958951478141e-01
2.202646579480671789e+04,1.000000000000000000e+00,0.000000000000000000e+00,1.000000041238047865e+00,9.999999587619707864e-01,2.200647668668254482e+04
2.202646579480671789e+04,1.000000000000000000e+00,2.198648757114691398e+04,0.000000000000000000e+00,9.999999587619707864e-01,2.200647668668254482e+04
1.000909153852054256e+00,4.544120528351140226e-05,9.990924951838588974e-01,4.544120715741800399e-05,0.000000000000000000e+00,1.000000824686349432e+00
1.000908328416618920e+00,4.544116780880061521e-05,9.990916712465959248e-01,4.544116968270567195e-05,4.544116593489640551e-05,0.000000000000000000e+00
0.000000000000000000e+00,1.000000000000000000e+00,4.539786870243863652e-05,9.990908465228237612e-01,9.990916719578841754e-01,4.539993163468933302e-05
2.202646579480671789e+04,0.000000000000000000e+00,9.999546021313910904e-01,2.200644035683946640e+04,2.200645853825658924e+04,1.000000041238047865e+00
1.001818308792181478e+00,1.001818308792181478e+00,0.000000000000000000e+00,1.000907502193244314e+00,1.000908329129200469e+00,4.548248272954512144e-05
2.202646488647830120e+04,2.202646488647830120e+04,9.999545608952169484e-01,0.000000000000000000e+00,2.200645763075323339e+04,1.000000000000000000e+00
2.202646670313479626e+04,2.202646670313479626e+04,9.999546433675499113e-01,2.200644126434173450e+04,0.000000000000000000e+00,1.000000082476080632e+00
1.000908328416618920e+00,1.000908328416618920e+00,4.543910487663499470e-05,9.999983491295042493e-01,9.999991753143308015e-01,0.000000000000000000e+00
0.000000000000000000e+00,4.539992976248484740e-05,9.981849914538160062e-01,4.539992976248484740e-05,4.539786870243865007e-05,4.539992789197947598e-05
1.000000000000000000e+00,0.000000000000000000e+00,9.981849914538160062e-01,4.539992976248484740e-05,4.539786870243865007e-05,4.539992789197947598e-05
2.202746579480465880e+04,1.000045399929669010e+00,0.000000000000000000e+00,1.000045399929669010e+00,1.000000000000000222e+00,1.000045358727175815e+00
1.000909980789375098e+00,4.544124282640768427e-05,9.990933206202814443e-01,0.000000000000000000e+00,4.543917989083643566e-05,4.544124095420018998e-05
1.000909153852054256e+00,4.544120528351140226e-05,9.990924951838588974e-01,4.544120528351140226e-05,0.000000000000000000e+00,4.544120341130545297e-05
2.202646488647830120e+04,9.999999587619536889e-01,2.198648666446712014e+04,9.999999587619536889e-01,9.999545608952171705e-01,0.000000000000000000e+00
0.000000000000000000e+00,1.000000000000000000e+00,4.539992789197948276e-05,4.539992788857987198e-05,4.539993163298953441e-05,4.539993163468933302e-05
2.202646579480671789e+04,0.000000000000000000e+00,9.999999587993775307e-01,9.999999587244959853e-01,1.000000041200607370e+00,1.000000041238047865e+00
1.001818308792181478e+00,1.001818308792181478e+00,0.000000000000000000e+00,4.548247897662407893e-05,4.548248272784223285e-05,4.548248272954512144e-05
2.202646579480671789e+04,2.202646579480671789e+04,9.999999587993775307e-01,0.000000000000000000e+00,1.000000041200607370e+00,1.000000041238047865e+00
2.202746579480465152e+04,2.202746579480465152e+04,1.000045358727175815e+00,1.000045358652290828e+00,0.000000000000000000e+00,1.000045441169588933e+00
2.202646670231085955e+04,2.202646670231085955e+04,1.000000000000000222e+00,9.999999999251186766e-01,1.000000082401233614e+00,0.000000000000000000e+00
0.000000000000000000e+00,4.539992976248484740e-05,4.539992976418310780e-05,4.539786870243865007e-05,4.539993163639068340e-05,9.990924958951478141e-01
1.000000000000000000e+00,0.000000000000000000e+00,4.539992976418310780e-05,4.539786870243865007e-05,4.539993163639068340e-05,9.990924958951478141e-01
2.202646670231085591e+04,1.000000041200624246e+00,0.000000000000000000e+00,9.999546433301450543e-01,1.000000082476148577e+00,2.200647759336312083e+04
2.202646670396023183e+04,1.000000041275505680e+00,1.000000041312912424e+00,0.000000000000000000e+00,1.000000082551030234e+00,2.200647759501099790e+04
2.202646488730298370e+04,9.999999587993942951e-01,9.999999588368009285e-01,9.999545609326560003e-01,0.000000000000000000e+00,2.200647578000237627e+04
2.202646488647830120e+04,9.999999587619536889e-01,9.999999587993604333e-01,9.999545608952171705e-01,1.000000000037474912e+00,0.000000000000000000e+00
0.000000000000000000e+00,1.000000000000000000e+00,4.539992976418620455e-05,4.539993163469087124e-05,9.990916719578841754e-01,4.539993163468933302e-05
1.000000000000000000e+00,0.000000000000000000e+00,1.000000000037474912e+00,1.000000041238081838e+00,2.200645853825658924e+04,1.000000041238047865e+00
9.999999999625933667e-01,2.202646579398278118e+04,0.000000000000000000e+00,1.000000041200675316e+00,2.200645853743340194e+04,1.000000041200641343e+00
1.000045399929668788e+00,2.202746579480465152e+04,1.000045399967145254e+00,0.000000000000000000e+00,2.200745762992648451e+04,1.000045441169588933e+00
9.999999587244788879e-01,2.202646488565286563e+04,9.999999587619536889e-01,9.999999999625591718e-01,0.000000000000000000e+00,9.999999999625251990e-01
4.544116780880061521e-05,1.000908328416618920e+00,4.544116781050351058e-05,4.544116968270721694e-05,9.999991753143308015e-01,0.000000000000000000e+00
0.000000000000000000e+00,1.000000000000000000e+00,9.999999999625253100e-01,1.000000041238082060e+00,1.000000041275522777e+00,9.999999587993773087e-01
1.000000000000000000e+00,0.000000000000000000e+00,4.539992976078349702e-05,4.539993163469088479e-05,4.539993163639068340e-05,4.539992789197947598e-05
2.202646579398127869e+04,9.999999999625251990e-01,0.000000000000000000e+00,1.000000041200607370e+00,1.000000041238047865e+00,9.999999587619025077e-01
2.202646488647755541e+04,9.999999587619197161e-01,9.999999587244450261e-01,0.000000000000000000e+00,1.000000000037440939e+00,9.999999175612988012e-01
1.000909153852054256e+00,4.544120528351140226e-05,4.544120528180850690e-05,4.544120715741956253e-05,0.000000000000000000e+00,4.544120341130545297e-05
2.202646488647830120e+04,9.999999587619536889e-01,9.999999587244789989e-01,1.000000000000034195e+00,1.000000000037474912e+00,0.000000000000000000e+00
0.000000000000000000e+00,1.000000000000000000e+00,4.539992976418620455e-05,4.539993163468778804e-05,4.539786870243865007e-05,4.539786870243865007e-05
1.000000000000000000e+00,0.000000000000000000e+00,1.000000000037474912e+00,1.000000041238013893e+00,9.999546021313913124e-01,9.999546021313913124e-01
1.000000000037474690e+00,2.202646579563215346e+04,0.000000000000000000e+00,1.000000041275488805e+00,9.999546021688643371e-01,9.999546021688643371e-01
9.999999587619194941e-01,2.202646488647754813e+04,9.999999587993944061e-01,0.000000000000000000e+00,9.999545608951829756e-01,9.999545608951829756e-01
9.999999587244788879e-01,2.202646488565286563e+04,9.999999587619536889e-01,9.999999999624912261e-01,0.000000000000000000e+00,9.999545608577440348e-01
1.000000041200624468e+00,2.202646670231085955e+04,1.000000041238099158e+00,1.000000082438640137e+00,9.999546433301452764e-01,0.000000000000000000e+00
0.000000000000000000e+00,2.202646579480671789e+04,9.999546021313913124e-01,1.000000041238082060e+00,1.000000000000000000e+00,2.200647668668254482e+04
1.000000000000000000e+00,0.000000000000000000e+00,4.539786870243865007e-05,4.539993163469088479e-05,4.539992976248484740e-05,9.990924958951478141e-01
2.202646579398127869e+04,2.202646579398127869e+04,0.000000000000000000e+00,1.000000041200607370e+00,9.999999999625251990e-01,2.200647668585785505e+04
2.202646488647905062e+04,2.202646488647905062e+04,9.999545608952511433e-01,0.000000000000000000e+00,9.999999587619876618e-01,2.200647577917918898e+04
2.202746579480465152e+04,2.202746579480465152e+04,1.000000000000000000e+00,1.000045441169623128e+00,0.000000000000000000e+00,2.200747577917637682e+04
2.202746579480465152e+04,2.202746579480465152e+04,1.000000000000000000e+00,1.000045441169623128e+00,1.000045399929668788e+00,0.000000000000000000e+00
0.000000000000000000e+00,1.000000000000000000e+00,4.539992976248484740e-05,4.539992976248484740e-05,9.990916719578841754e-01,9.990924958951478141e-01
4.539992976248484740e-05,0.000000000000000000e+00,4.539992976248484740e-05,4.539992976248484740e-05,9.990916719578841754e-01,9.990924958951478141e-01
1.000045399929668788e+00,2.202746579480465152e+04,0.000000000000000000e+00,1.000045399929668788e+00,2.200745762992648451e+04,2.200747577917637682e+04
9.999999587619194941e-01,2.202646488647754813e+04,9.999999587619194941e-01,0.000000000000000000e+00,2.200645763075248396e+04,2.200647577917768649e+04
1.000000000000000000e+00,2.202646579480671789e+04,1.000000000000000000e+00,1.000000000000000000e+00,0.000000000000000000e+00,2.200647668668254482e+04
4.544116780880061521e-05,1.000908328416618920e+00,4.544116780880061521e-05,4.544116780880061521e-05,9.999991753143308015e-01,0.000000000000000000e+00
0.000000000000000000e+00,2.202646579480671789e+04,9.999546021313910904e-01,1.000000041238047865e+00,2.200645853825658924e+04,2.200647668668254482e+04
4.539992976248484740e-05,0.000000000000000000e+00,4.539786870243863652e-05,4.539993163468933302e-05,9.990916719578841754e-01,9.990924958951478141e-01
1.000000000000000000e+00,2.202646579480671789e+04,0.000000000000000000e+00,1.000000041238047865e+00,2.200645853825658924e+04,2.200647668668254482e+04
1.000000000000000000e+00,2.202646579480671789e+04,9.999546021313910904e-01,0.000000000000000000e+00,2.200645853825658924e+04,2.200647668668254482e+04
4.544120528351140226e-05,1.000909153852054256e+00,4.543914234964451269e-05,4.544120715741800399e-05,0.000000000000000000e+00,1.000000824686349432e+00
4.544116780880061521e-05,1.000908328416618920e+00,4.543910487663499470e-05,4.544116968270567195e-05,9.999991753143308015e-01,0.000000000000000000e+00
0.000000000000000000e+00,2.202646579480671789e+04,9.999546021313910904e-01,1.000000000000000000e+00,9.999999587619707864e-01,2.200647668668254482e+04
4.539992976248484740e-05,0.000000000000000000e+00,4.539786870243863652e-05,4.539992976248484740e-05,4.539992789028121558e-05,9.990924958951478141e-01
1.000045399929669010e+00,2.202746579480465880e+04,0.000000000000000000e+00,1.000045399929669010e+00,1.000045358689767516e+00,2.200747577917638046e+04
9.999999587619536889e-01,2.202646488647830120e+04,9.999545608952169484e-01,0.000000000000000000e+00,9.999999175239262517e-01,2.200647577917843955e+04
4.544120528351140226e-05,1.000909153852054256e+00,4.543914234964451269e-05,4.544120528351140226e-05,0.000000000000000000e+00,1.000000824686349432e+00
4.544116780880061521e-05,1.000908328416618920e+00,4.543910487663499470e-05,4.544116780880061521e-05,4.544116593489640551e-05,0.000000000000000000e+00
0.000000000000000000e+00,1.000000000000000000e+00,9.999546021312976096e-01,9.999546021313910904e-01,2.200645853825658924e+04,9.999999587993773087e-01
1.000000000000000000e+00,0.000000000000000000e+00,4.539786870243439458e-05,4.539786870243863652e-05,9.990916719578841754e-01,4.539992789197947598e-05
2.202746579480465880e+04,1.000045399929669010e+00,0.000000000000000000e+00,1.000000000000000000e+00,2.200745762992648815e+04,1.000045358727175815e+00
2.202646579480671789e+04,1.000000000000000000e+00,9.999546021312976096e-01,0.000000000000000000e+00,2.200645853825658924e+04,9.999999587993773087e-01
2.202646670313479626e+04,1.000000041238030990e+00,9.999546433674564305e-01,9.999546433675499113e-01,0.000000000000000000e+00,1.000000000037406522e+00
1.000908328416618920e+00,4.544116780880061521e-05,4.543910487663074598e-05,4.543910487663499470e-05,9.999991753143308015e-01,0.000000000000000000e+00
0.000000000000000000e+00,1.000000000000000000e+00,9.981849914538160062e-01,4.539992976248484740e-05,4.539993163298953441e-05,4.539993163468933302e-05
1.000000000000000000e+00,0.000000000000000000e+00,2.198648757114691398e+04,1.000000000000000000e+00,1.000000041200607370e+00,1.000000041238047865e+00
1.000045399929762491e+00,2.202746579480671789e+04,0.000000000000000000e+00,1.000045399929762491e+00,1.000045441132240365e+00,1.000045441169682636e+00
1.000045399929669010e+00,2.202746579480465880e+04,2.198748575613630965e+04,0.000000000000000000e+00,1.000045441132146884e+00,1.000045441169589155e+00
4.544120528351140226e-05,1.000909153852054256e+00,9.990924951838588974e-01,4.544120528351140226e-05,0.000000000000000000e+00,4.544120715741800399e-05
1.000000041200624468e+00,2.202646670231085955e+04,2.198648847700392798e+04,1.000000041200624468e+00,1.000000082401233614e+00,0.000000000000000000e+00
0.000000000000000000e+00,1.000000000000000000e+00,9.999546021313913124e-01,9.999999587244959853e-01,9.999546021313913124e-01,2.200647668668254482e+04
1.000000000000000000e+00,0.000000000000000000e+00,4.539786870243865007e-05,4.539992788857987198e-05,4.539786870243865007e-05,9.990924958951478141e-01
1.001818308792181478e+00,4.548248085393639684e-05,0.000000000000000000e+00,4.548247897662407893e-05,4.548041604624659240e-05,1.000909154564636472e+00
2.202646579480671789e+04,1.000000000000000000e+00,9.999546021313913124e-01,0.000000000000000000e+00,9.999546021313913124e-01,2.200647668668254482e+04
2.202646488730298370e+04,9.999999587993942951e-01,9.999545609326560003e-01,9.999999175238920568e-01,0.000000000000000000e+00,2.200647578000237627e+04
2.202646488647830120e+04,9.999999587619536889e-01,9.999545608952171705e-01,9.999999174864514506e-01,9.999545608952171705e-01,0.000000000000000000e+00
0.000000000000000000e+00,1.000000000000000000e+00,4.539992789197948276e-05,4.539786870243863652e-05,9.990916719578841754e-01,4.539993163468933302e-05
2.202646579480671789e+04,0.000000000000000000e+00,9.999999587993775307e-01,9.999546021313910904e-01,2.200645853825658924e+04,1.000000041238047865e+00
2.202746579480465152e+04,2.202746579480465152e+04,0.000000000000000000e+00,9.999999999999997780e-01,2.200745762992648451e+04,1.000045441169588933e+00
2.202646670396023183e+04,2.202646670396023183e+04,1.000000000074881434e+00,0.000000000000000000e+00,2.200645944658429289e+04,1.000000082513555322e+00
2.202746579480465152e+04,2.202746579480465152e+04,1.000045358727175815e+00,9.999999999999997780e-01,0.000000000000000000e+00,1.000045441169588933e+00
1.000908328416618920e+00,1.000908328416618920e+00,4.544116593659621090e-05,4.543910487663499470e-05,9.999991753143308015e-01,0.000000000000000000e+00
0.000000000000000000e+00,1.000000000000000000e+00,4.539992602147341339e-05,4.539993163298953441e-05,4.539993163639068340e-05,9.990924958951478141e-01
1.000000000000000000e+00,0.000000000000000000e+00,4.539992602147341339e-05,4.539993163298953441e-05,4.539993163639068340e-05,9.990924958951478141e-01
2.202646670231085591e+04,2.202646670231085591e+04,0.000000000000000000e+00,1.000000082401233392e+00,1.000000082476148577e+00,2.200647759336312083e+04
2.202746579480465880e+04,2.202746579480465880e+04,1.000045317524667521e+00,0.000000000000000000e+00,1.000045441207065622e+00,2.200747577917638046e+04
1.000909153852054256e+00,1.000909153852054256e+00,4.544120153909881249e-05,4.544120715571666039e-05,0.000000000000000000e+00,1.000000824686349432e+00
2.202646488647830120e+04,2.202646488647830120e+04,9.999998763606967600e-01,9.999999999625595049e-01,1.000000000037474912e+00,0.000000000000000000e+00
0.000000000000000000e+00,4.539992976248484740e-05,4.539992976418620455e-05,4.539993163128972224e-05,4.539992789028121558e-05,4.539992789197947598e-05
1.000000000000000000e+00,0.000000000000000000e+00,4.539992976418620455e-05,4.539993163128972224e-05,4.539992789028121558e-05,4.539992789197947598e-05
2.202646760981541229e+04,1.000000082401267143e+00,0.000000000000000000e+00,1.000000123564437349e+00,1.000000041163234599e+00,1.000000041200641121e+00
2.202646488730298370e+04,9.999999587993942951e-01,9.999999588368690961e-01,0.000000000000000000e+00,9.999999175613667468e-01,9.999999175987732691e-01
2.202646488565286563e+04,9.999999587244788879e-01,9.999999587619536889e-01,9.999999998876438756e-01,0.000000000000000000e+00,9.999999175238578619e-01
1.000908328416618920e+00,4.544116780880061521e-05,4.544116781050351058e-05,4.544116967930297797e-05,4.544116593489640551e-05,0.000000000000000000e+00
0.000000000000000000e+00,1.000000000000000000e+00,4.539786870243863652e-05,4.539786870243865007e-05,4.539993163298953441e-05,4.539993163468933302e-05
2.202646579480671789e+04,0.000000000000000000e+00,9.999546021313910904e-01,9.999546021313913124e-01,1.000000041200607370e+00,1.000000041238047865e+00
2.202646579398127869e+04,2.202646579398127869e+04,0.000000000000000000e+00,9.999546020939181767e-01,1.000000041163132680e+00,1.000000041200573175e+00
2.202646488812767348e+04,2.202646488812767348e+04,9.999545609700948301e-01,0.000000000000000000e+00,1.000000000037440717e+00,1.000000000074881212e+00
2.202646670313479626e+04,2.202646670313479626e+04,9.999546433675499113e-01,9.999546433675501333e-01,0.000000000000000000e+00,1.000000082476080632e+00
2.202646670231085955e+04,2.202646670231085955e+04,9.999546433301450543e-01,9.999546433301452764e-01,1.000000082401233614e+00,0.000000000000000000e+00
0.000000000000000000e+00,4.539992976248484740e-05,4.539786870243863652e-05,4.539786870243863652e-05,4.539993163639068340e-05,9.990924958951478141e-01
1.000000000000000000e+00,0.000000000000000000e+00,4.539786870243863652e-05,4.539786870243863652e-05,4.539993163639068340e-05,9.990924958951478141e-01
2.202746579480465880e+04,1.000045399929669010e+00,0.000000000000000000e+00,1.000000000000000000e+00,1.000045441207065622e+00,2.200747577917638046e+04
2.202746579480465152e+04,1.000045399929668788e+00,9.999999999999997780e-01,0.000000000000000000e+00,1.000045441207065400e+00,2.200747577917637682e+04
2.202646488730298370e+04,9.999999587993942951e-01,9.999545609326557782e-01,9.999545609326557782e-01,0.000000000000000000e+00,2.200647578000237627e+04
2.202646488647830120e+04,9.999999587619536889e-01,9.999545608952169484e-01,9.999545608952169484e-01,1.000000000037474912e+00,0.000000000000000000e+00
0.000000000000000000e+00,1.000000000000000000e+00,4.539992976418620455e-05,4.539992976248484740e-05,9.990916719578841754e-01,4.539993163468933302e-05
2.202646579480671789e+04,0.000000000000000000e+00,1.000000000037474912e+00,1.000000000000000000e+00,2.200645853825658924e+04,1.000000041238047865e+00
2.202746579480465880e+04,2.202746579480465880e+04,0.000000000000000000e+00,1.000045399929669010e+00,2.200745762992648815e+04,1.000045441169589155e+00
2.202746579480465880e+04,2.202746579480465880e+04,1.000045399967145476e+00,0.000000000000000000e+00,2.200745762992648815e+04,1.000045441169589155e+00
2.202646488565286563e+04,2.202646488565286563e+04,9.999999587619536889e-01,9.999999587244788879e-01,0.000000000000000000e+00,9.999999999625251990e-01
1.000908328416618920e+00,1.000908328416618920e+00,4.544116781050351058e-05,4.544116780880061521e-05,9.999991753143308015e-01,0.000000000000000000e+00
0.000000000000000000e+00,4.539992976248484740e-05,9.981849914538160062e-01,4.539993163469088479e-05,4.539993163639068340e-05,9.990924958951478141e-01
1.000000000000000000e+00,0.000000000000000000e+00,9.981849914538160062e-01,4.539993163469088479e-05,4.539993163639068340e-05,9.990924958951478141e-01
2.202646579398127869e+04,9.999999999625251990e-01,0.000000000000000000e+00,1.000000041200607370e+00,1.000000041238047865e+00,2.200647668585785505e+04
2.202646579480671789e+04,1.000000000000000000e+00,2.198648757114691398e+04,0.000000000000000000e+00,1.000000041275522777e+00,2.200647668668254482e+04
1.000909153852054256e+00,4.544120528351140226e-05,9.990924951838588974e-01,4.544120715741956253e-05,0.000000000000000000e+00,1.000000824686349432e+00
2.202646488647830120e+04,9.999999587619536889e-01,2.198648666446712014e+04,1.000000000000034195e+00,1.000000000037474912e+00,0.000000000000000000e+00
0.000000000000000000e+00,1.000000000000000000e+00,4.539992976418620455e-05,9.990908465228237612e-01,9.990916719578841754e-01,4.539993163468933302e-05
2.202646579480671789e+04,0.000000000000000000e+00,1.000000000037474912e+00,2.200644035683946640e+04,2.200645853825658924e+04,1.000000041238047865e+00
1.001818308792181478e+00,1.001818308792181478e+00,0.000000000000000000e+00,1.000907502193244314e+00,1.000908329129200469e+00,4.548248272954512144e-05
2.202646488647754813e+04,2.202646488647754813e+04,9.999999587993944061e-01,0.000000000000000000e+00,2.200645763075248396e+04,9.999999999999658051e-01
2.202646488565286563e+04,2.202646488565286563e+04,9.999999587619536889e-01,2.200643944851217384e+04,0.000000000000000000e+00,9.999999999625251990e-01
1.000908328416618920e+00,1.000908328416618920e+00,4.544116781050351058e-05,9.999983491295042493e-01,9.999991753143308015e-01,0.000000000000000000e+00
0.000000000000000000e+00,1.000000000000000000e+00,9.981849914538160062e-01,4.539993163469088479e-05,4.539993163639068340e-05,9.990924958951478141e-01
1.000000000000000000e+00,0.000000000000000000e+00,9.981849914538160062e-01,4.539993163469088479e-05,4.539993163639068340e-05,9.990924958951478141e-01
2.202646579398127869e+04,2.202646579398127869e+04,0.000000000000000000e+00,1.000000041200607370e+00,1.000000041238047865e+00,2.200647668585785505e+04
1.000909980789375098e+00,1.000909980789375098e+00,9.990933206202814443e-01,0.000000000000000000e+00,4.544124470201873990e-05,1.000001650873221237e+00
1.000909153852054256e+00,1.000909153852054256e+00,9.990924951838588974e-01,4.544120715741956253e-05,0.000000000000000000e+00,1.000000824686349432e+00
2.202646488647830120e+04,2.202646488647830120e+04,2.198648666446712014e+04,1.000000000000034195e+00,1.000000000037474912e+00,0.000000000000000000e+00
0.000000000000000000e+00,1.000000000000000000e+00,4.539992976418620455e-05,4.539992788857987198e-05,4.539992789028121558e-05,4.539992789197947598e-05
1.000000000000000000e+00,0.000000000000000000e+00,4.539992976418620455e-05,4.539992788857987198e-05,4.539992789028121558e-05,4.539992789197947598e-05
1.001818308792181478e+00,1.001818308792181478e+00,0.000000000000000000e+00,4.548247897662407893e-05,4.548247897832851928e-05,4.548247898002986289e-05
2.202646488647754813e+04,2.202646488647754813e+04,9.999999587993944061e-01,0.000000000000000000e+00,9.999999175238920568e-01,9.999999175612985791e-01
2.202646488565286563e+04,2.202646488565286563e+04,9.999999587619536889e-01,9.999999174489766496e-01,0.000000000000000000e+00,9.999999175238578619e-01
1.000908328416618920e+00,1.000908328416618920e+00,4.544116781050351058e-05,4.544116593319351015e-05,4.544116593489640551e-05,0.000000000000000000e+00
0.000000000000000000e+00,1.000000000000000000e+00,4.539786870243863652e-05,4.539786870243865007e-05,4.539786870243865007e-05,4.539992789197947598e-05
4.539992976248484740e-05,0.000000000000000000e+00,4.539786870243863652e-05,4.539786870243865007e-05,4.539786870243865007e-05,4.539992789197947598e-05
9.999999999625251990e-01,2.202646579398127869e+04,0.000000000000000000e+00,9.999546020939181767e-01,9.999546020939181767e-01,9.999999587619025077e-01
1.000000041275505680e+00,2.202646670396023183e+04,9.999546434050229360e-01,0.000000000000000000e+00,9.999546434050231580e-01,1.000000000074881212e+00
1.000000041238030990e+00,2.202646670313479626e+04,9.999546433675499113e-01,9.999546433675501333e-01,0.000000000000000000e+00,1.000000000037406522e+00
1.000000041200624468e+00,2.202646670231085955e+04,9.999546433301450543e-01,9.999546433301452764e-01,9.999546433301452764e-01,0.000000000000000000e+00
0.000000000000000000e+00,2.202646579480671789e+04,9.999546021313913124e-01,1.000000000000000000e+00,1.000000041200607370e+00,9.999999587993773087e-01
1.000000000000000000e+00,0.000000000000000000e+00,4.539786870243865007e-05,4.539992976248484740e-05,4.539993163298953441e-05,4.539992789197947598e-05
2.202746579480465880e+04,2.202746579480465880e+04,0.000000000000000000e+00,1.000045399929669010e+00,1.000045441132146884e+00,1.000045358727175815e+00
2.202746579480465152e+04,2.202746579480465152e+04,1.000000000000000000e+00,0.000000000000000000e+00,1.000045441132146662e+00,1.000045358727175593e+00
2.202746579480465152e+04,2.202746579480465152e+04,1.000000000000000000e+00,1.000045399929668788e+00,0.000000000000000000e+00,1.000045358727175593e+00
2.202646670231085955e+04,2.202646670231085955e+04,9.999546433301452764e-01,1.000000041200624468e+00,1.000000082401233614e+00,0.000000000000000000e+00
0.000000000000000000e+00,1.000000000000000000e+00,4.539992976418310780e-05,4.539992976248484740e-05,4.539993163298953441e-05,9.990924958951478141e-01
1.000000000000000000e+00,0.000000000000000000e+00,4.539992976418310780e-05,4.539992976248484740e-05,4.539993163298953441e-05,9.990924958951478141e-01
2.202746579480465152e+04,2.202746579480465152e+04,0.000000000000000000e+00,1.000045399929668788e+00,1.000045441132146662e+00,2.200747577917637682e+04
2.202646579480671789e+04,2.202646579480671789e+04,1.000000000037406744e+00,0.000000000000000000e+00,1.000000041200607370e+00,2.200647668668254482e+04
2.202646488730298370e+04,2.202646488730298370e+04,9.999999588368009285e-01,9.999999587993942951e-01,0.000000000000000000e+00,2.200647578000237627e+04
2.202646670231085955e+04,2.202646670231085955e+04,1.000000041238030990e+00,1.000000041200624468e+00,1.000000082401233614e+00,0.000000000000000000e+00
0.000000000000000000e+00,1.000000000000000000e+00,4.539992976418310780e-05,4.539993163469087124e-05,4.539992789028121558e-05,9.990924958951478141e-01
1.000000000000000000e+00,0.000000000000000000e+00,4.539992976418310780e-05,4.539993163469087124e-05,4.539992789028121558e-05,9.990924958951478141e-01
2.202646579398278118e+04,2.202646579398278118e+04,0.000000000000000000e+00,1.000000041200675316e+00,9.999999587245640420e-01,2.200647668585935389e+04
2.202646579480671789e+04,2.202646579480671789e+04,1.000000000037406744e+00,0.000000000000000000e+00,9.999999587619707864e-01,2.200647668668254482e+04
2.202646488730298370e+04,2.202646488730298370e+04,9.999999588368009285e-01,1.000000000037474468e+00,0.000000000000000000e+00,2.200647578000237627e+04
1.000908328416618920e+00,1.000908328416618920e+00,4.544116781050041383e-05,4.544116968270721694e-05,4.544116593489640551e-05,0.000000000000000000e+00
0.000000000000000000e+00,4.539992976248484740e-05,4.539992976078505556e-05,4.539993163469087124e-05,4.539992789028121558e-05,9.990924958951478141e-01
1.000000000000000000e+00,0.000000000000000000e+00,4.539992976078505556e-05,4.539993163469087124e-05,4.539992789028121558e-05,9.990924958951478141e-01
2.202646579398278118e+04,9.999999999625933667e-01,0.000000000000000000e+00,1.000000041200675316e+00,9.999999587245640420e-01,2.200647668585935389e+04
2.202646488647755541e+04,9.999999587619197161e-01,9.999999587244792210e-01,0.000000000000000000e+00,9.999999175238922788e-01,2.200647577917769377e+04
2.202646670313479626e+04,1.000000041238030990e+00,1.000000041200590495e+00,1.000000082476114605e+00,0.000000000000000000e+00,2.200647759418631176e+04
1.000908328416618920e+00,4.544116780880061521e-05,4.544116780709927161e-05,4.544116968270721694e-05,4.544116593489640551e-05,0.000000000000000000e+00
0.000000000000000000e+00,4.539992976248484740e-05,4.539786870243863652e-05,4.539993163468778804e-05,9.990916719578841754e-01,4.539993163468933302e-05
2.202646579480671789e+04,0.000000000000000000e+00,9.999546021313910904e-01,1.000000041238013893e+00,2.200645853825658924e+04,1.000000041238047865e+00
2.202646579563140040e+04,1.000000000037440495e+00,0.000000000000000000e+00,1.000000041275454610e+00,2.200645853908052231e+04,1.000000041275488583e+00
2.202646488647755541e+04,9.999999587619197161e-01,9.999545608951829756e-01,0.000000000000000000e+00,2.200645763075248760e+04,9.999999999999660272e-01
2.202646670313479626e+04,1.000000041238030990e+00,9.999546433675499113e-01,1.000000082476046659e+00,0.000000000000000000e+00,1.000000082476080632e+00
1.000908328416618920e+00,4.544116780880061521e-05,4.543910487663499470e-05,4.544116968270412696e-05,9.999991753143308015e-01,0.000000000000000000e+00
0.000000000000000000e+00,1.000000000000000000e+00,9.981849914538160062e-01,4.539992976248484740e-05,4.539786870243865007e-05,4.539993163468933302e-05
2.202646579480671789e+04,0.000000000000000000e+00,2.198648757114691398e+04,1.000000000000000000e+00,9.999546021313913124e-01,1.000000041238047865e+00
2.202746579480465880e+04,2.202746579480465880e+04,0.000000000000000000e+00,1.000045399929669010e+00,1.000000000000000222e+00,1.000045441169589155e+00
2.202646488647905062e+04,2.202646488647905062e+04,2.198648666446786956e+04,0.000000000000000000e+00,9.999545608952511433e-01,1.000000000000033973e+00
1.000909153852054256e+00,1.000909153852054256e+00,9.990924951838588974e-01,4.544120528351140226e-05,0.000000000000000000e+00,4.544120715741800399e-05
2.202646488647830120e+04,2.202646488647830120e+04,2.198648666446712014e+04,9.999999587619536889e-01,9.999545608952171705e-01,0.000000000000000000e+00
0.000000000000000000e+00,1.000000000000000000e+00,4.539992789197948276e-05,4.539992788857987198e-05,4.539993163639068340e-05,4.539992789197947598e-05
1.000000000000000000e+00,0.000000000000000000e+00,4.539992789197948276e-05,4.539992788857987198e-05,4.539993163639068340e-05,4.539992789197947598e-05
1.001818308792181478e+00,1.001818308792181478e+00,0.000000000000000000e+00,4.548247897662407893e-05,4.548248273124956857e-05,4.548247898002986289e-05
2.202646579480671789e+04,2.202646579480671789e+04,9.999999587993775307e-01,0.000000000000000000e+00,1.000000041275522777e+00,9.999999587993773087e-01
2.202746579480465152e+04,2.202746579480465152e+04,1.000045358727175815e+00,1.000045358652290828e+00,0.000000000000000000e+00,1.000045358727175593e+00
2.202646488647830120e+04,2.202646488647830120e+04,9.999999175613329960e-01,9.999999174864514506e-01,1.000000000037474912e+00,0.000000000000000000e+00
0.000000000000000000e+00,1.000000000000000000e+00,4.539786870243863652e-05,4.539786870243865007e-05,4.539993163298953441e-05,9.990924958951478141e-01
4.539992976248484740e-05,0.000000000000000000e+00,4.539786870243863652e-05,4.539786870243865007e-05,4.539993163298953441e-05,9.990924958951478141e-01
1.000000041200624246e+00,2.202646670231085591e+04,0.000000000000000000e+00,9.999546433301450543e-01,1.000000082401233392e+00,2.200647759336312083e+04
1.000000041275505680e+00,2.202646670396023183e+04,9.999546434050229360e-01,0.000000000000000000e+00,1.000000082476114827e+00,2.200647759501099790e+04
9.999999587244788879e-01,2.202646488565286563e+04,9.999545608577438127e-01,9.999545608577440348e-01,0.000000000000000000e+00,2.200647577835374977e+04
1.000000041200624468e+00,2.202646670231085955e+04,9.999546433301450543e-01,9.999546433301452764e-01,1.000000082401233614e+00,0.000000000000000000e+00
0.000000000000000000e+00,1.000000000000000000e+00,9.999546021313913124e-01,1.000000000000000000e+00,2.200645853825658924e+04,2.200647668668254482e+04
1.000000000000000000e+00,0.000000000000000000e+00,4.539786870243865007e-05,4.539992976248484740e-05,9.990916719578841754e-01,9.990924958951478141e-01
2.202746579480465880e+04,1.000045399929669010e+00,0.000000000000000000e+00,1.000045399929669010e+00,2.200745762992648815e+04,2.200747577917638046e+04
2.202746579480465152e+04,1.000045399929668788e+00,1.000000000000000000e+00,0.000000000000000000e+00,2.200745762992648451e+04,2.200747577917637682e+04
2.202646488730298370e+04,9.999999587993942951e-01,9.999545609326560003e-01,9.999999587993942951e-01,0.000000000000000000e+00,2.200647578000237627e+04
1.000908328416618920e+00,4.544116780880061521e-05,4.543910487663500148e-05,4.544116780880061521e-05,9.999991753143308015e-01,0.000000000000000000e+00
0.000000000000000000e+00,1.000000000000000000e+00,4.539992602147341339e-05,4.539786870243863652e-05,9.990916719578841754e-01,4.539993163468933302e-05
1.000000000000000000e+00,0.000000000000000000e+00,9.999999175987396294e-01,9.999546021313910904e-01,2.200645853825658924e+04,1.000000041238047865e+00
1.000045399929668788e+00,2.202746579480465152e+04,0.000000000000000000e+00,9.999999999999997780e-01,2.200745762992648451e+04,1.000045441169588933e+00
1.000000000000000000e+00,2.202646579480671789e+04,9.999999175987396294e-01,0.000000000000000000e+00,2.200645853825658924e+04,1.000000041238047865e+00
4.544120528351140226e-05,1.000909153852054256e+00,4.544120153909881249e-05,4.543914234964451269e-05,0.000000000000000000e+00,4.544120715741800399e-05
4.544116780880061521e-05,1.000908328416618920e+00,4.544116406439110864e-05,4.543910487663499470e-05,9.999991753143308015e-01,0.000000000000000000e+00
0.000000000000000000e+00,2.202646579480671789e+04,9.999999999625253100e-01,1.000000041163166653e+00,1.000000041275522777e+00,2.200647668668254482e+04
1.000000000000000000e+00,0.000000000000000000e+00,4.539992976078349702e-05,4.539993163128972224e-05,4.539993163639068340e-05,9.990924958951478141e-01
2.202646760981541229e+04,2.202646760981541229e+04,0.000000000000000000e+00,1.000000123564437349e+00,1.000000123676793473e+00,2.200647850004410793e+04
2.202746579480465880e+04,2.202746579480465880e+04,1.000045399892192544e+00,0.000000000000000000e+00,1.000045441207065622e+00,2.200747577917638046e+04
1.000909153852054256e+00,1.000909153852054256e+00,4.544120528180850690e-05,4.544120715401531001e-05,0.000000000000000000e+00,1.000000824686349432e+00
2.202646488647830120e+04,2.202646488647830120e+04,9.999999587244789989e-01,9.999999999251186766e-01,1.000000000037474912e+00,0.000000000000000000e+00
0.000000000000000000e+00,1.000000000000000000e+00,4.539786870243863652e-05,4.539993163468778804e-05,9.990916719578841754e-01,9.990924958951478141e-01
1.000000000000000000e+00,0.000000000000000000e+00,4.539786870243863652e-05,4.539993163468778804e-05,9.990916719578841754e-01,9.990924958951478141e-01
2.202646579563215346e+04,2.202646579563215346e+04,0.000000000000000000e+00,1.000000041275488805e+00,2.200645853908127538e+04,2.200647668750723096e+04
2.202646488812767348e+04,2.202646488812767348e+04,9.999545609700948301e-01,0.000000000000000000e+00,2.200645763240110682e+04,2.200647578082631298e+04
2.202646488565286563e+04,2.202646488565286563e+04,9.999545608577438127e-01,9.999999999624912261e-01,0.000000000000000000e+00,2.200647577835374977e+04
1.000908328416618920e+00,1.000908328416618920e+00,4.543910487663499470e-05,4.544116968270412696e-05,9.999991753143308015e-01,0.000000000000000000e+00
0.000000000000000000e+00,1.000000000000000000e+00,9.981849914538160062e-01,4.539786870243863652e-05,4.539992789028121558e-05,4.539992789197947598e-05
1.000000000000000000e+00,0.000000000000000000e+00,9.981849914538160062e-01,4.539786870243863652e-05,4.539992789028121558e-05,4.539992789197947598e-05
2.202746579480465880e+04,2.202746579480465880e+04,0.000000000000000000e+00,1.000000000000000000e+00,1.000045358689767516e+00,1.000045358727175815e+00
2.202646488647905062e+04,2.202646488647905062e+04,2.198648666446786956e+04,0.000000000000000000e+00,9.999999175239602245e-01,9.999999175613667468e-01
1.000909153852054256e+00,1.000909153852054256e+00,9.990924951838588974e-01,4.543914234964451269e-05,0.000000000000000000e+00,4.544120341130545297e-05
1.000908328416618920e+00,1.000908328416618920e+00,9.990916712465959248e-01,4.543910487663499470e-05,4.544116593489640551e-05,0.000000000000000000e+00
0.000000000000000000e+00,4.539992976248484740e-05,4.539992976078505556e-05,9.990908465228237612e-01,4.539993163298953441e-05,4.539992789197947598e-05
1.000000000000000000e+00,0.000000000000000000e+00,4.539992976078505556e-05,9.990908465228237612e-01,4.539993163298953441e-05,4.539992789197947598e-05
1.001818308792181478e+00,4.548248085393639684e-05,0.000000000000000000e+00,1.000907502193244314e+00,4.548248272784223285e-05,4.548247898002986289e-05
2.202746579480465880e+04,1.000045399929669010e+00,1.000045399892226738e+00,0.000000000000000000e+00,1.000045441132146884e+00,1.000045358727175815e+00
2.202646670313479626e+04,1.000000041238030990e+00,1.000000041200590495e+00,2.200644126434173450e+04,0.000000000000000000e+00,1.000000000037406522e+00
2.202646670231085955e+04,1.000000041200624468e+00,1.000000041163183750e+00,2.200644126351855084e+04,1.000000082401233614e+00,0.000000000000000000e+00
0.000000000000000000e+00,1.000000000000000000e+00,4.539992976418310780e-05,4.539993163468778804e-05,4.539993163298953441e-05,4.539786870243865007e-05
2.202646579480671789e+04,0.000000000000000000e+00,1.000000000037406744e+00,1.000000041238013893e+00,1.000000041200607370e+00,9.999546021313913124e-01
2.202646579563140040e+04,2.202646579563140040e+04,0.000000000000000000e+00,1.000000041275454610e+00,1.000000041238047865e+00,9.999546021688301423e-01
1.000909980789375098e+00,1.000909980789375098e+00,4.544124282810748966e-05,0.000000000000000000e+00,4.544124469861449416e-05,4.543917989083643566e-05
2.202646488730298370e+04,2.202646488730298370e+04,9.999999588368009285e-01,1.000000000037406522e+00,0.000000000000000000e+00,9.999545609326560003e-01
2.202646670231085955e+04,2.202646670231085955e+04,1.000000041238030990e+00,1.000000082438640137e+00,1.000000082401233614e+00,0.000000000000000000e+00
0.000000000000000000e+00,1.000000000000000000e+00,4.539992976418310780e-05,4.539786870243865007e-05,4.539992976248484740e-05,4.539992789197947598e-05
1.000000000000000000e+00,0.000000000000000000e+00,4.539992976418310780e-05,4.539786870243865007e-05,4.539992976248484740e-05,4.539992789197947598e-05
2.202646579398278118e+04,2.202646579398278118e+04,0.000000000000000000e+00,9.999546020939863444e-01,9.999999999625933667e-01,9.999999587619706753e-01
2.202646488647905062e+04,2.202646488647905062e+04,9.999999587993944061e-01,0.000000000000000000e+00,9.999999587619876618e-01,9.999999175613667468e-01
2.202646488730298370e+04,2.202646488730298370e+04,9.999999588368009285e-01,9.999545609326560003e-01,0.000000000000000000e+00,9.999999175987732691e-01
2.202746579480465152e+04,2.202746579480465152e+04,1.000045399967077087e+00,1.000000000000000000e+00,1.000045399929668788e+00,0.000000000000000000e+00
0.000000000000000000e+00,4.539992976248484740e-05,4.539992976248484740e-05,4.539993163469087124e-05,4.539993163298953441e-05,4.539992789197947598e-05
1.000000000000000000e+00,0.000000000000000000e+00,4.539992976248484740e-05,4.539993163469087124e-05,4.539993163298953441e-05,4.539992789197947598e-05
2.202646579398278118e+04,9.999999999625933667e-01,0.000000000000000000e+00,1.000000041200675316e+00,1.000000041163200848e+00,9.999999587619706753e-01
2.202746579480465152e+04,1.000045399929668788e+00,1.000045399929668788e+00,0.000000000000000000e+00,1.000045441132146662e+00,1.000045358727175593e+00
2.202646579480671789e+04,1.000000000000000000e+00,1.000000000000000000e+00,1.000000041238081838e+00,0.000000000000000000e+00,9.999999587993773087e-01
2.202646670231085955e+04,1.000000041200624468e+00,1.000000041200624468e+00,1.000000082438708082e+00,1.000000082401233614e+00,0.000000000000000000e+00
0.000000000000000000e+00,1.000000000000000000e+00,4.539992976418310780e-05,4.539786870243865007e-05,4.539993163298953441e-05,4.539993163468933302e-05
2.202646579480671789e+04,0.000000000000000000e+00,1.000000000037406744e+00,9.999546021313913124e-01,1.000000041200607370e+00,1.000000041238047865e+00
2.202646579480671789e+04,2.202646579480671789e+04,0.000000000000000000e+00,9.999546021313913124e-01,1.000000041200607370e+00,1.000000041238047865e+00
2.202646488647755541e+04,2.202646488647755541e+04,9.999999587993264605e-01,0.000000000000000000e+00,9.999999999625255320e-01,9.999999999999660272e-01
2.202646488730298370e+04,2.202646488730298370e+04,9.999999588368009285e-01,9.999545609326560003e-01,0.000000000000000000e+00,1.000000000037440495e+00
2.202646670231085955e+04,2.202646670231085955e+04,1.000000041238030990e+00,9.999546433301452764e-01,1.000000082401233614e+00,0.000000000000000000e+00
0.000000000000000000e+00,1.000000000000000000e+00,4.539992976418310780e-05,4.539993163469087124e-05,4.539993163639068340e-05,9.990924958951478141e-01
4.539992976248484740e-05,0.000000000000000000e+00,4.539992976418310780e-05,4.539993163469087124e-05,4.539993163639068340e-05,9.990924958951478141e-01
9.999999999625933667e-01,2.202646579398278118e+04,0.000000000000000000e+00,1.000000041200675316e+00,1.000000041238116033e+00,2.200647668585935389e+04
1.000045399929668788e+00,2.202746579480465152e+04,1.000045399967077087e+00,0.000000000000000000e+00,1.000045441207065400e+00,2.200747577917637682e+04
9.999999587993942951e-01,2.202646488730298370e+04,9.999999588368009285e-01,1.000000000037474468e+00,0.000000000000000000e+00,2.200647578000237627e+04
9.999999587619536889e-01,2.202646488647830120e+04,9.999999587993604333e-01,1.000000000000033973e+00,1.000000000037474912e+00,0.000000000000000000e+00
0.000000000000000000e+00,1.000000000000000000e+00,9.999546021312976096e-01,1.000000041238081838e+00,9.999999587619707864e-01,2.200647668668254482e+04
1.000000000000000000e+00,0.000000000000000000e+00,4.539786870243439458e-05,4.539993163469087124e-05,4.539992789028121558e-05,9.990924958951478141e-01
2.202646579398278118e+04,9.999999999625933667e-01,0.000000000000000000e+00,1.000000041200675316e+00,9.999999587245640420e-01,2.200647668585935389e+04
2.202646488647755541e+04,9.999999587619197161e-01,9.999545608950894948e-01,0.000000000000000000e+00,9.999999175238922788e-01,2.200647577917769377e+04
2.202646488565286563e+04,9.999999587244788879e-01,9.999545608576503319e-01,9.999999999625591718e-01,0.000000000000000000e+00,2.200647577835374977e+04
1.000908328416618920e+00,4.544116780880061521e-05,4.543910487663074598e-05,4.544116968270721694e-05,4.544116593489640551e-05,0.000000000000000000e+00
0.000000000000000000e+00,1.000000000000000000e+00,4.539992976078505556e-05,4.539992976248484740e-05,9.990916719578841754e-01,4.539993163468933302e-05
2.202646579480671789e+04,0.000000000000000000e+00,9.999999999625595049e-01,1.000000000000000000e+00,2.200645853825658924e+04,1.000000041238047865e+00
2.202746579480671789e+04,2.202746579480671789e+04,0.000000000000000000e+00,1.000045399929762491e+00,2.200745762992854725e+04,1.000045441169682636e+00
2.202646488647755541e+04,2.202646488647755541e+04,9.999999587244792210e-01,0.000000000000000000e+00,2.200645763075248760e+04,9.999999999999660272e-01
2.202646670313479626e+04,2.202646670313479626e+04,1.000000041200590495e+00,1.000000041238030990e+00,0.000000000000000000e+00,1.000000082476080632e+00
1.000908328416618920e+00,1.000908328416618920e+00,4.544116780709927161e-05,4.544116780880061521e-05,9.999991753143308015e-01,0.000000000000000000e+00
0.000000000000000000e+00,4.539992976248484740e-05,9.981849914538160062e-01,4.539993163468778804e-05,4.539786870243865007e-05,9.990924958951478141e-01
4.539992976248484740e-05,0.000000000000000000e+00,9.981849914538160062e-01,4.539993163468778804e-05,4.539786870243865007e-05,9.990924958951478141e-01
1.000000000037440495e+00,1.000000000037440495e+00,0.000000000000000000e+00,1.000000041275454610e+00,9.999546021688301423e-01,2.200647668750647790e+04
1.000000000000000000e+00,1.000000000000000000e+00,2.198648757114691398e+04,0.000000000000000000e+00,9.999546021313913124e-01,2.200647668668254482e+04
4.544120528351140226e-05,4.544120528351140226e-05,9.990924951838588974e-01,4.544120715741645900e-05,0.000000000000000000e+00,1.000000824686349432e+00
9.999999587619536889e-01,9.999999587619536889e-01,2.198648666446712014e+04,9.999999999999660272e-01,9.999545608952171705e-01,0.000000000000000000e+00
0.000000000000000000e+00,2.202646579480671789e+04,9.999546021313913124e-01,2.200644035683946640e+04,9.999999587619707864e-01,1.000000041238047865e+00
2.202646579480671789e+04,0.000000000000000000e+00,9.999546021313913124e-01,2.200644035683946640e+04,9.999999587619707864e-01,1.000000041238047865e+00
1.001818308792181478e+00,1.001818308792181478e+00,0.000000000000000000e+00,1.000907502193244314e+00,4.548247897832851928e-05,4.548248272954512144e-05
2.202646488647905062e+04,2.202646488647905062e+04,9.999545608952511433e-01,0.000000000000000000e+00,9.999999175239602245e-01,1.000000000000033973e+00
2.202746579480465152e+04,2.202746579480465152e+04,1.000000000000000000e+00,2.200743944768392612e+04,0.000000000000000000e+00,1.000045441169588933e+00
1.000908328416618920e+00,1.000908328416618920e+00,4.543910487663500148e-05,9.999983491295042493e-01,4.544116593489640551e-05,0.000000000000000000e+00
0.000000000000000000e+00,1.000000000000000000e+00,4.539992976078505556e-05,4.539992976248484740e-05,4.539993163639068340e-05,9.990924958951478141e-01
1.000000000000000000e+00,0.000000000000000000e+00,4.539992976078505556e-05,4.539992976248484740e-05,4.539993163639068340e-05,9.990924958951478141e-01
2.202746579480465152e+04,2.202746579480465152e+04,0.000000000000000000e+00,1.000045399929668788e+00,1.000045441207065400e+00,2.200747577917637682e+04
1.000909980789375098e+00,1.000909980789375098e+00,4.544124282470634067e-05,0.000000000000000000e+00,4.544124470201873990e-05,1.000001650873221237e+00
2.202646670313479626e+04,2.202646670313479626e+04,1.000000041200590495e+00,1.000000041238030990e+00,0.000000000000000000e+00,2.200647759418631176e+04
2.202646488647830120e+04,2.202646488647830120e+04,9.999999587245131938e-01,9.999999587619536889e-01,1.000000000037474912e+00,0.000000000000000000e+00
0.000000000000000000e+00,1.000000000000000000e+00,4.539992976418620455e-05,4.539993163468778804e-05,9.990916719578841754e-01,9.990924958951478141e-01
4.539992976248484740e-05,0.000000000000000000e+00,4.539992976418620455e-05,4.539993163468778804e-05,9.990916719578841754e-01,9.990924958951478141e-01
1.000000000037440495e+00,2.202646579563140040e+04,0.000000000000000000e+00,1.000000041275454610e+00,2.200645853908052231e+04,2.200647668750647790e+04
1.000000000000000000e+00,2.202646579480671789e+04,1.000000000037474912e+00,0.000000000000000000e+00,2.200645853825658924e+04,2.200647668668254482e+04
9.999999587244788879e-01,2.202646488565286563e+04,9.999999587619536889e-01,9.999999999624912261e-01,0.000000000000000000e+00,2.200647577835374977e+04
4.544116780880061521e-05,1.000908328416618920e+00,4.544116781050351058e-05,4.544116968270412696e-05,9.999991753143308015e-01,0.000000000000000000e+00
0.000000000000000000e+00,2.202646579480671789e+04,9.999999999625253100e-01,1.000000041238082060e+00,9.999999587619707864e-01,9.999999587993773087e-01
1.000000000000000000e+00,0.000000000000000000e+00,4.539992976078349702e-05,4.539993163469088479e-05,4.539992789028121558e-05,4.539992789197947598e-05
2.202646579398127869e+04,2.202646579398127869e+04,0.000000000000000000e+00,1.000000041200607370e+00,9.999999587244958743e-01,9.999999587619025077e-01
2.202646488647905062e+04,2.202646488647905062e+04,9.999999587245129717e-01,0.000000000000000000e+00,9.999999175239602245e-01,9.999999175613667468e-01
1.000909153852054256e+00,1.000909153852054256e+00,4.544120528180850690e-05,4.544120715741956253e-05,0.000000000000000000e+00,4.544120341130545297e-05
1.000908328416618920e+00,1.000908328416618920e+00,4.544116780709771985e-05,4.544116968270722371e-05,4.544116593489640551e-05,0.000000000000000000e+00
0.000000000000000000e+00,1.000000000000000000e+00,4.539786870243863652e-05,4.539993163468778804e-05,4.539993163298953441e-05,4.539992789197947598e-05
4.539992976248484740e-05,0.000000000000000000e+00,4.539786870243863652e-05,4.539993163468778804e-05,4.539993163298953441e-05,4.539992789197947598e-05
1.000000000037474690e+00,2.202646579563215346e+04,0.000000000000000000e+00,1.000000041275488805e+00,1.000000041238082060e+00,9.999999588368519987e-01
9.999999587619194941e-01,2.202646488647754813e+04,9.999545608951827536e-01,0.000000000000000000e+00,9.999999999625253100e-01,9.999999175612985791e-01
1.000000041238030990e+00,2.202646670313479626e+04,9.999546433675499113e-01,1.000000082476046659e+00,0.000000000000000000e+00,1.000000000037406522e+00
1.000000041200624468e+00,2.202646670231085955e+04,9.999546433301450543e-01,1.000000082438640137e+00,1.000000082401233614e+00,0.000000000000000000e+00
0.000000000000000000e+00,2.202646579480671789e+04,9.999546021313913124e-01,1.000000000000000000e+00,1.000000041200607370e+00,2.200647668668254482e+04
4.539992976248484740e-05,0.000000000000000000e+00,4.539786870243865007e-05,4.539992976248484740e-05,4.539993163298953441e-05,9.990924958951478141e-01
1.000045399929669010e+00,2.202746579480465880e+04,0.000000000000000000e+00,1.000045399929669010e+00,1.000045441132146884e+00,2.200747577917638046e+04
9.999999587619876618e-01,2.202646488647905062e+04,9.999545608952511433e-01,0.000000000000000000e+00,9.999999999625934777e-01,2.200647577917918898e+04
9.999999587993942951e-01,2.202646488730298370e+04,9.999545609326560003e-01,9.999999587993942951e-01,0.000000000000000000e+00,2.200647578000237627e+04
1.000000041200624468e+00,2.202646670231085955e+04,9.999546433301452764e-01,1.000000041200624468e+00,1.000000082401233614e+00,0.000000000000000000e+00
0.000000000000000000e+00,2.202646579480671789e+04,9.999546021313913124e-01,1.000000000000000000e+00,2.200645853825658924e+04,2.200647668668254482e+04
1.000000000000000000e+00,0.000000000000000000e+00,4.539786870243865007e-05,4.539992976248484740e-05,9.990916719578841754e-01,9.990924958951478141e-01
2.202746579480465152e+04,2.202746579480465152e+04,0.000000000000000000e+00,1.000045399929668788e+00,2.200745762992648451e+04,2.200747577917637682e+04
2.202646579480671789e+04,2.202646579480671789e+04,9.999546021313913124e-01,0.000000000000000000e+00,2.200645853825658924e+04,2.200647668668254482e+04
2.202646488730298370e+04,2.202646488730298370e+04,9.999545609326560003e-01,9.999999587993942951e-01,0.000000000000000000e+00,2.200647578000237627e+04
1.000908328416618920e+00,1.000908328416618920e+00,4.543910487663500148e-05,4.544116780880061521e-05,9.999991753143308015e-01,0.000000000000000000e+00
0.000000000000000000e+00,1.000000000000000000e+00,4.539992602147341339e-05,4.539992976248484740e-05,9.990916719578841754e-01,9.990924958951478141e-01
4.539992976248484740e-05,0.000000000000000000e+00,4.539992602147341339e-05,4.539992976248484740e-05,9.990916719578841754e-01,9.990924958951478141e-01
1.000045399929668788e+00,2.202746579480465152e+04,0.000000000000000000e+00,1.000045399929668788e+00,2.200745762992648451e+04,2.200747577917637682e+04
1.000000000000000000e+00,2.202646579480671789e+04,9.999999175987396294e-01,0.000000000000000000e+00,2.200645853825658924e+04,2.200647668668254482e+04
4.544120528351140226e-05,1.000909153852054256e+00,4.544120153909881249e-05,4.544120528351140226e-05,0.000000000000000000e+00,1.000000824686349432e+00
4.544116780880061521e-05,1.000908328416618920e+00,4.544116406439110864e-05,4.544116780880061521e-05,9.999991753143308015e-01,0.000000000000000000e+00
0.000000000000000000e+00,1.000000000000000000e+00,9.999999999625253100e-01,1.000000041163166653e+00,2.200645853825658924e+04,2.200647668668254482e+04
4.539992976248484740e-05,0.000000000000000000e+00,4.539992976078349702e-05,4.539993163128972224e-05,9.990916719578841754e-01,9.990924958951478141e-01
1.000000082401267143e+00,1.000000082401267143e+00,0.000000000000000000e+00,1.000000123564437349e+00,2.200646035161666077e+04,2.200647850004410793e+04
1.000000000000000000e+00,1.000000000000000000e+00,9.999999999625253100e-01,0.000000000000000000e+00,2.200645853825658924e+04,2.200647668668254482e+04
4.544120528351140226e-05,4.544120528351140226e-05,4.544120528180850690e-05,4.544120715401531001e-05,0.000000000000000000e+00,1.000000824686349432e+00
4.544116780880061521e-05,4.544116780880061521e-05,4.544116780709771985e-05,4.544116967930297797e-05,9.999991753143308015e-01,0.000000000000000000e+00
0.000000000000000000e+00,1.000000000000000000e+00,9.999999999625253100e-01,9.999546021313913124e-01,2.200645853825658924e+04,9.999546021313913124e-01
2.202646579480671789e+04,0.000000000000000000e+00,9.999999999625253100e-01,9.999546021313913124e-01,2.200645853825658924e+04,9.999546021313913124e-01
2.202646579563215346e+04,1.000000000037474690e+00,0.000000000000000000e+00,9.999546021688643371e-01,2.200645853908127538e+04,9.999546021688643371e-01
2.202646488812767348e+04,9.999999588368350123e-01,9.999999587993603223e-01,0.000000000000000000e+00,2.200645763240110682e+04,9.999545609700950521e-01
1.000909153852054256e+00,4.544120528351140226e-05,4.544120528180850690e-05,4.543914234964451947e-05,0.000000000000000000e+00,4.543914234964451947e-05
1.000908328416618920e+00,4.544116780880061521e-05,4.544116780709771985e-05,4.543910487663500148e-05,9.999991753143308015e-01,0.000000000000000000e+00
0.000000000000000000e+00,1.000000000000000000e+00,9.981849914538160062e-01,4.539993163468778804e-05,4.539992976248484740e-05,4.539786870243865007e-05
2.202646579480671789e+04,0.000000000000000000e+00,2.198648757114691398e+04,1.000000041238013893e+00,1.000000000000000000e+00,9.999546021313913124e-01
2.202646579563215346e+04,2.202646579563215346e+04,0.000000000000000000e+00,1.000000041275488805e+00,1.000000000037474690e+00,9.999546021688643371e-01
2.202746579480465152e+04,2.202746579480465152e+04,2.198748575613630601e+04,0.000000000000000000e+00,1.000045399929668788e+00,1.000000000000000000e+00
1.000909153852054256e+00,1.000909153852054256e+00,9.990924951838588974e-01,4.544120715741645900e-05,0.000000000000000000e+00,4.543914234964451947e-05
2.202746579480465152e+04,2.202746579480465152e+04,2.198748575613630601e+04,1.000045441169554961e+00,1.000045399929668788e+00,0.000000000000000000e+00
0.000000000000000000e+00,1.000000000000000000e+00,4.539992976248484740e-05,4.539992788857987198e-05,4.539786870243863652e-05,9.990924958951478141e-01
1.000000000000000000e+00,0.000000000000000000e+00,4.539992976248484740e-05,4.539992788857987198e-05,4.539786870243863652e-05,9.990924958951478141e-01
1.001818308792181478e+00,1.001818308792181478e+00,0.000000000000000000e+00,4.548247897662407893e-05,4.548041604624657885e-05,1.000909154564636472e+00
2.202646488647905062e+04,2.202646488647905062e+04,9.999999587619876618e-01,0.000000000000000000e+00,9.999545608952509212e-01,2.200647577917918898e+04
2.202646579480671789e+04,2.202646579480671789e+04,1.000000000000000000e+00,9.999999587244959853e-01,0.000000000000000000e+00,2.200647668668254482e+04
2.202746579480465152e+04,2.202746579480465152e+04,1.000045399929668788e+00,1.000045358652290828e+00,9.999999999999997780e-01,0.000000000000000000e+00
0.000000000000000000e+00,4.539992976248484740e-05,4.539992789197948276e-05,4.539993163468933302e-05,4.539992789028121558e-05,4.539992789197947598e-05
4.539992976248484740e-05,0.000000000000000000e+00,4.539992789197948276e-05,4.539993163468933302e-05,4.539992789028121558e-05,4.539992789197947598e-05
1.000000000000000000e+00,1.000000000000000000e+00,0.000000000000000000e+00,1.000000041238047865e+00,9.999999587619707864e-01,9.999999587993773087e-01
1.000000041275505680e+00,1.000000041275505680e+00,1.000000000074881434e+00,0.000000000000000000e+00,1.000000000037474690e+00,1.000000000074881212e+00
1.000045399929669010e+00,1.000045399929669010e+00,1.000045358727176037e+00,1.000045441169589155e+00,0.000000000000000000e+00,1.000045358727175815e+00
4.544116780880061521e-05,4.544116780880061521e-05,4.544116593659621090e-05,4.544116968270567195e-05,4.544116593489640551e-05,0.000000000000000000e+00
0.000000000000000000e+00,2.202646579480671789e+04,9.999546021313913124e-01,9.999546021313913124e-01,9.999546021313913124e-01,1.000000041238047865e+00
2.202646579480671789e+04,0.000000000000000000e+00,9.999546021313913124e-01,9.999546021313913124e-01,9.999546021313913124e-01,1.000000041238047865e+00
2.202646670231085591e+04,2.202646670231085591e+04,0.000000000000000000e+00,9.999546433301450543e-01,9.999546433301450543e-01,1.000000082438673887e+00
2.202646488647830120e+04,2.202646488647830120e+04,9.999545608952171705e-01,0.000000000000000000e+00,9.999545608952171705e-01,1.000000000000000000e+00
2.202646670313479626e+04,2.202646670313479626e+04,9.999546433675501333e-01,9.999546433675501333e-01,0.000000000000000000e+00,1.000000082476080632e+00
2.202646670231085955e+04,2.202646670231085955e+04,9.999546433301452764e-01,9.999546433301452764e-01,9.999546433301452764e-01,0.000000000000000000e+00
0.000000000000000000e+00,1.000000000000000000e+00,4.539992789197948276e-05,4.539992976248484740e-05,4.539993163639068340e-05,9.990924958951478141e-01
4.539992976248484740e-05,0.000000000000000000e+00,4.539992789197948276e-05,4.539992976248484740e-05,4.539993163639068340e-05,9.990924958951478141e-01
1.000045399929668788e+00,2.202746579480465152e+04,0.000000000000000000e+00,1.000045399929668788e+00,1.000045441207065400e+00,2.200747577917637682e+04
1.000045399929668788e+00,2.202746579480465152e+04,1.000045358727175815e+00,0.000000000000000000e+00,1.000045441207065400e+00,2.200747577917637682e+04
1.000045399929668788e+00,2.202746579480465152e+04,1.000045358727175815e+00,1.000045399929668788e+00,0.000000000000000000e+00,2.200747577917637682e+04
9.999999587619536889e-01,2.202646488647830120e+04,9.999999175613329960e-01,9.999999587619536889e-01,1.000000000037474912e+00,0.000000000000000000e+00
0.000000000000000000e+00,2.202646579480671789e+04,9.999546021313913124e-01,1.000000041200607370e+00,9.999999587619707864e-01,2.200647668668254482e+04
1.000000000000000000e+00,0.000000000000000000e+00,4.539786870243865007e-05,4.539993163298953441e-05,4.539992789028121558e-05,9.990924958951478141e-01
2.202646670231085591e+04,2.202646670231085591e+04,0.000000000000000000e+00,1.000000082401233392e+00,9.999999999625932556e-01,2.200647759336312083e+04
2.202646579480671789e+04,2.202646579480671789e+04,9.999546021313913124e-01,0.000000000000000000e+00,9.999999587619707864e-01,2.200647668668254482e+04
2.202646488565286563e+04,2.202646488565286563e+04,9.999545608577440348e-01,9.999999999250845928e-01,0.000000000000000000e+00,2.200647577835374977e+04
1.000908328416618920e+00,1.000908328416618920e+00,4.543910487663500148e-05,4.544116968100432835e-05,4.544116593489640551e-05,0.000000000000000000e+00
0.000000000000000000e+00,1.000000000000000000e+00,4.539992976078505556e-05,4.539992976248484740e-05,9.990916719578841754e-01,9.990924958951478141e-01
1.000000000000000000e+00,0.000000000000000000e+00,4.539992976078505556e-05,4.539992976248484740e-05,9.990916719578841754e-01,9.990924958951478141e-01
2.202746579480465152e+04,2.202746579480465152e+04,0.000000000000000000e+00,1.000045399929668788e+00,2.200745762992648451e+04,2.200747577917637682e+04
2.202646488730298370e+04,2.202646488730298370e+04,9.999999587619536889e-01,0.000000000000000000e+00,2.200645763157717010e+04,2.200647578000237627e+04
2.202646670313479626e+04,2.202646670313479626e+04,1.000000041200590495e+00,1.000000041238030990e+00,0.000000000000000000e+00,2.200647759418631176e+04
1.000908328416618920e+00,1.000908328416618920e+00,4.544116780709927161e-05,4.544116780880061521e-05,9.999991753143308015e-01,0.000000000000000000e+00
0.000000000000000000e+00,1.000000000000000000e+00,9.981849914538160062e-01,4.539993163468778804e-05,9.990916719578841754e-01,9.990924958951478141e-01
4.539992976248484740e-05,0.000000000000000000e+00,9.981849914538160062e-01,4.539993163468778804e-05,9.990916719578841754e-01,9.990924958951478141e-01
1.000000000037440495e+00,2.202646579563140040e+04,0.000000000000000000e+00,1.000000041275454610e+00,2.200645853908052231e+04,2.200647668750647790e+04
1.000000000000000000e+00,2.202646579480671789e+04,2.198648757114691398e+04,0.000000000000000000e+00,2.200645853825658924e+04,2.200647668668254482e+04
4.544120528351140226e-05,1.000909153852054256e+00,9.990924951838588974e-01,4.544120715741645900e-05,0.000000000000000000e+00,1.000000824686349432e+00
4.544116780880061521e-05,1.000908328416618920e+00,9.990916712465959248e-01,4.544116968270412696e-05,9.999991753143308015e-01,0.000000000000000000e+00
0.000000000000000000e+00,2.202646579480671789e+04,9.999999999625253100e-01,2.200644035683946640e+04,9.999999587619707864e-01,2.200647668668254482e+04
1.000000000000000000e+00,0.000000000000000000e+00,4.539992976078349702e-05,9.990908465228237612e-01,4.539992789028121558e-05,9.990924958951478141e-01
1.001818308792181478e+00,1.001818308792181478e+00,0.000000000000000000e+00,1.000907502193244314e+00,4.548247897832851928e-05,1.000909154564636472e+00
2.202646488647905062e+04,2.202646488647905062e+04,9.999999587245129717e-01,0.000000000000000000e+00,9.999999175239602245e-01,2.200647577917918898e+04
1.000909153852054256e+00,1.000909153852054256e+00,4.544120528180850690e-05,9.999991738144921039e-01,0.000000000000000000e+00,1.000000824686349432e+00
1.000908328416618920e+00,1.000908328416618920e+00,4.544116780709771985e-05,9.999983491295042493e-01,4.544116593489640551e-05,0.000000000000000000e+00
0.000000000000000000e+00,4.539992976248484740e-05,4.539786870243863652e-05,4.539993163468778804e-05,4.539992789028121558e-05,9.990924958951478141e-01
1.000000000000000000e+00,0.000000000000000000e+00,4.539786870243863652e-05,4.539993163468778804e-05,4.539992789028121558e-05,9.990924958951478141e-01
2.202646579563215346e+04,1.000000000037474690e+00,0.000000000000000000e+00,1.000000041275488805e+00,9.999999587994454764e-01,2.200647668750723096e+04
1.000909980789375098e+00,4.544124282640768427e-05,4.543917989083642888e-05,0.000000000000000000e+00,4.544124095250038459e-05,1.000001650873221237e+00
2.202646670313479626e+04,1.000000041238030990e+00,9.999546433675499113e-01,1.000000082476046659e+00,0.000000000000000000e+00,2.200647759418631176e+04
1.000908328416618920e+00,4.544116780880061521e-05,4.543910487663499470e-05,4.544116968270412696e-05,4.544116593489640551e-05,0.000000000000000000e+00
0.000000000000000000e+00,1.000000000000000000e+00,4.539992976078505556e-05,4.539992976248484740e-05,4.539992789028121558e-05,4.539993163468933302e-05
2.202646579480671789e+04,0.000000000000000000e+00,9.999999999625595049e-01,1.000000000000000000e+00,9.999999587619707864e-01,1.000000041238047865e+00
2.202746579480465880e+04,2.202746579480465880e+04,0.000000000000000000e+00,1.000045399929669010e+00,1.000045358689767516e+00,1.000045441169589155e+00
2.202646488647905062e+04,2.202646488647905062e+04,9.999999587245471666e-01,0.000000000000000000e+00,9.999999175239602245e-01,1.000000000000033973e+00
2.202646670313479626e+04,2.202646670313479626e+04,1.000000041200590495e+00,1.000000041238030990e+00,0.000000000000000000e+00,1.000000082476080632e+00
1.000908328416618920e+00,1.000908328416618920e+00,4.544116780709927161e-05,4.544116780880061521e-05,4.544116593489640551e-05,0.000000000000000000e+00
0.000000000000000000e+00,4.539992976248484740e-05,4.539992976078505556e-05,4.539993163468778804e-05,4.539993163639068340e-05,4.539992789197947598e-05
4.539992976248484740e-05,0.000000000000000000e+00,4.539992976078505556e-05,4.539993163468778804e-05,4.539993163639068340e-05,4.539992789197947598e-05
1.000000000037440495e+00,1.000000000037440495e+00,0.000000000000000000e+00,1.000000041275454610e+00,1.000000041312963273e+00,9.999999588368178038e-01
1.000000000000000000e+00,1.000000000000000000e+00,9.999999999625595049e-01,0.000000000000000000e+00,1.000000041275522777e+00,9.999999587993773087e-01
1.000000041238030990e+00,1.000000041238030990e+00,1.000000041200590495e+00,1.000000082476046659e+00,0.000000000000000000e+00,1.000000000037406522e+00
9.999999587619536889e-01,9.999999587619536889e-01,9.999999587245131938e-01,9.999999999999660272e-01,1.000000000037474912e+00,0.000000000000000000e+00
0.000000000000000000e+00,2.202646579480671789e+04,9.999546021312976096e-01,1.000000041238013893e+00,1.000000041200607370e+00,1.000000041238047865e+00
2.202646579480671789e+04,0.000000000000000000e+00,9.999546021312976096e-01,1.000000041238013893e+00,1.000000041200607370e+00,1.000000041238047865e+00
2.202646579563140040e+04,2.202646579563140040e+04,0.000000000000000000e+00,1.000000041275454610e+00,1.000000041238047865e+00,1.000000041275488583e+00
2.202646488647905062e+04,2.202646488647905062e+04,9.999545608951574405e-01,0.000000000000000000e+00,9.999999999625934777e-01,1.000000000000033973e+00
2.202646488565286563e+04,2.202646488565286563e+04,9.999545608576503319e-01,9.999999999624912261e-01,0.000000000000000000e+00,9.999999999625251990e-01
2.202646670231085955e+04,2.202646670231085955e+04,9.999546433300515735e-01,1.000000082438640137e+00,1.000000082401233614e+00,0.000000000000000000e+00
0.000000000000000000e+00,1.000000000000000000e+00,4.539992976418310780e-05,4.539786870243863652e-05,4.539786870243865007e-05,9.990924958951478141e-01
1.000000000000000000e+00,0.000000000000000000e+00,4.539992976418310780e-05,4.539786870243863652e-05,4.539786870243865007e-05,9.990924958951478141e-01
2.202746579480671789e+04,2.202746579480671789e+04,0.000000000000000000e+00,1.000000000000093481e+00,1.000000000000093703e+00,2.200747577917843955e+04
2.202646488647905062e+04,2.202646488647905062e+04,9.999999587993944061e-01,0.000000000000000000e+00,9.999545608952511433e-01,2.200647577917918898e+04
2.202646488730298370e+04,2.202646488730298370e+04,9.999999588368009285e-01,9.999545609326557782e-01,0.000000000000000000e+00,2.200647578000237627e+04
2.202646488647830120e+04,2.202646488647830120e+04,9.999999587993604333e-01,9.999545608952169484e-01,9.999545608952171705e-01,0.000000000000000000e+00
0.000000000000000000e+00,4.539992976248484740e-05,4.539786870243863652e-05,4.539786870243865007e-05,4.539992789028121558e-05,4.539992789197947598e-05
1.000000000000000000e+00,0.000000000000000000e+00,4.539786870243863652e-05,4.539786870243865007e-05,4.539992789028121558e-05,4.539992789197947598e-05
2.202646579398278118e+04,9.999999999625933667e-01,0.000000000000000000e+00,9.999546020939863444e-01,9.999999587245640420e-01,9.999999587619706753e-01
2.202746579480465880e+04,1.000045399929669010e+00,1.000000000000000000e+00,0.000000000000000000e+00,1.000045358689767516e+00,1.000045358727175815e+00
2.202746579480465152e+04,1.000045399929668788e+00,9.999999999999997780e-01,1.000000000000000000e+00,0.000000000000000000e+00,1.000045358727175593e+00
1.000908328416618920e+00,4.544116780880061521e-05,4.543910487663499470e-05,4.543910487663500148e-05,4.544116593489640551e-05,0.000000000000000000e+00
0.000000000000000000e+00,1.000000000000000000e+00,4.539992976078505556e-05,4.539786870243863652e-05,4.539993163298953441e-05,4.539786870243865007e-05
2.202646579480671789e+04,0.000000000000000000e+00,9.999999999625595049e-01,9.999546021313910904e-01,1.000000041200607370e+00,9.999546021313913124e-01
2.202746579480465880e+04,2.202746579480465880e+04,0.000000000000000000e+00,1.000000000000000000e+00,1.000045441132146884e+00,1.000000000000000222e+00
2.202746579480465152e+04,2.202746579480465152e+04,1.000045399892226516e+00,0.000000000000000000e+00,1.000045441132146662e+00,1.000000000000000000e+00
2.202646670313479626e+04,2.202646670313479626e+04,1.000000041200590495e+00,9.999546433675499113e-01,0.000000000000000000e+00,9.999546433675501333e-01
2.202646670231085955e+04,2.202646670231085955e+04,1.000000041163183750e+00,9.999546433301450543e-01,1.000000082401233614e+00,0.000000000000000000e+00
0.000000000000000000e+00,1.000000000000000000e+00,4.539992976418310780e-05,4.539993163468778804e-05,4.539992976248484740e-05,9.990924958951478141e-01
1.000000000000000000e+00,0.000000000000000000e+00,4.539992976418310780e-05,4.539993163468778804e-05,4.539992976248484740e-05,9.990924958951478141e-01
2.202646579563140040e+04,2.202646579563140040e+04,0.000000000000000000e+00,1.000000041275454610e+00,1.000000000037440495e+00,2.200647668750647790e+04
2.202746579480465880e+04,2.202746579480465880e+04,1.000045399967077309e+00,0.000000000000000000e+00,1.000045399929669010e+00,2.200747577917638046e+04
2.202646488730298370e+04,2.202646488730298370e+04,9.999999588368009285e-01,1.000000000037406522e+00,0.000000000000000000e+00,2.200647578000237627e+04
2.202746579480465152e+04,2.202746579480465152e+04,1.000045399967077087e+00,1.000045441169554961e+00,1.000045399929668788e+00,0.000000000000000000e+00
0.000000000000000000e+00,1.000000000000000000e+00,4.539992976248484740e-05,4.539993163469087124e-05,9.990916719578841754e-01,4.539992789197947598e-05
1.000000000000000000e+00,0.000000000000000000e+00,4.539992976248484740e-05,4.539993163469087124e-05,9.990916719578841754e-01,4.539992789197947598e-05
2.202646579398278118e+04,2.202646579398278118e+04,0.000000000000000000e+00,1.000000041200675316e+00,2.200645853743340194e+04,9.999999587619706753e-01
2.202646488647905062e+04,2.202646488647905062e+04,9.999999587619876618e-01,0.000000000000000000e+00,2.200645763075398281e+04,9.999999175613667468e-01
2.202646579480671789e+04,2.202646579480671789e+04,1.000000000000000000e+00,1.000000041238081838e+00,0.000000000000000000e+00,9.999999587993773087e-01
1.000908328416618920e+00,1.000908328416618920e+00,4.544116780880061521e-05,4.544116968270721694e-05,9.999991753143308015e-01,0.000000000000000000e+00
0.000000000000000000e+00,1.000000000000000000e+00,4.539992602147341339e-05,4.539993163468933302e-05,4.539993163298953441e-05,4.539992789197947598e-05
1.000000000000000000e+00,0.000000000000000000e+00,4.539992602147341339e-05,4.539993163468933302e-05,4.539993163298953441e-05,4.539992789197947598e-05
2.202646579480671789e+04,2.202646579480671789e+04,0.000000000000000000e+00,1.000000041238047865e+00,1.000000041200607370e+00,9.999999587993773087e-01
2.202646488647755541e+04,2.202646488647755541e+04,9.999998763606627872e-01,0.000000000000000000e+00,9.999999999625255320e-01,9.999999175612988012e-01
1.000909153852054256e+00,1.000909153852054256e+00,4.544120153909881249e-05,4.544120715741800399e-05,0.000000000000000000e+00,4.544120341130545297e-05
2.202646670231085955e+04,2.202646670231085955e+04,9.999999587993605443e-01,1.000000082438674109e+00,1.000000082401233614e+00,0.000000000000000000e+00
0.000000000000000000e+00,1.000000000000000000e+00,4.539992976418310780e-05,4.539993163128972224e-05,4.539993163298953441e-05,9.990924958951478141e-01
4.539992976248484740e-05,0.000000000000000000e+00,4.539992976418310780e-05,4.539993163128972224e-05,4.539993163298953441e-05,9.990924958951478141e-01
1.000000082401267143e+00,2.202646760981541229e+04,0.000000000000000000e+00,1.000000123564437349e+00,1.000000123601878066e+00,2.200647850004410793e+04
9.999999587619536889e-01,2.202646488647830120e+04,9.999999587993604333e-01,0.000000000000000000e+00,9.999999999625595049e-01,2.200647577917843955e+04
9.999999587993942951e-01,2.202646488730298370e+04,9.999999588368009285e-01,9.999999999625592828e-01,0.000000000000000000e+00,2.200647578000237627e+04
1.000000041200624468e+00,2.202646670231085955e+04,1.000000041238030990e+00,1.000000082363792675e+00,1.000000082401233614e+00,0.000000000000000000e+00
0.000000000000000000e+00,2.202646579480671789e+04,9.999546021313913124e-01,1.000000041238081838e+00,2.200645853825658924e+04,2.200647668668254482e+04
1.000000000000000000e+00,0.000000000000000000e+00,4.539786870243865007e-05,4.539993163469087124e-05,9.990916719578841754e-01,9.990924958951478141e-01
2.202646579398278118e+04,2.202646579398278118e+04,0.000000000000000000e+00,1.000000041200675316e+00,2.200645853743340194e+04,2.200647668585935389e+04
2.202646488812767348e+04,2.202646488812767348e+04,9.999545609700950521e-01,0.000000000000000000e+00,2.200645763240110682e+04,2.200647578082631298e+04
2.202646488730298370e+04,2.202646488730298370e+04,9.999545609326560003e-01,1.000000000037474468e+00,0.000000000000000000e+00,2.200647578000237627e+04
1.000908328416618920e+00,1.000908328416618920e+00,4.543910487663500148e-05,4.544116968270721694e-05,9.999991753143308015e-01,0.000000000000000000e+00
0.000000000000000000e+00,1.000000000000000000e+00,9.981849914538160062e-01,4.539992976248484740e-05,4.539992789028121558e-05,9.990924958951478141e-01
1.000000000000000000e+00,0.000000000000000000e+00,9.981849914538160062e-01,4.539992976248484740e-05,4.539992789028121558e-05,9.990924958951478141e-01
2.202746579480465152e+04,2.202746579480465152e+04,0.000000000000000000e+00,1.000045399929668788e+00,1.000045358689767294e+00,2.200747577917637682e+04
2.202646488647755541e+04,2.202646488647755541e+04,2.198648666446637435e+04,0.000000000000000000e+00,9.999999175238922788e-01,2.200647577917769377e+04
1.000909153852054256e+00,1.000909153852054256e+00,9.990924951838588974e-01,4.544120528351140226e-05,0.000000000000000000e+00,1.000000824686349432e+00
1.000908328416618920e+00,1.000908328416618920e+00,9.990916712465959248e-01,4.544116780880061521e-05,4.544116593489640551e-05,0.000000000000000000e+00
0.000000000000000000e+00,1.000000000000000000e+00,4.539992976078505556e-05,4.539992788857987198e-05,9.990916719578841754e-01,4.539992789197947598e-05
1.000000000000000000e+00,0.000000000000000000e+00,4.539992976078505556e-05,4.539992788857987198e-05,9.990916719578841754e-01,4.539992789197947598e-05
1.001818308792181478e+00,1.001818308792181478e+00,0.000000000000000000e+00,4.548247897662407893e-05,1.000908329129200469e+00,4.548247898002986289e-05
2.202646579480671789e+04,2.202646579480671789e+04,9.999999999625595049e-01,0.000000000000000000e+00,2.200645853825658924e+04,9.999999587993773087e-01
2.202646670313479626e+04,2.202646670313479626e+04,1.000000041200590495e+00,9.999999999625253100e-01,0.000000000000000000e+00,1.000000000037406522e+00
1.000908328416618920e+00,1.000908328416618920e+00,4.544116780709927161e-05,4.544116593319351015e-05,9.999991753143308015e-01,0.000000000000000000e+00
0.000000000000000000e+00,1.000000000000000000e+00,9.981849914538160062e-01,4.539993163468778804e-05,4.539993163298953441e-05,9.990924958951478141e-01
4.539992976248484740e-05,0.000000000000000000e+00,9.981849914538160062e-01,4.539993163468778804e-05,4.539993163298953441e-05,9.990924958951478141e-01
1.000000000037440495e+00,2.202646579563140040e+04,0.000000000000000000e+00,1.000000041275454610e+00,1.000000041238047865e+00,2.200647668750647790e+04
1.000000041275505680e+00,2.202646670396023183e+04,2.198648847865030621e+04,0.000000000000000000e+00,1.000000082476114827e+00,2.200647759501099790e+04
4.544120528351140226e-05,1.000909153852054256e+00,9.990924951838588974e-01,4.544120715741645900e-05,0.000000000000000000e+00,1.000000824686349432e+00
1.000000041200624468e+00,2.202646670231085955e+04,2.198648847700392798e+04,1.000000082438640137e+00,1.000000082401233614e+00,0.000000000000000000e+00
0.000000000000000000e+00,2.202646579480671789e+04,9.999546021313913124e-01,9.999999587244959853e-01,2.200645853825658924e+04,2.200647668668254482e+04
1.000000000000000000e+00,0.000000000000000000e+00,4.539786870243865007e-05,4.539992788857987198e-05,9.990916719578841754e-01,9.990924958951478141e-01
1.001818308792181478e+00,1.001818308792181478e+00,0.000000000000000000e+00,4.548247897662407893e-05,1.000908329129200469e+00,1.000909154564636472e+00
2.202646488647905062e+04,2.202646488647905062e+04,9.999545608952511433e-01,0.000000000000000000e+00,2.200645763075398281e+04,2.200647577917918898e+04
2.202646488730298370e+04,2.202646488730298370e+04,9.999545609326560003e-01,9.999999175238920568e-01,0.000000000000000000e+00,2.200647578000237627e+04
1.000908328416618920e+00,1.000908328416618920e+00,4.543910487663500148e-05,4.544116593319351015e-05,9.999991753143308015e-01,0.000000000000000000e+00
0.000000000000000000e+00,1.000000000000000000e+00,9.981849914538160062e-01,4.539992976248484740e-05,4.539992789028121558e-05,9.990924958951478141e-01
1.000000000000000000e+00,0.000000000000000000e+00,9.981849914538160062e-01,4.539992976248484740e-05,4.539992789028121558e-05,9.990924958951478141e-01
2.202746579480465152e+04,2.202746579480465152e+04,0.000000000000000000e+00,1.000045399929668788e+00,1.000045358689767294e+00,2.200747577917637682e+04
2.202646670396023183e+04,2.202646670396023183e+04,2.198648847865030621e+04,0.000000000000000000e+00,1.000000000037474690e+00,2.200647759501099790e+04
1.000909153852054256e+00,1.000909153852054256e+00,9.990924951838588974e-01,4.544120528351140226e-05,0.000000000000000000e+00,1.000000824686349432e+00
1.000908328416618920e+00,1.000908328416618920e+00,9.990916712465959248e-01,4.544116780880061521e-05,4.544116593489640551e-05,0.000000000000000000e+00
0.000000000000000000e+00,4.539992976248484740e-05,4.539992976078505556e-05,9.990908465228237612e-01,9.990916719578841754e-01,9.990924958951478141e-01
1.000000000000000000e+00,0.000000000000000000e+00,4.539992976078505556e-05,9.990908465228237612e-01,9.990916719578841754e-01,9.990924958951478141e-01
1.001818308792181478e+00,4.548248085393639684e-05,0.000000000000000000e+00,1.000907502193244314e+00,1.000908329129200469e+00,1.000909154564636472e+00
2.202646579480671789e+04,1.000000000000000000e+00,9.999999999625595049e-01,0.000000000000000000e+00,2.200645853825658924e+04,2.200647668668254482e+04
2.202646670313479626e+04,1.000000041238030990e+00,1.000000041200590495e+00,2.200644126434173450e+04,0.000000000000000000e+00,2.200647759418631176e+04
1.000908328416618920e+00,4.544116780880061521e-05,4.544116780709927161e-05,9.999983491295042493e-01,9.999991753143308015e-01,0.000000000000000000e+00
0.000000000000000000e+00,4.539992976248484740e-05,4.539992602147341339e-05,4.539993163468778804e-05,9.990916719578841754e-01,4.539786870243865007e-05
1.000000000000000000e+00,0.000000000000000000e+00,9.999999175987396294e-01,1.000000041238013893e+00,2.200645853825658924e+04,9.999546021313913124e-01
1.000000000037440495e+00,1.000000000037440495e+00,0.000000000000000000e+00,1.000000041275454610e+00,2.200645853908052231e+04,9.999546021688301423e-01
4.544124282640768427e-05,4.544124282640768427e-05,4.544123908199200452e-05,0.000000000000000000e+00,1.000000826186190572e+00,4.543917989083643566e-05
4.544120528351140226e-05,4.544120528351140226e-05,4.544120153909881249e-05,4.544120715741645900e-05,0.000000000000000000e+00,4.543914234964451947e-05
4.544116780880061521e-05,4.544116780880061521e-05,4.544116406439110864e-05,4.544116968270412696e-05,9.999991753143308015e-01,0.000000000000000000e+00
0.000000000000000000e+00,1.000000000000000000e+00,9.999999999625253100e-01,1.000000041163166653e+00,1.000000000000000000e+00,1.000000041238047865e+00
1.000000000000000000e+00,0.000000000000000000e+00,9.999999999625253100e-01,1.000000041163166653e+00,1.000000000000000000e+00,1.000000041238047865e+00
1.000000082401267143e+00,1.000000082401267143e+00,0.000000000000000000e+00,1.000000123564437349e+00,1.000000082401267143e+00,1.000000123639318561e+00
9.999999587619876618e-01,9.999999587619876618e-01,9.999999587245129717e-01,0.000000000000000000e+00,9.999999587619876618e-01,1.000000000000033973e+00
4.544120528351140226e-05,4.544120528351140226e-05,4.544120528180850690e-05,4.544120715401531001e-05,0.000000000000000000e+00,4.544120715741800399e-05
1.000045399929668788e+00,1.000045399929668788e+00,1.000045399892192322e+00,1.000045441094704168e+00,1.000045399929668788e+00,0.000000000000000000e+00
0.000000000000000000e+00,1.000000000000000000e+00,9.999546021313913124e-01,9.999546021313913124e-01,1.000000041275522777e+00,1.000000041238047865e+00
1.000000000000000000e+00,0.000000000000000000e+00,9.999546021313913124e-01,9.999546021313913124e-01,1.000000041275522777e+00,1.000000041238047865e+00
1.000000000037474690e+00,1.000000000037474690e+00,0.000000000000000000e+00,9.999546021688643371e-01,1.000000041312997467e+00,1.000000041275522777e+00
9.999999588368350123e-01,9.999999588368350123e-01,9.999545609700950521e-01,0.000000000000000000e+00,1.000000000112356124e+00,1.000000000074881212e+00
1.000000000000000000e+00,1.000000000000000000e+00,9.999546021313913124e-01,9.999546021313913124e-01,0.000000000000000000e+00,1.000000041238047865e+00
9.999999587619536889e-01,9.999999587619536889e-01,9.999545608952171705e-01,9.999545608952171705e-01,1.000000000037474912e+00,0.000000000000000000e+00
0.000000000000000000e+00,2.202646579480671789e+04,9.999546021313913124e-01,9.999546021313910904e-01,9.999546021313913124e-01,1.000000041238047865e+00
2.202646579480671789e+04,0.000000000000000000e+00,9.999546021313913124e-01,9.999546021313910904e-01,9.999546021313913124e-01,1.000000041238047865e+00
2.202746579480465152e+04,2.202746579480465152e+04,0.000000000000000000e+00,9.999999999999997780e-01,1.000000000000000000e+00,1.000045441169588933e+00
2.202746579480465152e+04,2.202746579480465152e+04,1.000000000000000000e+00,0.000000000000000000e+00,1.000000000000000000e+00,1.000045441169588933e+00
2.202646488565286563e+04,2.202646488565286563e+04,9.999545608577440348e-01,9.999545608577438127e-01,0.000000000000000000e+00,9.999999999625251990e-01
2.202646488647830120e+04,2.202646488647830120e+04,9.999545608952171705e-01,9.999545608952169484e-01,9.999545608952171705e-01,0.000000000000000000e+00
0.000000000000000000e+00,1.000000000000000000e+00,4.539786870243863652e-05,4.539786870243863652e-05,4.539993163639068340e-05,9.990924958951478141e-01
1.000000000000000000e+00,0.000000000000000000e+00,4.539786870243863652e-05,4.539786870243863652e-05,4.539993163639068340e-05,9.990924958951478141e-01
2.202746579480465152e+04,2.202746579480465152e+04,0.000000000000000000e+00,9.999999999999997780e-01,1.000045441207065400e+00,2.200747577917637682e+04
2.202746579480465880e+04,2.202746579480465880e+04,1.000000000000000000e+00,0.000000000000000000e+00,1.000045441207065622e+00,2.200747577917638046e+04
2.202746579480465152e+04,2.202746579480465152e+04,9.999999999999997780e-01,9.999999999999997780e-01,0.000000000000000000e+00,2.200747577917637682e+04
2.202646488647830120e+04,2.202646488647830120e+04,9.999545608952169484e-01,9.999545608952169484e-01,1.000000000037474912e+00,0.000000000000000000e+00
0.000000000000000000e+00,4.539992976248484740e-05,4.539786870243863652e-05,4.539992976248484740e-05,4.539992789028121558e-05,9.990924958951478141e-01
1.000000000000000000e+00,0.000000000000000000e+00,4.539786870243863652e-05,4.539992976248484740e-05,4.539992789028121558e-05,9.990924958951478141e-01
2.202746579480465880e+04,1.000045399929669010e+00,0.000000000000000000e+00,1.000045399929669010e+00,1.000045358689767516e+00,2.200747577917638046e+04
2.202746579480465880e+04,1.000045399929669010e+00,1.000000000000000000e+00,0.000000000000000000e+00,1.000045358689767516e+00,2.200747577917638046e+04
2.202646488565286563e+04,9.999999587244788879e-01,9.999545608577438127e-01,9.999999587244788879e-01,0.000000000000000000e+00,2.200647577835374977e+04
1.000908328416618920e+00,4.544116780880061521e-05,4.543910487663499470e-05,4.544116780880061521e-05,4.544116593489640551e-05,0.000000000000000000e+00
0.000000000000000000e+00,1.000000000000000000e+00,4.539786870243863652e-05,4.539992976248484740e-05,9.990916719578841754e-01,4.539993163468933302e-05
1.000000000000000000e+00,0.000000000000000000e+00,9.999546021313910904e-01,1.000000000000000000e+00,2.200645853825658924e+04,1.000000041238047865e+00
1.000045399929669010e+00,2.202746579480465880e+04,0.000000000000000000e+00,1.000045399929669010e+00,2.200745762992648815e+04,1.000045441169589155e+00
1.000000000000000000e+00,2.202646579480671789e+04,9.999546021313910904e-01,0.000000000000000000e+00,2.200645853825658924e+04,1.000000041238047865e+00
1.000000041238030990e+00,2.202646670313479626e+04,9.999546433675499113e-01,1.000000041238030990e+00,0.000000000000000000e+00,1.000000082476080632e+00
4.544116780880061521e-05,1.000908328416618920e+00,4.543910487663499470e-05,4.544116780880061521e-05,9.999991753143308015e-01,0.000000000000000000e+00
0.000000000000000000e+00,2.202646579480671789e+04,9.999999999625253100e-01,9.999546021313910904e-01,1.000000041275522777e+00,9.999999587993773087e-01
1.000000000000000000e+00,0.000000000000000000e+00,4.539992976078349702e-05,4.539786870243863652e-05,4.539993163639068340e-05,4.539992789197947598e-05
2.202746579480465880e+04,2.202746579480465880e+04,0.000000000000000000e+00,1.000000000000000000e+00,1.000045441207065622e+00,1.000045358727175815e+00
2.202646579480671789e+04,2.202646579480671789e+04,9.999999999625253100e-01,0.000000000000000000e+00,1.000000041275522777e+00,9.999999587993773087e-01
1.000909153852054256e+00,1.000909153852054256e+00,4.544120528180850690e-05,4.543914234964451269e-05,0.000000000000000000e+00,4.544120341130545297e-05
2.202646488647830120e+04,2.202646488647830120e+04,9.999999587244789989e-01,9.999545608952169484e-01,1.000000000037474912e+00,0.000000000000000000e+00
0.000000000000000000e+00,1.000000000000000000e+00,4.539992976418620455e-05,4.539993163468778804e-05,4.539993163298953441e-05,4.539992789197947598e-05
1.000000000000000000e+00,0.000000000000000000e+00,4.539992976418620455e-05,4.539993163468778804e-05,4.539993163298953441e-05,4.539992789197947598e-05
2.202646579563215346e+04,2.202646579563215346e+04,0.000000000000000000e+00,1.000000041275488805e+00,1.000000041238082060e+00,9.999999588368519987e-01
2.202746579480465880e+04,2.202746579480465880e+04,1.000045399967145476e+00,0.000000000000000000e+00,1.000045441132146884e+00,1.000045358727175815e+00
2.202646488565286563e+04,2.202646488565286563e+04,9.999999587619536889e-01,9.999999999624912261e-01,0.000000000000000000e+00,9.999999175238578619e-01
2.202646670231085955e+04,2.202646670231085955e+04,1.000000041238099158e+00,1.000000082438640137e+00,1.000000082401233614e+00,0.000000000000000000e+00
0.000000000000000000e+00,1.000000000000000000e+00,4.539992976418310780e-05,4.539993163469088479e-05,4.539993163298953441e-05,9.990924958951478141e-01
1.000000000000000000e+00,0.000000000000000000e+00,4.539992976418310780e-05,4.539993163469088479e-05,4.539993163298953441e-05,9.990924958951478141e-01
2.202646579398127869e+04,2.202646579398127869e+04,0.000000000000000000e+00,1.000000041200607370e+00,1.000000041163132680e+00,2.200647668585785505e+04
2.202646488647905062e+04,2.202646488647905062e+04,9.999999587993944061e-01,0.000000000000000000e+00,9.999999999625934777e-01,2.200647577917918898e+04
2.202646488730298370e+04,2.202646488730298370e+04,9.999999588368009285e-01,1.000000000037474690e+00,0.000000000000000000e+00,2.200647578000237627e+04
2.202646670231085955e+04,2.202646670231085955e+04,1.000000041238030990e+00,1.000000082438708304e+00,1.000000082401233614e+00,0.000000000000000000e+00
0.000000000000000000e+00,1.000000000000000000e+00,4.539786870243863652e-05,4.539993163469087124e-05,4.539992789028121558e-05,4.539992789197947598e-05
4.539992976248484740e-05,0.000000000000000000e+00,4.539786870243863652e-05,4.539993163469087124e-05,4.539992789028121558e-05,4.539992789197947598e-05
9.999999999625933667e-01,2.202646579398278118e+04,0.000000000000000000e+00,1.000000041200675316e+00,9.999999587245640420e-01,9.999999587619706753e-01
9.999999587619194941e-01,2.202646488647754813e+04,9.999545608951827536e-01,0.000000000000000000e+00,9.999999175238920568e-01,9.999999175612985791e-01
9.999999587993942951e-01,2.202646488730298370e+04,9.999545609326557782e-01,1.000000000037474468e+00,0.000000000000000000e+00,9.999999175987732691e-01
4.544116780880061521e-05,1.000908328416618920e+00,4.543910487663499470e-05,4.544116968270721694e-05,4.544116593489640551e-05,0.000000000000000000e+00
0.000000000000000000e+00,2.202646579480671789e+04,9.999546021313913124e-01,9.999546021313910904e-01,1.000000041200607370e+00,2.200647668668254482e+04
4.539992976248484740e-05,0.000000000000000000e+00,4.539786870243865007e-05,4.539786870243863652e-05,4.539993163298953441e-05,9.990924958951478141e-01
1.000045399929669010e+00,2.202746579480465880e+04,0.000000000000000000e+00,1.000000000000000000e+00,1.000045441132146884e+00,2.200747577917638046e+04
9.999999587619197161e-01,2.202646488647755541e+04,9.999545608951831976e-01,0.000000000000000000e+00,9.999999999625255320e-01,2.200647577917769377e+04
1.000000041238030990e+00,2.202646670313479626e+04,9.999546433675501333e-01,9.999546433675499113e-01,0.000000000000000000e+00,2.200647759418631176e+04
1.000000041200624468e+00,2.202646670231085955e+04,9.999546433301452764e-01,9.999546433301450543e-01,1.000000082401233614e+00,0.000000000000000000e+00
0.000000000000000000e+00,2.202646579480671789e+04,9.999546021313913124e-01,1.000000000000000000e+00,9.999999587619707864e-01,9.999999587993773087e-01
4.539992976248484740e-05,0.000000000000000000e+00,4.539786870243865007e-05,4.539992976248484740e-05,4.539992789028121558e-05,4.539992789197947598e-05
1.000045399929668788e+00,2.202746579480465152e+04,0.000000000000000000e+00,1.000045399929668788e+00,1.000045358689767294e+00,1.000045358727175593e+00
1.000045399929669010e+00,2.202746579480465880e+04,1.000000000000000222e+00,0.000000000000000000e+00,1.000045358689767516e+00,1.000045358727175815e+00
9.999999587993942951e-01,2.202646488730298370e+04,9.999545609326560003e-01,9.999999587993942951e-01,0.000000000000000000e+00,9.999999175987732691e-01
4.544116780880061521e-05,1.000908328416618920e+00,4.543910487663500148e-05,4.544116780880061521e-05,4.544116593489640551e-05,0.000000000000000000e+00
0.000000000000000000e+00,1.000000000000000000e+00,9.999546021312976096e-01,1.000000000000000000e+00,1.000000041200607370e+00,9.999999587993773087e-01
4.539992976248484740e-05,0.000000000000000000e+00,4.539786870243439458e-05,4.539992976248484740e-05,4.539993163298953441e-05,4.539992789197947598e-05
1.000045399929668788e+00,1.000045399929668788e+00,0.000000000000000000e+00,1.000045399929668788e+00,1.000045441132146662e+00,1.000045358727175593e+00
1.000000000000000000e+00,1.000000000000000000e+00,9.999546021312976096e-01,0.000000000000000000e+00,1.000000041200607370e+00,9.999999587993773087e-01
1.000000041238030990e+00,1.000000041238030990e+00,9.999546433674564305e-01,1.000000041238030990e+00,0.000000000000000000e+00,1.000000000037406522e+00
1.000000041200624468e+00,1.000000041200624468e+00,9.999546433300515735e-01,1.000000041200624468e+00,1.000000082401233614e+00,0.000000000000000000e+00
0.000000000000000000e+00,2.202646579480671789e+04,9.999546021313913124e-01,1.000000000000000000e+00,9.999546021313913124e-01,1.000000041238047865e+00
2.202646579480671789e+04,0.000000000000000000e+00,9.999546021313913124e-01,1.000000000000000000e+00,9.999546021313913124e-01,1.000000041238047865e+00
2.202746579480671789e+04,2.202746579480671789e+04,0.000000000000000000e+00,1.000045399929762491e+00,1.000000000000093703e+00,1.000045441169682636e+00
2.202646579480671789e+04,2.202646579480671789e+04,9.999546021313913124e-01,0.000000000000000000e+00,9.999546021313913124e-01,1.000000041238047865e+00
2.202646488730298370e+04,2.202646488730298370e+04,9.999545609326560003e-01,9.999999587993942951e-01,0.000000000000000000e+00,1.000000000037440495e+00
2.202646670231085955e+04,2.202646670231085955e+04,9.999546433301452764e-01,1.000000041200624468e+00,9.999546433301452764e-01,0.000000000000000000e+00
0.000000000000000000e+00,4.539992976248484740e-05,4.539992789197948276e-05,4.539992976248484740e-05,4.539993163639068340e-05,4.539992789197947598e-05
4.539992976248484740e-05,0.000000000000000000e+00,4.539992789197948276e-05,4.539992976248484740e-05,4.539993163639068340e-05,4.539992789197947598e-05
1.000045399929668788e+00,1.000045399929668788e+00,0.000000000000000000e+00,1.000045399929668788e+00,1.000045441207065400e+00,1.000045358727175593e+00
1.000000000000000000e+00,1.000000000000000000e+00,9.999999587993775307e-01,0.000000000000000000e+00,1.000000041275522777e+00,9.999999587993773087e-01
1.000045399929668788e+00,1.000045399929668788e+00,1.000045358727175815e+00,1.000045399929668788e+00,0.000000000000000000e+00,1.000045358727175593e+00
9.999999587619536889e-01,9.999999587619536889e-01,9.999999175613329960e-01,9.999999587619536889e-01,1.000000000037474912e+00,0.000000000000000000e+00
0.000000000000000000e+00,1.000000000000000000e+00,9.999546021313913124e-01,1.000000041200607370e+00,1.000000041200607370e+00,9.999546021313913124e-01
1.000000000000000000e+00,0.000000000000000000e+00,9.999546021313913124e-01,1.000000041200607370e+00,1.000000041200607370e+00,9.999546021313913124e-01
1.000000041200624246e+00,1.000000041200624246e+00,0.000000000000000000e+00,1.000000082401233392e+00,1.000000082401233392e+00,9.999546433301450543e-01
1.000000000000000000e+00,1.000000000000000000e+00,9.999546021313913124e-01,0.000000000000000000e+00,1.000000041200607370e+00,9.999546021313913124e-01
9.999999587244788879e-01,9.999999587244788879e-01,9.999545608577440348e-01,9.999999999250845928e-01,0.000000000000000000e+00,9.999545608577440348e-01
1.000000041200624468e+00,1.000000041200624468e+00,9.999546433301452764e-01,1.000000082401233614e+00,1.000000082401233614e+00,0.000000000000000000e+00
0.000000000000000000e+00,2.202646579480671789e+04,9.999546021313913124e-01,9.999546021313910904e-01,1.000000000000000000e+00,1.000000041238047865e+00
2.202646579480671789e+04,0.000000000000000000e+00,9.999546021313913124e-01,9.999546021313910904e-01,1.000000000000000000e+00,1.000000041238047865e+00
2.202746579480465152e+04,2.202746579480465152e+04,0.000000000000000000e+00,9.999999999999997780e-01,1.000045399929668788e+00,1.000045441169588933e+00
2.202646488730298370e+04,2.202646488730298370e+04,9.999545609326560003e-01,0.000000000000000000e+00,9.999999587993942951e-01,1.000000000037440495e+00
2.202646488730298370e+04,2.202646488730298370e+04,9.999545609326560003e-01,9.999545609326557782e-01,0.000000000000000000e+00,1.000000000037440495e+00
2.202746579480465152e+04,2.202746579480465152e+04,1.000000000000000000e+00,9.999999999999997780e-01,1.000045399929668788e+00,0.000000000000000000e+00
0.000000000000000000e+00,1.000000000000000000e+00,4.539992976248484740e-05,4.539786870243863652e-05,4.539993163639068340e-05,4.539992789197947598e-05
1.000000000000000000e+00,0.000000000000000000e+00,4.539992976248484740e-05,4.539786870243863652e-05,4.539993163639068340e-05,4.539992789197947598e-05
2.202746579480465152e+04,2.202746579480465152e+04,0.000000000000000000e+00,9.999999999999997780e-01,1.000045441207065400e+00,1.000045358727175593e+00
2.202746579480465880e+04,2.202746579480465880e+04,1.000045399929669010e+00,0.000000000000000000e+00,1.000045441207065622e+00,1.000045358727175815e+00
2.202646579480671789e+04,2.202646579480671789e+04,1.000000000000000000e+00,9.999546021313910904e-01,0.000000000000000000e+00,9.999999587993773087e-01
2.202646488647830120e+04,2.202646488647830120e+04,9.999999587619536889e-01,9.999545608952169484e-01,1.000000000037474912e+00,0.000000000000000000e+00
0.000000000000000000e+00,4.539992976248484740e-05,4.539992976418620455e-05,4.539993163468933302e-05,4.539786870243865007e-05,4.539992789197947598e-05
1.000000000000000000e+00,0.000000000000000000e+00,4.539992976418620455e-05,4.539993163468933302e-05,4.539786870243865007e-05,4.539992789197947598e-05
2.202646579480671789e+04,1.000000000000000000e+00,0.000000000000000000e+00,1.000000041238047865e+00,9.999546021313913124e-01,9.999999587993773087e-01
2.202746579480465880e+04,1.000045399929669010e+00,1.000045399967145476e+00,0.000000000000000000e+00,1.000000000000000222e+00,1.000045358727175815e+00
2.202646488565286563e+04,9.999999587244788879e-01,9.999999587619536889e-01,9.999999999625251990e-01,0.000000000000000000e+00,9.999999175238578619e-01
2.202646670231085955e+04,1.000000041200624468e+00,1.000000041238099158e+00,1.000000082438674109e+00,9.999546433301452764e-01,0.000000000000000000e+00
0.000000000000000000e+00,4.539992976248484740e-05,4.539992789197948276e-05,4.539786870243865007e-05,4.539993163298953441e-05,4.539786870243865007e-05
2.202646579480671789e+04,0.000000000000000000e+00,9.999999587993775307e-01,9.999546021313913124e-01,1.000000041200607370e+00,9.999546021313913124e-01
2.202646579398127869e+04,9.999999999625251990e-01,0.000000000000000000e+00,9.999546020939181767e-01,1.000000041163132680e+00,9.999546020939181767e-01
2.202646488647830120e+04,9.999999587619536889e-01,9.999999175613329960e-01,0.000000000000000000e+00,9.999999999625595049e-01,9.999545608952171705e-01
2.202746579480465152e+04,1.000045399929668788e+00,1.000045358727175815e+00,1.000000000000000000e+00,0.000000000000000000e+00,1.000000000000000000e+00
2.202646670231085955e+04,1.000000041200624468e+00,1.000000000000000222e+00,9.999546433301452764e-01,1.000000082401233614e+00,0.000000000000000000e+00
0.000000000000000000e+00,4.539992976248484740e-05,4.539992976418310780e-05,4.539786870243865007e-05,4.539992976248484740e-05,4.539993163468933302e-05
2.202646579480671789e+04,0.000000000000000000e+00,1.000000000037406744e+00,9.999546021313913124e-01,1.000000000000000000e+00,1.000000041238047865e+00
2.202646670231085591e+04,1.000000041200624246e+00,0.000000000000000000e+00,9.999546433301450543e-01,1.000000041200624246e+00,1.000000082438673887e+00
2.202746579480465152e+04,1.000045399929668788e+00,1.000045399967077087e+00,0.000000000000000000e+00,1.000045399929668788e+00,1.000045441169588933e+00
2.202646488730298370e+04,9.999999587993942951e-01,9.999999588368009285e-01,9.999545609326560003e-01,0.000000000000000000e+00,1.000000000037440495e+00
2.202746579480465152e+04,1.000045399929668788e+00,1.000045399967077087e+00,1.000000000000000000e+00,1.000045399929668788e+00,0.000000000000000000e+00
0.000000000000000000e+00,4.539992976248484740e-05,4.539992976248484740e-05,4.539993163469087124e-05,4.539786870243865007e-05,4.539993163468933302e-05
1.000000000000000000e+00,0.000000000000000000e+00,1.000000000000000000e+00,1.000000041238081838e+00,9.999546021313913124e-01,1.000000041238047865e+00
9.999999999625933667e-01,9.999999999625933667e-01,0.000000000000000000e+00,1.000000041200675316e+00,9.999546020939863444e-01,1.000000041200641343e+00
1.000045399929668788e+00,1.000045399929668788e+00,1.000045399929668788e+00,0.000000000000000000e+00,1.000000000000000000e+00,1.000045441169588933e+00
1.000000000000000000e+00,1.000000000000000000e+00,1.000000000000000000e+00,1.000000041238081838e+00,0.000000000000000000e+00,1.000000041238047865e+00
9.999999587619536889e-01,9.999999587619536889e-01,9.999999587619536889e-01,1.000000000000033973e+00,9.999545608952171705e-01,0.000000000000000000e+00
0.000000000000000000e+00,2.202646579480671789e+04,9.999546021313913124e-01,9.999546021313913124e-01,1.000000041275522777e+00,1.000000041238047865e+00
1.000000000000000000e+00,0.000000000000000000e+00,9.999546021313913124e-01,9.999546021313913124e-01,1.000000041275522777e+00,1.000000041238047865e+00
1.000000000000000000e+00,2.202646579480671789e+04,0.000000000000000000e+00,9.999546021313913124e-01,1.000000041275522777e+00,1.000000041238047865e+00
9.999999587619197161e-01,2.202646488647755541e+04,9.999545608951831976e-01,0.000000000000000000e+00,1.000000000037440939e+00,9.999999999999660272e-01
1.000045399929668788e+00,2.202746579480465152e+04,1.000000000000000000e+00,1.000000000000000000e+00,0.000000000000000000e+00,1.000045441169588933e+00
9.999999587619536889e-01,2.202646488647830120e+04,9.999545608952171705e-01,9.999545608952171705e-01,1.000000000037474912e+00,0.000000000000000000e+00
0.000000000000000000e+00,1.000000000000000000e+00,9.999546021313913124e-01,1.000000000000000000e+00,1.000000041275522777e+00,2.200647668668254482e+04
1.000000000000000000e+00,0.000000000000000000e+00,4.539786870243865007e-05,4.539992976248484740e-05,4.539993163639068340e-05,9.990924958951478141e-01
2.202746579480465152e+04,1.000045399929668788e+00,0.000000000000000000e+00,1.000045399929668788e+00,1.000045441207065400e+00,2.200747577917637682e+04
2.202746579480465152e+04,1.000045399929668788e+00,1.000000000000000000e+00,0.000000000000000000e+00,1.000045441207065400e+00,2.200747577917637682e+04
2.202646488565286563e+04,9.999999587244788879e-01,9.999545608577440348e-01,9.999999587244788879e-01,0.000000000000000000e+00,2.200647577835374977e+04
2.202646488647830120e+04,9.999999587619536889e-01,9.999545608952171705e-01,9.999999587619536889e-01,1.000000000037474912e+00,0.000000000000000000e+00
0.000000000000000000e+00,1.000000000000000000e+00,4.539992976418620455e-05,4.539992976248484740e-05,9.990916719578841754e-01,4.539786870243865007e-05
2.202646579480671789e+04,0.000000000000000000e+00,1.000000000037474912e+00,1.000000000000000000e+00,2.200645853825658924e+04,9.999546021313913124e-01
2.202746579480465152e+04,2.202746579480465152e+04,0.000000000000000000e+00,1.000045399929668788e+00,2.200745762992648451e+04,1.000000000000000000e+00
2.202646579480671789e+04,2.202646579480671789e+04,1.000000000037474912e+00,0.000000000000000000e+00,2.200645853825658924e+04,9.999546021313913124e-01
2.202646488565286563e+04,2.202646488565286563e+04,9.999999587619536889e-01,9.999999587244788879e-01,0.000000000000000000e+00,9.999545608577440348e-01
1.000908328416618920e+00,1.000908328416618920e+00,4.544116781050351058e-05,4.544116780880061521e-05,9.999991753143308015e-01,0.000000000000000000e+00
0.000000000000000000e+00,4.539992976248484740e-05,9.981849914538160062e-01,4.539993163469088479e-05,4.539786870243863652e-05,9.990924958951478141e-01
4.539992976248484740e-05,0.000000000000000000e+00,9.981849914538160062e-01,4.539993163469088479e-05,4.539786870243863652e-05,9.990924958951478141e-01
9.999999999625251990e-01,9.999999999625251990e-01,0.000000000000000000e+00,1.000000041200607370e+00,9.999546020939179547e-01,2.200647668585785505e+04
1.000000000000000000e+00,1.000000000000000000e+00,2.198648757114691398e+04,0.000000000000000000e+00,9.999546021313910904e-01,2.200647668668254482e+04
4.544120528351140226e-05,4.544120528351140226e-05,9.990924951838588974e-01,4.544120715741956253e-05,0.000000000000000000e+00,1.000000824686349432e+00
1.000045399929668788e+00,1.000045399929668788e+00,2.198748575613630601e+04,1.000045441169623128e+00,9.999999999999997780e-01,0.000000000000000000e+00
0.000000000000000000e+00,1.000000000000000000e+00,9.999546021313913124e-01,2.200644035683946640e+04,9.999999587619707864e-01,9.999546021313913124e-01
2.202646579480671789e+04,0.000000000000000000e+00,9.999546021313913124e-01,2.200644035683946640e+04,9.999999587619707864e-01,9.999546021313913124e-01
1.001818308792181478e+00,4.548248085393639684e-05,0.000000000000000000e+00,1.000907502193244314e+00,4.548247897832851928e-05,4.548041604624659240e-05
2.202646488647754813e+04,9.999999587619194941e-01,9.999545608951829756e-01,0.000000000000000000e+00,9.999999175238920568e-01,9.999545608951829756e-01
2.202746579480465880e+04,1.000045399929669010e+00,1.000000000000000222e+00,2.200743944768392976e+04,0.000000000000000000e+00,1.000000000000000222e+00
1.000908328416618920e+00,4.544116780880061521e-05,4.543910487663500148e-05,9.999983491295042493e-01,4.544116593489640551e-05,0.000000000000000000e+00
0.000000000000000000e+00,1.000000000000000000e+00,4.539786870243863652e-05,4.539992976248484740e-05,4.539992976248484740e-05,4.539993163468933302e-05
1.000000000000000000e+00,0.000000000000000000e+00,9.999546021313910904e-01,1.000000000000000000e+00,1.000000000000000000e+00,1.000000041238047865e+00
1.000045399929668788e+00,2.202746579480465152e+04,0.000000000000000000e+00,1.000045399929668788e+00,1.000045399929668788e+00,1.000045441169588933e+00
4.544124282640768427e-05,1.000909980789375098e+00,4.543917989083642888e-05,0.000000000000000000e+00,4.544124282640768427e-05,4.544124470031583776e-05
1.000000041238030990e+00,2.202646670313479626e+04,9.999546433675499113e-01,1.000000041238030990e+00,0.000000000000000000e+00,1.000000082476080632e+00
1.000045399929668788e+00,2.202746579480465152e+04,9.999999999999997780e-01,1.000045399929668788e+00,1.000045399929668788e+00,0.000000000000000000e+00
0.000000000000000000e+00,1.000000000000000000e+00,9.999546021313913124e-01,9.999546021313910904e-01,1.000000041275522777e+00,2.200647668668254482e+04
1.000000000000000000e+00,0.000000000000000000e+00,4.539786870243865007e-05,4.539786870243863652e-05,4.539993163639068340e-05,9.990924958951478141e-01
2.202746579480465880e+04,1.000045399929669010e+00,0.000000000000000000e+00,1.000000000000000000e+00,1.000045441207065622e+00,2.200747577917638046e+04
2.202646579480671789e+04,1.000000000000000000e+00,9.999546021313913124e-01,0.000000000000000000e+00,1.000000041275522777e+00,2.200647668668254482e+04
2.202646579480671789e+04,1.000000000000000000e+00,9.999546021313913124e-01,9.999546021313910904e-01,0.000000000000000000e+00,2.200647668668254482e+04
2.202646488647830120e+04,9.999999587619536889e-01,9.999545608952171705e-01,9.999545608952169484e-01,1.000000000037474912e+00,0.000000000000000000e+00
0.000000000000000000e+00,1.000000000000000000e+00,4.539992976418620455e-05,4.539992976248484740e-05,9.990916719578841754e-01,4.539786870243865007e-05
1.000000000000000000e+00,0.000000000000000000e+00,1.000000000037474912e+00,1.000000000000000000e+00,2.200645853825658924e+04,9.999546021313913124e-01
1.000045399929668788e+00,2.202746579480465152e+04,0.000000000000000000e+00,1.000045399929668788e+00,2.200745762992648451e+04,1.000000000000000000e+00
1.000045399929669010e+00,2.202746579480465880e+04,1.000045399967145476e+00,0.000000000000000000e+00,2.200745762992648815e+04,1.000000000000000222e+00
9.999999587244788879e-01,2.202646488565286563e+04,9.999999587619536889e-01,9.999999587244788879e-01,0.000000000000000000e+00,9.999545608577440348e-01
4.544116780880061521e-05,1.000908328416618920e+00,4.544116781050351058e-05,4.544116780880061521e-05,9.999991753143308015e-01,0.000000000000000000e+00
0.000000000000000000e+00,2.202646579480671789e+04,9.999999999625253100e-01,1.000000041238082060e+00,1.000000000000000000e+00,9.999999587993773087e-01
1.000000000000000000e+00,0.000000000000000000e+00,4.539992976078349702e-05,4.539993163469088479e-05,4.539992976248484740e-05,4.539992789197947598e-05
2.202646579398127869e+04,2.202646579398127869e+04,0.000000000000000000e+00,1.000000041200607370e+00,9.999999999625251990e-01,9.999999587619025077e-01
2.202646579480671789e+04,2.202646579480671789e+04,9.999999999625253100e-01,0.000000000000000000e+00,1.000000000000000000e+00,9.999999587993773087e-01
1.000909153852054256e+00,1.000909153852054256e+00,4.544120528180850690e-05,4.544120715741956253e-05,0.000000000000000000e+00,4.544120341130545297e-05
2.202746579480465152e+04,2.202746579480465152e+04,1.000045399892192322e+00,1.000045441169623128e+00,1.000045399929668788e+00,0.000000000000000000e+00
0.000000000000000000e+00,4.539992976248484740e-05,4.539786870243863652e-05,4.539786870243865007e-05,4.539993163298953441e-05,9.990924958951478141e-01
4.539992976248484740e-05,0.000000000000000000e+00,4.539786870243863652e-05,4.539786870243865007e-05,4.539993163298953441e-05,9.990924958951478141e-01
1.000000000037474690e+00,1.000000000037474690e+00,0.000000000000000000e+00,9.999546021688643371e-01,1.000000041238082060e+00,2.200647668750723096e+04
9.999999587619194941e-01,9.999999587619194941e-01,9.999545608951827536e-01,0.000000000000000000e+00,9.999999999625253100e-01,2.200647577917768649e+04
1.000000000000000000e+00,1.000000000000000000e+00,9.999546021313910904e-01,9.999546021313913124e-01,0.000000000000000000e+00,2.200647668668254482e+04
1.000000041200624468e+00,1.000000041200624468e+00,9.999546433301450543e-01,9.999546433301452764e-01,1.000000082401233614e+00,0.000000000000000000e+00
0.000000000000000000e+00,2.202646579480671789e+04,9.999546021312976096e-01,1.000000000000000000e+00,2.200645853825658924e+04,9.999546021313913124e-01
2.202646579480671789e+04,0.000000000000000000e+00,9.999546021312976096e-01,1.000000000000000000e+00,2.200645853825658924e+04,9.999546021313913124e-01
2.202746579480465880e+04,2.202746579480465880e+04,0.000000000000000000e+00,1.000045399929669010e+00,2.200745762992648815e+04,1.000000000000000222e+00
2.202746579480465152e+04,2.202746579480465152e+04,9.999999999999062972e-01,0.000000000000000000e+00,2.200745762992648451e+04,1.000000000000000000e+00
2.202646488730298370e+04,2.202646488730298370e+04,9.999545609325622975e-01,9.999999587993942951e-01,0.000000000000000000e+00,9.999545609326560003e-01
1.000908328416618920e+00,1.000908328416618920e+00,4.543910487663074598e-05,4.544116780880061521e-05,9.999991753143308015e-01,0.000000000000000000e+00
0.000000000000000000e+00,4.539992976248484740e-05,9.981849914538160062e-01,4.539992976248484740e-05,4.539992976248484740e-05,9.990924958951478141e-01
4.539992976248484740e-05,0.000000000000000000e+00,9.981849914538160062e-01,4.539992976248484740e-05,4.539992976248484740e-05,9.990924958951478141e-01
1.000045399929762491e+00,1.000045399929762491e+00,0.000000000000000000e+00,1.000045399929762491e+00,1.000045399929762491e+00,2.200747577917843955e+04
1.000000000000000000e+00,1.000000000000000000e+00,2.198648757114691398e+04,0.000000000000000000e+00,1.000000000000000000e+00,2.200647668668254482e+04
4.544120528351140226e-05,4.544120528351140226e-05,9.990924951838588974e-01,4.544120528351140226e-05,0.000000000000000000e+00,1.000000824686349432e+00
1.000045399929668788e+00,1.000045399929668788e+00,2.198748575613630601e+04,1.000045399929668788e+00,1.000045399929668788e+00,0.000000000000000000e+00
0.000000000000000000e+00,1.000000000000000000e+00,9.999546021313913124e-01,2.200644035683946640e+04,2.200645853825658924e+04,9.999546021313913124e-01
2.202646579480671789e+04,0.000000000000000000e+00,9.999546021313913124e-01,2.200644035683946640e+04,2.200645853825658924e+04,9.999546021313913124e-01
1.001818308792181478e+00,4.548248085393639684e-05,0.000000000000000000e+00,1.000907502193244314e+00,1.000908329129200469e+00,4.548041604624659240e-05
2.202646579480671789e+04,1.000000000000000000e+00,9.999546021313913124e-01,0.000000000000000000e+00,2.200645853825658924e+04,9.999546021313913124e-01
2.202646579480671789e+04,1.000000000000000000e+00,9.999546021313913124e-01,2.200644035683946640e+04,0.000000000000000000e+00,9.999546021313913124e-01
1.000908328416618920e+00,4.544116780880061521e-05,4.543910487663500148e-05,9.999983491295042493e-01,9.999991753143308015e-01,0.000000000000000000e+00
0.000000000000000000e+00,1.000000000000000000e+00,4.539992602147341339e-05,4.539992976248484740e-05,4.539786870243863652e-05,4.539993163468933302e-05
2.202646579480671789e+04,0.000000000000000000e+00,9.999999175987396294e-01,1.000000000000000000e+00,9.999546021313910904e-01,1.000000041238047865e+00
2.202746579480465152e+04,2.202746579480465152e+04,0.000000000000000000e+00,1.000045399929668788e+00,9.999999999999997780e-01,1.000045441169588933e+00
1.000909980789375098e+00,1.000909980789375098e+00,4.544123908199200452e-05,0.000000000000000000e+00,4.543917989083642888e-05,4.544124470031583776e-05
1.000909153852054256e+00,1.000909153852054256e+00,4.544120153909881249e-05,4.544120528351140226e-05,0.000000000000000000e+00,4.544120715741800399e-05
2.202746579480465152e+04,2.202746579480465152e+04,1.000045317524667299e+00,1.000045399929668788e+00,9.999999999999997780e-01,0.000000000000000000e+00
0.000000000000000000e+00,1.000000000000000000e+00,4.539992789197948276e-05,4.539993163128972224e-05,4.539993163639068340e-05,9.990924958951478141e-01
4.539992976248484740e-05,0.000000000000000000e+00,4.539992789197948276e-05,4.539993163128972224e-05,4.539993163639068340e-05,9.990924958951478141e-01
1.000000082401267143e+00,2.202646760981541229e+04,0.000000000000000000e+00,1.000000123564437349e+00,1.000000123676793473e+00,2.200647850004410793e+04
1.000000000000000000e+00,2.202646579480671789e+04,9.999999587993775307e-01,0.000000000000000000e+00,1.000000041275522777e+00,2.200647668668254482e+04
1.000045399929669010e+00,2.202746579480465880e+04,1.000045358727176037e+00,1.000045441094704390e+00,0.000000000000000000e+00,2.200747577917638046e+04
9.999999587619536889e-01,2.202646488647830120e+04,9.999999175613329960e-01,9.999999999251186766e-01,1.000000000037474912e+00,0.000000000000000000e+00
0.000000000000000000e+00,2.202646579480671789e+04,9.999546021313913124e-01,9.999546021313913124e-01,2.200645853825658924e+04,2.200647668668254482e+04
4.539992976248484740e-05,0.000000000000000000e+00,4.539786870243865007e-05,4.539786870243865007e-05,9.990916719578841754e-01,9.990924958951478141e-01
1.000000041200624246e+00,2.202646670231085591e+04,0.000000000000000000e+00,9.999546433301450543e-01,2.200645944493641582e+04,2.200647759336312083e+04
9.999999588368350123e-01,2.202646488812767348e+04,9.999545609700950521e-01,0.000000000000000000e+00,2.200645763240110682e+04,2.200647578082631298e+04
9.999999587244788879e-01,2.202646488565286563e+04,9.999545608577440348e-01,9.999545608577440348e-01,0.000000000000000000e+00,2.200647577835374977e+04
4.544116780880061521e-05,1.000908328416618920e+00,4.543910487663500148e-05,4.543910487663500148e-05,9.999991753143308015e-01,0.000000000000000000e+00
0.000000000000000000e+00,1.000000000000000000e+00,9.999546021313910904e-01,9.999546021313910904e-01,2.200645853825658924e+04,2.200647668668254482e+04
4.539992976248484740e-05,0.000000000000000000e+00,4.539786870243863652e-05,4.539786870243863652e-05,9.990916719578841754e-01,9.990924958951478141e-01
1.000045399929668788e+00,1.000045399929668788e+00,0.000000000000000000e+00,9.999999999999997780e-01,2.200745762992648451e+04,2.200747577917637682e+04
1.000045399929668788e+00,1.000045399929668788e+00,9.999999999999997780e-01,0.000000000000000000e+00,2.200745762992648451e+04,2.200747577917637682e+04
4.544120528351140226e-05,4.544120528351140226e-05,4.543914234964451269e-05,4.543914234964451269e-05,0.000000000000000000e+00,1.000000824686349432e+00
4.544116780880061521e-05,4.544116780880061521e-05,4.543910487663499470e-05,4.543910487663499470e-05,9.999991753143308015e-01,0.000000000000000000e+00
0.000000000000000000e+00,2.202646579480671789e+04,9.999546021313910904e-01,1.000000000000000000e+00,2.200645853825658924e+04,1.000000041238047865e+00
1.000000000000000000e+00,0.000000000000000000e+00,9.999546021313910904e-01,1.000000000000000000e+00,2.200645853825658924e+04,1.000000041238047865e+00
1.000045399929669010e+00,2.202746579480465880e+04,0.000000000000000000e+00,1.000045399929669010e+00,2.200745762992648815e+04,1.000045441169589155e+00
1.000045399929669010e+00,2.202746579480465880e+04,1.000000000000000000e+00,0.000000000000000000e+00,2.200745762992648815e+04,1.000045441169589155e+00
4.544120528351140226e-05,1.000909153852054256e+00,4.543914234964451269e-05,4.544120528351140226e-05,0.000000000000000000e+00,4.544120715741800399e-05
4.544116780880061521e-05,1.000908328416618920e+00,4.543910487663499470e-05,4.544116780880061521e-05,9.999991753143308015e-01,0.000000000000000000e+00
0.000000000000000000e+00,2.202646579480671789e+04,9.999999999625253100e-01,1.000000000000000000e+00,9.999546021313913124e-01,2.200647668668254482e+04
1.000000000000000000e+00,0.000000000000000000e+00,4.539992976078349702e-05,4.539992976248484740e-05,4.539786870243865007e-05,9.990924958951478141e-01
2.202746579480465880e+04,2.202746579480465880e+04,0.000000000000000000e+00,1.000045399929669010e+00,1.000000000000000222e+00,2.200747577917638046e+04
2.202646579480671789e+04,2.202646579480671789e+04,9.999999999625253100e-01,0.000000000000000000e+00,9.999546021313913124e-01,2.200647668668254482e+04
1.000909153852054256e+00,1.000909153852054256e+00,4.544120528180850690e-05,4.544120528351140226e-05,0.000000000000000000e+00,1.000000824686349432e+00
2.202646488647830120e+04,2.202646488647830120e+04,9.999999587244789989e-01,9.999999587619536889e-01,9.999545608952171705e-01,0.000000000000000000e+00
0.000000000000000000e+00,4.539992976248484740e-05,4.539992789197948276e-05,4.539786870243865007e-05,9.990916719578841754e-01,9.990924958951478141e-01
1.000000000000000000e+00,0.000000000000000000e+00,4.539992789197948276e-05,4.539786870243865007e-05,9.990916719578841754e-01,9.990924958951478141e-01
2.202646579563215346e+04,1.000000000037474690e+00,0.000000000000000000e+00,9.999546021688643371e-01,2.200645853908127538e+04,2.200647668750723096e+04
2.202646579480671789e+04,1.000000000000000000e+00,9.999999587993775307e-01,0.000000000000000000e+00,2.200645853825658924e+04,2.200647668668254482e+04
2.202746579480465152e+04,1.000045399929668788e+00,1.000045358727175815e+00,1.000000000000000000e+00,0.000000000000000000e+00,2.200747577917637682e+04
1.000908328416618920e+00,4.544116780880061521e-05,4.544116593659621090e-05,4.543910487663500148e-05,9.999991753143308015e-01,0.000000000000000000e+00
0.000000000000000000e+00,1.000000000000000000e+00,9.981849914538160062e-01,4.539993163298953441e-05,9.990916719578841754e-01,4.539993163468933302e-05
2.202646579480671789e+04,0.000000000000000000e+00,2.198648757114691398e+04,1.000000041200607370e+00,2.200645853825658924e+04,1.000000041238047865e+00
2.202646670231085591e+04,2.202646670231085591e+04,0.000000000000000000e+00,1.000000082401233392e+00,2.200645944493641582e+04,1.000000082438673887e+00
2.202746579480465152e+04,2.202746579480465152e+04,2.198748575613630601e+04,0.000000000000000000e+00,2.200745762992648451e+04,1.000045441169588933e+00
1.000909153852054256e+00,1.000909153852054256e+00,9.990924951838588974e-01,4.544120715571666039e-05,0.000000000000000000e+00,4.544120715741800399e-05
1.000908328416618920e+00,1.000908328416618920e+00,9.990916712465959248e-01,4.544116968100432835e-05,9.999991753143308015e-01,0.000000000000000000e+00
0.000000000000000000e+00,4.539992976248484740e-05,4.539992602147341339e-05,4.539992788857987198e-05,4.539993163639068340e-05,4.539992789197947598e-05
4.539992976248484740e-05,0.000000000000000000e+00,4.539992602147341339e-05,4.539992788857987198e-05,4.539993163639068340e-05,4.539992789197947598e-05
4.548248085393639684e-05,4.548248085393639684e-05,0.000000000000000000e+00,4.548247897662407893e-05,4.548248273124956857e-05,4.548247898002986289e-05
9.999999587993942951e-01,9.999999587993942951e-01,9.999998763981372552e-01,0.000000000000000000e+00,1.000000000074915407e+00,9.999999175987732691e-01
4.544120528351140226e-05,4.544120528351140226e-05,4.544120153909881249e-05,4.544120340790275221e-05,0.000000000000000000e+00,4.544120341130545297e-05
9.999999587619536889e-01,9.999999587619536889e-01,9.999998763606967600e-01,9.999999174864514506e-01,1.000000000037474912e+00,0.000000000000000000e+00
0.000000000000000000e+00,2.202646579480671789e+04,9.999546021313913124e-01,9.999546021313913124e-01,9.999546021313913124e-01,1.000000041238047865e+00
1.000000000000000000e+00,0.000000000000000000e+00,9.999546021313913124e-01,9.999546021313913124e-01,9.999546021313913124e-01,1.000000041238047865e+00
1.000000082401267143e+00,2.202646760981541229e+04,0.000000000000000000e+00,9.999546845289176700e-01,9.999546845289176700e-01,1.000000123639318561e+00
1.000000041275505680e+00,2.202646670396023183e+04,9.999546434050231580e-01,0.000000000000000000e+00,9.999546434050231580e-01,1.000000082513555322e+00
9.999999587244788879e-01,2.202646488565286563e+04,9.999545608577440348e-01,9.999545608577440348e-01,0.000000000000000000e+00,9.999999999625251990e-01
1.000000041200624468e+00,2.202646670231085955e+04,9.999546433301452764e-01,9.999546433301452764e-01,9.999546433301452764e-01,0.000000000000000000e+00
0.000000000000000000e+00,2.202646579480671789e+04,9.999546021313913124e-01,9.999546021313910904e-01,9.999546021313913124e-01,2.200647668668254482e+04
1.000000000000000000e+00,0.000000000000000000e+00,4.539786870243865007e-05,4.539786870243863652e-05,4.539786870243865007e-05,9.990924958951478141e-01
2.202746579480465152e+04,2.202746579480465152e+04,0.000000000000000000e+00,9.999999999999997780e-01,1.000000000000000000e+00,2.200747577917637682e+04
2.202746579480465152e+04,2.202746579480465152e+04,1.000000000000000000e+00,0.000000000000000000e+00,1.000000000000000000e+00,2.200747577917637682e+04
2.202746579480465152e+04,2.202746579480465152e+04,1.000000000000000000e+00,9.999999999999997780e-01,0.000000000000000000e+00,2.200747577917637682e+04
2.202646488647830120e+04,2.202646488647830120e+04,9.999545608952171705e-01,9.999545608952169484e-01,9.999545608952171705e-01,0.000000000000000000e+00
0.000000000000000000e+00,1.000000000000000000e+00,4.539992789197948276e-05,4.539786870243863652e-05,9.990916719578841754e-01,9.990924958951478141e-01
1.000000000000000000e+00,0.000000000000000000e+00,4.539992789197948276e-05,4.539786870243863652e-05,9.990916719578841754e-01,9.990924958951478141e-01
2.202746579480465152e+04,2.202746579480465152e+04,0.000000000000000000e+00,9.999999999999997780e-01,2.200745762992648451e+04,2.200747577917637682e+04
2.202746579480465880e+04,2.202746579480465880e+04,1.000045358727176037e+00,0.000000000000000000e+00,2.200745762992648815e+04,2.200747577917638046e+04
2.202746579480465152e+04,2.202746579480465152e+04,1.000045358727175815e+00,9.999999999999997780e-01,0.000000000000000000e+00,2.200747577917637682e+04
1.000908328416618920e+00,1.000908328416618920e+00,4.544116593659621090e-05,4.543910487663499470e-05,9.999991753143308015e-01,0.000000000000000000e+00
0.000000000000000000e+00,1.000000000000000000e+00,9.981849914538160062e-01,4.539786870243865007e-05,9.990916719578841754e-01,4.539992789197947598e-05
1.000000000000000000e+00,0.000000000000000000e+00,9.981849914538160062e-01,4.539786870243865007e-05,9.990916719578841754e-01,4.539992789197947598e-05
2.202646670231085591e+04,2.202646670231085591e+04,0.000000000000000000e+00,9.999546433301450543e-01,2.200645944493641582e+04,9.999999999999997780e-01
2.202746579480465880e+04,2.202746579480465880e+04,2.198748575613630965e+04,0.000000000000000000e+00,2.200745762992648815e+04,1.000045358727175815e+00
1.000909153852054256e+00,1.000909153852054256e+00,9.990924951838588974e-01,4.543914234964451947e-05,0.000000000000000000e+00,4.544120341130545297e-05
1.000908328416618920e+00,1.000908328416618920e+00,9.990916712465959248e-01,4.543910487663500148e-05,9.999991753143308015e-01,0.000000000000000000e+00
0.000000000000000000e+00,4.539992976248484740e-05,9.981849914538160062e-01,9.990908465228237612e-01,4.539786870243865007e-05,4.539992789197947598e-05
4.539992976248484740e-05,0.000000000000000000e+00,9.981849914538160062e-01,9.990908465228237612e-01,4.539786870243865007e-05,4.539992789197947598e-05
4.548248085393639684e-05,4.548248085393639684e-05,0.000000000000000000e+00,1.000907502193244314e+00,4.548041604624659240e-05,4.548247898002986289e-05
1.000045399929668788e+00,1.000045399929668788e+00,2.198748575613630601e+04,0.000000000000000000e+00,1.000000000000000000e+00,1.000045358727175593e+00
4.544120528351140226e-05,4.544120528351140226e-05,9.990924951838588974e-01,9.999991738144921039e-01,0.000000000000000000e+00,4.544120341130545297e-05
1.000000041200624468e+00,1.000000041200624468e+00,2.198648847700392798e+04,2.200644126351855084e+04,9.999546433301452764e-01,0.000000000000000000e+00
0.000000000000000000e+00,2.202646579480671789e+04,9.999546021313913124e-01,9.999999587244959853e-01,9.999546021313913124e-01,9.999546021313913124e-01
1.000000000000000000e+00,0.000000000000000000e+00,9.999546021313913124e-01,9.999999587244959853e-01,9.999546021313913124e-01,9.999546021313913124e-01
4.548248085393639684e-05,1.001818308792181478e+00,0.000000000000000000e+00,4.548247897662407893e-05,4.548041604624659240e-05,4.548041604624659240e-05
4.544124282640768427e-05,1.000909980789375098e+00,4.543917989083643566e-05,0.000000000000000000e+00,4.543917989083643566e-05,4.543917989083643566e-05
1.000045399929668788e+00,2.202746579480465152e+04,1.000000000000000000e+00,1.000045358652290828e+00,0.000000000000000000e+00,1.000000000000000000e+00
1.000000041200624468e+00,2.202646670231085955e+04,9.999546433301452764e-01,9.999999999251186766e-01,9.999546433301452764e-01,0.000000000000000000e+00
0.000000000000000000e+00,2.202646579480671789e+04,9.999546021313913124e-01,1.000000000000000000e+00,9.999546021313910904e-01,9.999999587993773087e-01
4.539992976248484740e-05,0.000000000000000000e+00,4.539786870243865007e-05,4.539992976248484740e-05,4.539786870243863652e-05,4.539992789197947598e-05
1.000045399929668788e+00,2.202746579480465152e+04,0.000000000000000000e+00,1.000045399929668788e+00,9.999999999999997780e-01,1.000045358727175593e+00
1.000000041275505680e+00,2.202646670396023183e+04,9.999546434050231580e-01,0.000000000000000000e+00,9.999546434050229360e-01,1.000000000074881212e+00
1.000045399929668788e+00,2.202746579480465152e+04,1.000000000000000000e+00,1.000045399929668788e+00,0.000000000000000000e+00,1.000045358727175593e+00
1.000045399929668788e+00,2.202746579480465152e+04,1.000000000000000000e+00,1.000045399929668788e+00,9.999999999999997780e-01,0.000000000000000000e+00
0.000000000000000000e+00,1.000000000000000000e+00,9.999546021313913124e-01,9.999546021313910904e-01,1.000000041200607370e+00,2.200647668668254482e+04
1.000000000000000000e+00,0.000000000000000000e+00,4.539786870243865007e-05,4.539786870243863652e-05,4.539993163298953441e-05,9.990924958951478141e-01
2.202746579480465152e+04,1.000045399929668788e+00,0.000000000000000000e+00,9.999999999999997780e-01,1.000045441132146662e+00,2.200747577917637682e+04
2.202646579480671789e+04,1.000000000000000000e+00,9.999546021313913124e-01,0.000000000000000000e+00,1.000000041200607370e+00,2.200647668668254482e+04
2.202746579480465880e+04,1.000045399929669010e+00,1.000000000000000222e+00,1.000000000000000000e+00,0.000000000000000000e+00,2.200747577917638046e+04
2.202646670231085955e+04,1.000000041200624468e+00,9.999546433301452764e-01,9.999546433301450543e-01,1.000000082401233614e+00,0.000000000000000000e+00
0.000000000000000000e+00,1.000000000000000000e+00,4.539786870243863652e-05,4.539992976248484740e-05,4.539992789028121558e-05,4.539786870243865007e-05
2.202646579480671789e+04,0.000000000000000000e+00,9.999546021313910904e-01,1.000000000000000000e+00,9.999999587619707864e-01,9.999546021313913124e-01
2.202746579480465152e+04,2.202746579480465152e+04,0.000000000000000000e+00,1.000045399929668788e+00,1.000045358689767294e+00,1.000000000000000000e+00
2.202746579480465880e+04,2.202746579480465880e+04,1.000000000000000000e+00,0.000000000000000000e+00,1.000045358689767516e+00,1.000000000000000222e+00
2.202646488730298370e+04,2.202646488730298370e+04,9.999545609326557782e-01,9.999999587993942951e-01,0.000000000000000000e+00,9.999545609326560003e-01
1.000908328416618920e+00,1.000908328416618920e+00,4.543910487663499470e-05,4.544116780880061521e-05,4.544116593489640551e-05,0.000000000000000000e+00
0.000000000000000000e+00,1.000000000000000000e+00,4.539992976078505556e-05,4.539992976248484740e-05,4.539786870243863652e-05,4.539992789197947598e-05
1.000000000000000000e+00,0.000000000000000000e+00,4.539992976078505556e-05,4.539992976248484740e-05,4.539786870243863652e-05,4.539992789197947598e-05
2.202746579480465880e+04,2.202746579480465880e+04,0.000000000000000000e+00,1.000045399929669010e+00,1.000000000000000000e+00,1.000045358727175815e+00
2.202646579480671789e+04,2.202646579480671789e+04,9.999999999625595049e-01,0.000000000000000000e+00,9.999546021313910904e-01,9.999999587993773087e-01
2.202646670313479626e+04,2.202646670313479626e+04,1.000000041200590495e+00,1.000000041238030990e+00,0.000000000000000000e+00,1.000000000037406522e+00
2.202746579480465152e+04,2.202746579480465152e+04,1.000045399892226516e+00,1.000045399929668788e+00,9.999999999999997780e-01,0.000000000000000000e+00
0.000000000000000000e+00,4.539992976248484740e-05,4.539992789197948276e-05,4.539993163468778804e-05,4.539786870243865007e-05,9.990924958951478141e-01
1.000000000000000000e+00,0.000000000000000000e+00,4.539992789197948276e-05,4.539993163468778804e-05,4.539786870243865007e-05,9.990924958951478141e-01
2.202646579563140040e+04,1.000000000037440495e+00,0.000000000000000000e+00,1.000000041275454610e+00,9.999546021688301423e-01,2.200647668750647790e+04
2.202646579480671789e+04,1.000000000000000000e+00,9.999999587993775307e-01,0.000000000000000000e+00,9.999546021313913124e-01,2.200647668668254482e+04
2.202746579480465880e+04,1.000045399929669010e+00,1.000045358727176037e+00,1.000045441169555183e+00,0.000000000000000000e+00,2.200747577917638046e+04
2.202646670231085955e+04,1.000000041200624468e+00,1.000000000000000222e+00,1.000000082438640137e+00,9.999546433301452764e-01,0.000000000000000000e+00
0.000000000000000000e+00,1.000000000000000000e+00,4.539992789197948276e-05,4.539786870243865007e-05,9.990916719578841754e-01,4.539993163468933302e-05
2.202646579480671789e+04,0.000000000000000000e+00,9.999999587993775307e-01,9.999546021313913124e-01,2.200645853825658924e+04,1.000000041238047865e+00
2.202646670231085591e+04,2.202646670231085591e+04,0.000000000000000000e+00,9.999546433301450543e-01,2.200645944493641582e+04,1.000000082438673887e+00
2.202646488647905062e+04,2.202646488647905062e+04,9.999999175613669689e-01,0.000000000000000000e+00,2.200645763075398281e+04,1.000000000000033973e+00
2.202746579480465152e+04,2.202746579480465152e+04,1.000045358727175815e+00,1.000000000000000000e+00,0.000000000000000000e+00,1.000045441169588933e+00
1.000908328416618920e+00,1.000908328416618920e+00,4.544116593659621090e-05,4.543910487663500148e-05,9.999991753143308015e-01,0.000000000000000000e+00
0.000000000000000000e+00,1.000000000000000000e+00,9.981849914538160062e-01,4.539993163298953441e-05,4.539993163639068340e-05,9.990924958951478141e-01
1.000000000000000000e+00,0.000000000000000000e+00,9.981849914538160062e-01,4.539993163298953441e-05,4.539993163639068340e-05,9.990924958951478141e-01
2.202646670231085591e+04,2.202646670231085591e+04,0.000000000000000000e+00,1.000000082401233392e+00,1.000000082476148577e+00,2.200647759336312083e+04
2.202746579480465152e+04,2.202746579480465152e+04,2.198748575613630601e+04,0.000000000000000000e+00,1.000045441207065400e+00,2.200747577917637682e+04
1.000909153852054256e+00,1.000909153852054256e+00,9.990924951838588974e-01,4.544120715571666039e-05,0.000000000000000000e+00,1.000000824686349432e+00
2.202646488647830120e+04,2.202646488647830120e+04,2.198648666446712014e+04,9.999999999625595049e-01,1.000000000037474912e+00,0.000000000000000000e+00
0.000000000000000000e+00,1.000000000000000000e+00,4.539786870243863652e-05,9.990908465228237612e-01,9.990916719578841754e-01,9.990924958951478141e-01
1.000000000000000000e+00,0.000000000000000000e+00,4.539786870243863652e-05,9.990908465228237612e-01,9.990916719578841754e-01,9.990924958951478141e-01
1.001818308792181478e+00,1.001818308792181478e+00,0.000000000000000000e+00,1.000907502193244314e+00,1.000908329129200469e+00,1.000909154564636472e+00
2.202646488730298370e+04,2.202646488730298370e+04,9.999545609326557782e-01,0.000000000000000000e+00,2.200645763157717010e+04,2.200647578000237627e+04
2.202646488565286563e+04,2.202646488565286563e+04,9.999545608577438127e-01,2.200643944851217384e+04,0.000000000000000000e+00,2.200647577835374977e+04
1.000908328416618920e+00,1.000908328416618920e+00,4.543910487663499470e-05,9.999983491295042493e-01,9.999991753143308015e-01,0.000000000000000000e+00
0.000000000000000000e+00,1.000000000000000000e+00,9.981849914538160062e-01,4.539992976248484740e-05,9.990916719578841754e-01,9.990924958951478141e-01
4.539992976248484740e-05,0.000000000000000000e+00,9.981849914538160062e-01,4.539992976248484740e-05,9.990916719578841754e-01,9.990924958951478141e-01
1.000045399929669010e+00,2.202746579480465880e+04,0.000000000000000000e+00,1.000045399929669010e+00,2.200745762992648815e+04,2.200747577917638046e+04
4.544124282640768427e-05,1.000909980789375098e+00,9.990933206202814443e-01,0.000000000000000000e+00,1.000000826186190572e+00,1.000001650873221237e+00
4.544120528351140226e-05,1.000909153852054256e+00,9.990924951838588974e-01,4.544120528351140226e-05,0.000000000000000000e+00,1.000000824686349432e+00
4.544116780880061521e-05,1.000908328416618920e+00,9.990916712465959248e-01,4.544116780880061521e-05,9.999991753143308015e-01,0.000000000000000000e+00
0.000000000000000000e+00,2.202646579480671789e+04,9.999999999625253100e-01,2.200644035683946640e+04,2.200645853825658924e+04,2.200647668668254482e+04
1.000000000000000000e+00,0.000000000000000000e+00,4.539992976078349702e-05,9.990908465228237612e-01,9.990916719578841754e-01,9.990924958951478141e-01
1.001818308792181478e+00,1.001818308792181478e+00,0.000000000000000000e+00,1.000907502193244314e+00,1.000908329129200469e+00,1.000909154564636472e+00
2.202646579480671789e+04,2.202646579480671789e+04,9.999999999625253100e-01,0.000000000000000000e+00,2.200645853825658924e+04,2.200647668668254482e+04
1.000909153852054256e+00,1.000909153852054256e+00,4.544120528180850690e-05,9.999991738144921039e-01,0.000000000000000000e+00,1.000000824686349432e+00
1.000908328416618920e+00,1.000908328416618920e+00,4.544116780709771985e-05,9.999983491295042493e-01,9.999991753143308015e-01,0.000000000000000000e+00
0.000000000000000000e+00,4.539992976248484740e-05,9.981849914538160062e-01,4.539993163468778804e-05,4.539992789028121558e-05,9.990924958951478141e-01
4.539992976248484740e-05,0.000000000000000000e+00,9.981849914538160062e-01,4.539993163468778804e-05,4.539992789028121558e-05,9.990924958951478141e-01
1.000000000037474690e+00,1.000000000037474690e+00,0.000000000000000000e+00,1.000000041275488805e+00,9.999999587994454764e-01,2.200647668750723096e+04
4.544124282640768427e-05,4.544124282640768427e-05,9.990933206202814443e-01,0.000000000000000000e+00,4.544124095250038459e-05,1.000001650873221237e+00
4.544120528351140226e-05,4.544120528351140226e-05,9.990924951838588974e-01,4.544120715741645900e-05,0.000000000000000000e+00,1.000000824686349432e+00
4.544116780880061521e-05,4.544116780880061521e-05,9.990916712465959248e-01,4.544116968270412696e-05,4.544116593489640551e-05,0.000000000000000000e+00
0.000000000000000000e+00,2.202646579480671789e+04,9.999546021313913124e-01,9.999999587244959853e-01,9.999999587619707864e-01,1.000000041238047865e+00
1.000000000000000000e+00,0.000000000000000000e+00,9.999546021313913124e-01,9.999999587244959853e-01,9.999999587619707864e-01,1.000000041238047865e+00
4.548248085393639684e-05,1.001818308792181478e+00,0.000000000000000000e+00,4.548247897662407893e-05,4.548247897832851928e-05,4.548248272954512144e-05
9.999999587619876618e-01,2.202646488647905062e+04,9.999545608952511433e-01,0.000000000000000000e+00,9.999999175239602245e-01,1.000000000000033973e+00
1.000000041238030990e+00,2.202646670313479626e+04,9.999546433675501333e-01,9.999999999625253100e-01,0.000000000000000000e+00,1.000000082476080632e+00
4.544116780880061521e-05,1.000908328416618920e+00,4.543910487663500148e-05,4.544116593319351015e-05,4.544116593489640551e-05,0.000000000000000000e+00
0.000000000000000000e+00,2.202646579480671789e+04,9.999546021313913124e-01,9.999546021313910904e-01,9.999546021313913124e-01,2.200647668668254482e+04
1.000000000000000000e+00,0.000000000000000000e+00,4.539786870243865007e-05,4.539786870243863652e-05,4.539786870243865007e-05,9.990924958951478141e-01
2.202746579480465152e+04,2.202746579480465152e+04,0.000000000000000000e+00,9.999999999999997780e-01,1.000000000000000000e+00,2.200747577917637682e+04
2.202646670396023183e+04,2.202646670396023183e+04,9.999546434050231580e-01,0.000000000000000000e+00,9.999546434050231580e-01,2.200647759501099790e+04
2.202646670313479626e+04,2.202646670313479626e+04,9.999546433675501333e-01,9.999546433675499113e-01,0.000000000000000000e+00,2.200647759418631176e+04
2.202646488647830120e+04,2.202646488647830120e+04,9.999545608952171705e-01,9.999545608952169484e-01,9.999545608952171705e-01,0.000000000000000000e+00
0.000000000000000000e+00,1.000000000000000000e+00,4.539992789197948276e-05,4.539786870243863652e-05,4.539992789028121558e-05,9.990924958951478141e-01
1.000000000000000000e+00,0.000000000000000000e+00,4.539992789197948276e-05,4.539786870243863652e-05,4.539992789028121558e-05,9.990924958951478141e-01
2.202746579480465152e+04,2.202746579480465152e+04,0.000000000000000000e+00,9.999999999999997780e-01,1.000045358689767294e+00,2.200747577917637682e+04
2.202746579480465880e+04,2.202746579480465880e+04,1.000045358727176037e+00,0.000000000000000000e+00,1.000045358689767516e+00,2.200747577917638046e+04
2.202746579480465152e+04,2.202746579480465152e+04,1.000045358727175815e+00,9.999999999999997780e-01,0.000000000000000000e+00,2.200747577917637682e+04
1.000908328416618920e+00,1.000908328416618920e+00,4.544116593659621090e-05,4.543910487663499470e-05,4.544116593489640551e-05,0.000000000000000000e+00
0.000000000000000000e+00,1.000000000000000000e+00,4.539992976078505556e-05,4.539993163298953441e-05,9.990916719578841754e-01,9.990924958951478141e-01
1.000000000000000000e+00,0.000000000000000000e+00,4.539992976078505556e-05,4.539993163298953441e-05,9.990916719578841754e-01,9.990924958951478141e-01
2.202646670231085591e+04,2.202646670231085591e+04,0.000000000000000000e+00,1.000000082401233392e+00,2.200645944493641582e+04,2.200647759336312083e+04
2.202746579480465880e+04,2.202746579480465880e+04,1.000045399892226738e+00,0.000000000000000000e+00,2.200745762992648815e+04,2.200747577917638046e+04
2.202646670313479626e+04,2.202646670313479626e+04,1.000000041200590495e+00,1.000000082438640137e+00,0.000000000000000000e+00,2.200647759418631176e+04
1.000908328416618920e+00,1.000908328416618920e+00,4.544116780709927161e-05,4.544116968100432835e-05,9.999991753143308015e-01,0.000000000000000000e+00
0.000000000000000000e+00,1.000000000000000000e+00,9.981849914538160062e-01,4.539786870243865007e-05,9.990916719578841754e-01,4.539992789197947598e-05
1.000000000000000000e+00,0.000000000000000000e+00,9.981849914538160062e-01,4.539786870243865007e-05,9.990916719578841754e-01,4.539992789197947598e-05
2.202646579563140040e+04,2.202646579563140040e+04,0.000000000000000000e+00,9.999546021688301423e-01,2.200645853908052231e+04,9.999999588368178038e-01
2.202646488730298370e+04,2.202646488730298370e+04,2.198648666529030743e+04,0.000000000000000000e+00,2.200645763157717010e+04,9.999999175987732691e-01
1.000909153852054256e+00,1.000909153852054256e+00,9.990924951838588974e-01,4.543914234964451947e-05,0.000000000000000000e+00,4.544120341130545297e-05
1.000908328416618920e+00,1.000908328416618920e+00,9.990916712465959248e-01,4.543910487663500148e-05,9.999991753143308015e-01,0.000000000000000000e+00
0.000000000000000000e+00,1.000000000000000000e+00,4.539992602147341339e-05,9.990908465228237612e-01,4.539993163298953441e-05,4.539992789197947598e-05
1.000000000000000000e+00,0.000000000000000000e+00,4.539992602147341339e-05,9.990908465228237612e-01,4.539993163298953441e-05,4.539992789197947598e-05
1.001818308792181478e+00,1.001818308792181478e+00,0.000000000000000000e+00,1.000907502193244314e+00,4.548248272784223285e-05,4.548247898002986289e-05
2.202746579480465152e+04,2.202746579480465152e+04,1.000045317524667299e+00,0.000000000000000000e+00,1.000045441132146662e+00,1.000045358727175593e+00
1.000909153852054256e+00,1.000909153852054256e+00,4.544120153909881249e-05,9.999991738144921039e-01,0.000000000000000000e+00,4.544120341130545297e-05
2.202646670231085955e+04,2.202646670231085955e+04,9.999999587993605443e-01,2.200644126351855084e+04,1.000000082401233614e+00,0.000000000000000000e+00
0.000000000000000000e+00,1.000000000000000000e+00,4.539786870243863652e-05,4.539993163128972224e-05,4.539993163298953441e-05,9.990924958951478141e-01
1.000000000000000000e+00,0.000000000000000000e+00,4.539786870243863652e-05,4.539993163128972224e-05,4.539993163298953441e-05,9.990924958951478141e-01
2.202646760981541229e+04,2.202646760981541229e+04,0.000000000000000000e+00,1.000000123564437349e+00,1.000000123601878066e+00,2.200647850004410793e+04
1.000909980789375098e+00,1.000909980789375098e+00,4.543917989083642888e-05,0.000000000000000000e+00,4.544124469861449416e-05,1.000001650873221237e+00
2.202646488730298370e+04,2.202646488730298370e+04,9.999545609326557782e-01,9.999999999625592828e-01,0.000000000000000000e+00,2.200647578000237627e+04
2.202646670231085955e+04,2.202646670231085955e+04,9.999546433301450543e-01,1.000000082363792675e+00,1.000000082401233614e+00,0.000000000000000000e+00
0.000000000000000000e+00,4.539992976248484740e-05,4.539786870243863652e-05,4.539992976248484740e-05,9.990916719578841754e-01,9.990924958951478141e-01
1.000000000000000000e+00,0.000000000000000000e+00,4.539786870243863652e-05,4.539992976248484740e-05,9.990916719578841754e-01,9.990924958951478141e-01
2.202746579480465880e+04,1.000045399929669010e+00,0.000000000000000000e+00,1.000045399929669010e+00,2.200745762992648815e+04,2.200747577917638046e+04
2.202646488812767348e+04,9.999999588368350123e-01,9.999545609700948301e-01,0.000000000000000000e+00,2.200645763240110682e+04,2.200647578082631298e+04
2.202646488730298370e+04,9.999999587993942951e-01,9.999545609326557782e-01,9.999999587993942951e-01,0.000000000000000000e+00,2.200647578000237627e+04
1.000908328416618920e+00,4.544116780880061521e-05,4.543910487663499470e-05,4.544116780880061521e-05,9.999991753143308015e-01,0.000000000000000000e+00
0.000000000000000000e+00,1.000000000000000000e+00,9.981849914538160062e-01,4.539992976248484740e-05,4.539992789028121558e-05,4.539786870243865007e-05
2.202646579480671789e+04,0.000000000000000000e+00,2.198648757114691398e+04,1.000000000000000000e+00,9.999999587619707864e-01,9.999546021313913124e-01
2.202746579480465880e+04,2.202746579480465880e+04,0.000000000000000000e+00,1.000045399929669010e+00,1.000045358689767516e+00,1.000000000000000222e+00
2.202646579480671789e+04,2.202646579480671789e+04,2.198648757114691398e+04,0.000000000000000000e+00,9.999999587619707864e-01,9.999546021313913124e-01
1.000909153852054256e+00,1.000909153852054256e+00,9.990924951838588974e-01,4.544120528351140226e-05,0.000000000000000000e+00,4.543914234964451947e-05
1.000908328416618920e+00,1.000908328416618920e+00,9.990916712465959248e-01,4.544116780880061521e-05,4.544116593489640551e-05,0.000000000000000000e+00
0.000000000000000000e+00,1.000000000000000000e+00,4.539786870243863652e-05,9.990908465228237612e-01,4.539992976248484740e-05,4.539992789197947598e-05
1.000000000000000000e+00,0.000000000000000000e+00,4.539786870243863652e-05,9.990908465228237612e-01,4.539992976248484740e-05,4.539992789197947598e-05
1.001818308792181478e+00,1.001818308792181478e+00,0.000000000000000000e+00,1.000907502193244314e+00,4.548248085393639684e-05,4.548247898002986289e-05
2.202646579480671789e+04,2.202646579480671789e+04,9.999546021313910904e-01,0.000000000000000000e+00,1.000000000000000000e+00,9.999999587993773087e-01
2.202646670313479626e+04,2.202646670313479626e+04,9.999546433675499113e-01,2.200644126434173450e+04,0.000000000000000000e+00,1.000000000037406522e+00
2.202746579480465152e+04,2.202746579480465152e+04,9.999999999999997780e-01,2.200743944768392612e+04,1.000045399929668788e+00,0.000000000000000000e+00
0.000000000000000000e+00,1.000000000000000000e+00,4.539992976248484740e-05,4.539992976248484740e-05,4.539993163298953441e-05,4.539992789197947598e-05
1.000000000000000000e+00,0.000000000000000000e+00,4.539992976248484740e-05,4.539992976248484740e-05,4.539993163298953441e-05,4.539992789197947598e-05
2.202746579480465880e+04,2.202746579480465880e+04,0.000000000000000000e+00,1.000045399929669010e+00,1.000045441132146884e+00,1.000045358727175815e+00
1.000909980789375098e+00,1.000909980789375098e+00,4.544124282640768427e-05,0.000000000000000000e+00,4.544124469861449416e-05,4.544124095420018998e-05
2.202646579480671789e+04,2.202646579480671789e+04,1.000000000000000000e+00,1.000000000000000000e+00,0.000000000000000000e+00,9.999999587993773087e-01
2.202646670231085955e+04,2.202646670231085955e+04,1.000000041200624468e+00,1.000000041200624468e+00,1.000000082401233614e+00,0.000000000000000000e+00
0.000000000000000000e+00,1.000000000000000000e+00,4.539992976418310780e-05,4.539993163468933302e-05,4.539993163298953441e-05,9.990924958951478141e-01
1.000000000000000000e+00,0.000000000000000000e+00,4.539992976418310780e-05,4.539993163468933302e-05,4.539993163298953441e-05,9.990924958951478141e-01
2.202646579480671789e+04,2.202646579480671789e+04,0.000000000000000000e+00,1.000000041238047865e+00,1.000000041200607370e+00,2.200647668668254482e+04
2.202646579480671789e+04,2.202646579480671789e+04,1.000000000037406744e+00,0.000000000000000000e+00,1.000000041200607370e+00,2.200647668668254482e+04
2.202646488730298370e+04,2.202646488730298370e+04,9.999999588368009285e-01,1.000000000037440495e+00,0.000000000000000000e+00,2.200647578000237627e+04
2.202646670231085955e+04,2.202646670231085955e+04,1.000000041238030990e+00,1.000000082438674109e+00,1.000000082401233614e+00,0.000000000000000000e+00
0.000000000000000000e+00,4.539992976248484740e-05,4.539992976418310780e-05,4.539993163469087124e-05,4.539992789028121558e-05,4.539992789197947598e-05
1.000000000000000000e+00,0.000000000000000000e+00,4.539992976418310780e-05,4.539993163469087124e-05,4.539992789028121558e-05,4.539992789197947598e-05
2.202646579398278118e+04,9.999999999625933667e-01,0.000000000000000000e+00,1.000000041200675316e+00,9.999999587245640420e-01,9.999999587619706753e-01
2.202646488647830120e+04,9.999999587619536889e-01,9.999999587993604333e-01,0.000000000000000000e+00,9.999999175239262517e-01,9.999999175613327740e-01
2.202646488730298370e+04,9.999999587993942951e-01,9.999999588368009285e-01,1.000000000037474468e+00,0.000000000000000000e+00,9.999999175987732691e-01
1.000908328416618920e+00,4.544116780880061521e-05,4.544116781050041383e-05,4.544116968270721694e-05,4.544116593489640551e-05,0.000000000000000000e+00
0.000000000000000000e+00,1.000000000000000000e+00,4.539992976078505556e-05,4.539993163469087124e-05,4.539993163298953441e-05,4.539993163468933302e-05
1.000000000000000000e+00,0.000000000000000000e+00,9.999999999625595049e-01,1.000000041238081838e+00,1.000000041200607370e+00,1.000000041238047865e+00
9.999999999625933667e-01,2.202646579398278118e+04,0.000000000000000000e+00,1.000000041200675316e+00,1.000000041163200848e+00,1.000000041200641343e+00
9.999999587619197161e-01,2.202646488647755541e+04,9.999999587244792210e-01,0.000000000000000000e+00,9.999999999625255320e-01,9.999999999999660272e-01
1.000000041238030990e+00,2.202646670313479626e+04,1.000000041200590495e+00,1.000000082476114605e+00,0.000000000000000000e+00,1.000000082476080632e+00
1.000000041200624468e+00,2.202646670231085955e+04,1.000000041163183750e+00,1.000000082438708082e+00,1.000000082401233614e+00,0.000000000000000000e+00
0.000000000000000000e+00,2.202646579480671789e+04,9.999546021313913124e-01,1.000000041238013893e+00,1.000000041275522777e+00,2.200647668668254482e+04
4.539992976248484740e-05,0.000000000000000000e+00,4.539786870243865007e-05,4.539993163468778804e-05,4.539993163639068340e-05,9.990924958951478141e-01
1.000000000037440495e+00,2.202646579563140040e+04,0.000000000000000000e+00,1.000000041275454610e+00,1.000000041312963273e+00,2.200647668750647790e+04
9.999999587619197161e-01,2.202646488647755541e+04,9.999545608951831976e-01,0.000000000000000000e+00,1.000000000037440939e+00,2.200647577917769377e+04
9.999999587993942951e-01,2.202646488730298370e+04,9.999545609326560003e-01,1.000000000037406522e+00,0.000000000000000000e+00,2.200647578000237627e+04
9.999999587619536889e-01,2.202646488647830120e+04,9.999545608952171705e-01,9.999999999999660272e-01,1.000000000037474912e+00,0.000000000000000000e+00
0.000000000000000000e+00,2.202646579480671789e+04,9.999546021312976096e-01,9.999546021313910904e-01,2.200645853825658924e+04,2.200647668668254482e+04
1.000000000000000000e+00,0.000000000000000000e+00,4.539786870243439458e-05,4.539786870243863652e-05,9.990916719578841754e-01,9.990924958951478141e-01
2.202746579480465152e+04,2.202746579480465152e+04,0.000000000000000000e+00,9.999999999999997780e-01,2.200745762992648451e+04,2.200747577917637682e+04
2.202646488647905062e+04,2.202646488647905062e+04,9.999545608951574405e-01,0.000000000000000000e+00,2.200645763075398281e+04,2.200647577917918898e+04
2.202646488565286563e+04,2.202646488565286563e+04,9.999545608576503319e-01,9.999545608577438127e-01,0.000000000000000000e+00,2.200647577835374977e+04
1.000908328416618920e+00,1.000908328416618920e+00,4.543910487663074598e-05,4.543910487663499470e-05,9.999991753143308015e-01,0.000000000000000000e+00
0.000000000000000000e+00,4.539992976248484740e-05,9.981849914538160062e-01,4.539992976248484740e-05,9.990916719578841754e-01,4.539992789197947598e-05
1.000000000000000000e+00,0.000000000000000000e+00,9.981849914538160062e-01,4.539992976248484740e-05,9.990916719578841754e-01,4.539992789197947598e-05
2.202746579480671789e+04,1.000045399929762491e+00,0.000000000000000000e+00,1.000045399929762491e+00,2.200745762992854725e+04,1.000045358727269296e+00
2.202746579480465880e+04,1.000045399929669010e+00,2.198748575613630965e+04,0.000000000000000000e+00,2.200745762992648815e+04,1.000045358727175815e+00
1.000909153852054256e+00,4.544120528351140226e-05,9.990924951838588974e-01,4.544120528351140226e-05,0.000000000000000000e+00,4.544120341130545297e-05
1.000908328416618920e+00,4.544116780880061521e-05,9.990916712465959248e-01,4.544116780880061521e-05,9.999991753143308015e-01,0.000000000000000000e+00
0.000000000000000000e+00,1.000000000000000000e+00,4.539992602147341339e-05,4.539992788857987198e-05,4.539993163298953441e-05,4.539786870243865007e-05
2.202646579480671789e+04,0.000000000000000000e+00,9.999999175987396294e-01,9.999999587244959853e-01,1.000000041200607370e+00,9.999546021313913124e-01
1.001818308792181478e+00,1.001818308792181478e+00,0.000000000000000000e+00,4.548247897662407893e-05,4.548248272784223285e-05,4.548041604624659240e-05
2.202646579480671789e+04,2.202646579480671789e+04,9.999999175987396294e-01,0.000000000000000000e+00,1.000000041200607370e+00,9.999546021313913124e-01
1.000909153852054256e+00,1.000909153852054256e+00,4.544120153909881249e-05,4.544120340790275221e-05,0.000000000000000000e+00,4.543914234964451947e-05
2.202646670231085955e+04,2.202646670231085955e+04,9.999999587993605443e-01,9.999999999251186766e-01,1.000000082401233614e+00,0.000000000000000000e+00
0.000000000000000000e+00,1.000000000000000000e+00,4.539786870243863652e-05,4.539993163128972224e-05,4.539992976248484740e-05,9.990924958951478141e-01
1.000000000000000000e+00,0.000000000000000000e+00,4.539786870243863652e-05,4.539993163128972224e-05,4.539992976248484740e-05,9.990924958951478141e-01
2.202646760981541229e+04,2.202646760981541229e+04,0.000000000000000000e+00,1.000000123564437349e+00,1.000000082401267143e+00,2.200647850004410793e+04
2.202646670396023183e+04,2.202646670396023183e+04,9.999546434050229360e-01,0.000000000000000000e+00,1.000000041275505680e+00,2.200647759501099790e+04
2.202646488730298370e+04,2.202646488730298370e+04,9.999545609326557782e-01,9.999999999625592828e-01,0.000000000000000000e+00,2.200647578000237627e+04
2.202746579480465152e+04,2.202746579480465152e+04,9.999999999999997780e-01,1.000045441094704168e+00,1.000045399929668788e+00,0.000000000000000000e+00
0.000000000000000000e+00,1.000000000000000000e+00,4.539992976248484740e-05,4.539992976248484740e-05,9.990916719578841754e-01,9.990924958951478141e-01
1.000000000000000000e+00,0.000000000000000000e+00,4.539992976248484740e-05,4.539992976248484740e-05,9.990916719578841754e-01,9.990924958951478141e-01
2.202746579480465880e+04,2.202746579480465880e+04,0.000000000000000000e+00,1.000045399929669010e+00,2.200745762992648815e+04,2.200747577917638046e+04
2.202646488812767348e+04,2.202646488812767348e+04,9.999999588368350123e-01,0.000000000000000000e+00,2.200645763240110682e+04,2.200647578082631298e+04
2.202646579480671789e+04,2.202646579480671789e+04,1.000000000000000000e+00,1.000000000000000000e+00,0.000000000000000000e+00,2.200647668668254482e+04
1.000908328416618920e+00,1.000908328416618920e+00,4.544116780880061521e-05,4.544116780880061521e-05,9.999991753143308015e-01,0.000000000000000000e+00
0.000000000000000000e+00,1.000000000000000000e+00,4.539992602147341339e-05,4.539993163468933302e-05,9.990916719578841754e-01,9.990924958951478141e-01
1.000000000000000000e+00,0.000000000000000000e+00,4.539992602147341339e-05,4.539993163468933302e-05,9.990916719578841754e-01,9.990924958951478141e-01
2.202646579480671789e+04,2.202646579480671789e+04,0.000000000000000000e+00,1.000000041238047865e+00,2.200645853825658924e+04,2.200647668668254482e+04
2.202646579480671789e+04,2.202646579480671789e+04,9.999999175987396294e-01,0.000000000000000000e+00,2.200645853825658924e+04,2.200647668668254482e+04
1.000909153852054256e+00,1.000909153852054256e+00,4.544120153909881249e-05,4.544120715741800399e-05,0.000000000000000000e+00,1.000000824686349432e+00
1.000908328416618920e+00,1.000908328416618920e+00,4.544116406439110864e-05,4.544116968270567195e-05,9.999991753143308015e-01,0.000000000000000000e+00
0.000000000000000000e+00,4.539992976248484740e-05,9.981849914538160062e-01,4.539993163128972224e-05,9.990916719578841754e-01,9.990924958951478141e-01
4.539992976248484740e-05,0.000000000000000000e+00,9.981849914538160062e-01,4.539993163128972224e-05,9.990916719578841754e-01,9.990924958951478141e-01
1.000000082401267143e+00,1.000000082401267143e+00,0.000000000000000000e+00,1.000000123564437349e+00,2.200646035161666077e+04,2.200647850004410793e+04
9.999999587619536889e-01,9.999999587619536889e-01,2.198648666446712014e+04,0.000000000000000000e+00,2.200645763075323339e+04,2.200647577917843955e+04
4.544120528351140226e-05,4.544120528351140226e-05,9.990924951838588974e-01,4.544120715401531001e-05,0.000000000000000000e+00,1.000000824686349432e+00
4.544116780880061521e-05,4.544116780880061521e-05,9.990916712465959248e-01,4.544116967930297797e-05,9.999991753143308015e-01,0.000000000000000000e+00
0.000000000000000000e+00,2.202646579480671789e+04,9.999999999625253100e-01,2.200644035683946640e+04,2.200645853825658924e+04,9.999546021313913124e-01
1.000000000000000000e+00,0.000000000000000000e+00,9.999999999625253100e-01,2.200644035683946640e+04,2.200645853825658924e+04,9.999546021313913124e-01
4.548248085393639684e-05,1.001818308792181478e+00,0.000000000000000000e+00,1.000907502193244314e+00,1.000908329129200469e+00,4.548041604624659240e-05
9.999999588368350123e-01,2.202646488812767348e+04,9.999999587993603223e-01,0.000000000000000000e+00,2.200645763240110682e+04,9.999545609700950521e-01
4.544120528351140226e-05,1.000909153852054256e+00,4.544120528180850690e-05,9.999991738144921039e-01,0.000000000000000000e+00,4.543914234964451947e-05
4.544116780880061521e-05,1.000908328416618920e+00,4.544116780709771985e-05,9.999983491295042493e-01,9.999991753143308015e-01,0.000000000000000000e+00
0.000000000000000000e+00,2.202646579480671789e+04,9.999999999625253100e-01,9.999546021313913124e-01,9.999546021313910904e-01,9.999999587993773087e-01
1.000000000000000000e+00,0.000000000000000000e+00,4.539992976078349702e-05,4.539786870243865007e-05,4.539786870243863652e-05,4.539992789197947598e-05
2.202646579563215346e+04,2.202646579563215346e+04,0.000000000000000000e+00,9.999546021688643371e-01,9.999546021688641151e-01,9.999999588368519987e-01
1.000909980789375098e+00,1.000909980789375098e+00,4.544124282470478891e-05,0.000000000000000000e+00,4.543917989083642888e-05,4.544124095420018998e-05
1.000909153852054256e+00,1.000909153852054256e+00,4.544120528180850690e-05,4.543914234964451947e-05,0.000000000000000000e+00,4.544120341130545297e-05
2.202746579480465152e+04,2.202746579480465152e+04,1.000045399892192322e+00,1.000000000000000000e+00,9.999999999999997780e-01,0.000000000000000000e+00
0.000000000000000000e+00,1.000000000000000000e+00,4.539992789197948276e-05,4.539993163468778804e-05,4.539993163298953441e-05,4.539992789197947598e-05
1.000000000000000000e+00,0.000000000000000000e+00,4.539992789197948276e-05,4.539993163468778804e-05,4.539993163298953441e-05,4.539992789197947598e-05
2.202646579563215346e+04,2.202646579563215346e+04,0.000000000000000000e+00,1.000000041275488805e+00,1.000000041238082060e+00,9.999999588368519987e-01
2.202746579480465152e+04,2.202746579480465152e+04,1.000045358727175815e+00,0.000000000000000000e+00,1.000045441132146662e+00,1.000045358727175593e+00
2.202746579480465880e+04,2.202746579480465880e+04,1.000045358727176037e+00,1.000045441169555183e+00,0.000000000000000000e+00,1.000045358727175815e+00
2.202646670231085955e+04,2.202646670231085955e+04,1.000000000000000222e+00,1.000000082438640137e+00,1.000000082401233614e+00,0.000000000000000000e+00
0.000000000000000000e+00,1.000000000000000000e+00,4.539786870243863652e-05,4.539993163298953441e-05,4.539993163298953441e-05,4.539992789197947598e-05
4.539992976248484740e-05,0.000000000000000000e+00,4.539786870243863652e-05,4.539993163298953441e-05,4.539993163298953441e-05,4.539992789197947598e-05
1.000000041200624246e+00,2.202646670231085591e+04,0.000000000000000000e+00,1.000000082401233392e+00,1.000000082401233392e+00,9.999999999999997780e-01
9.999999587619876618e-01,2.202646488647905062e+04,9.999545608952509212e-01,0.000000000000000000e+00,9.999999999625934777e-01,9.999999175613667468e-01
9.999999587993942951e-01,2.202646488730298370e+04,9.999545609326557782e-01,1.000000000000000000e+00,0.000000000000000000e+00,9.999999175987732691e-01
1.000000041200624468e+00,2.202646670231085955e+04,9.999546433301450543e-01,1.000000082401233614e+00,1.000000082401233614e+00,0.000000000000000000e+00
0.000000000000000000e+00,2.202646579480671789e+04,9.999546021313913124e-01,9.999546021313910904e-01,1.000000041200607370e+00,2.200647668668254482e+04
1.000000000000000000e+00,0.000000000000000000e+00,4.539786870243865007e-05,4.539786870243863652e-05,4.539993163298953441e-05,9.990924958951478141e-01
2.202746579480465880e+04,2.202746579480465880e+04,0.000000000000000000e+00,1.000000000000000000e+00,1.000045441132146884e+00,2.200747577917638046e+04
2.202646488730298370e+04,2.202646488730298370e+04,9.999545609326560003e-01,0.000000000000000000e+00,1.000000000000000000e+00,2.200647578000237627e+04
2.202646488730298370e+04,2.202646488730298370e+04,9.999545609326560003e-01,9.999545609326557782e-01,0.000000000000000000e+00,2.200647578000237627e+04
2.202646670231085955e+04,2.202646670231085955e+04,9.999546433301452764e-01,9.999546433301450543e-01,1.000000082401233614e+00,0.000000000000000000e+00
0.000000000000000000e+00,1.000000000000000000e+00,4.539786870243863652e-05,4.539992976248484740e-05,4.539992789028121558e-05,9.990924958951478141e-01
1.000000000000000000e+00,0.000000000000000000e+00,4.539786870243863652e-05,4.539992976248484740e-05,4.539992789028121558e-05,9.990924958951478141e-01
2.202746579480465152e+04,2.202746579480465152e+04,0.000000000000000000e+00,1.000045399929668788e+00,1.000045358689767294e+00,2.200747577917637682e+04
2.202746579480465880e+04,2.202746579480465880e+04,1.000000000000000000e+00,0.000000000000000000e+00,1.000045358689767516e+00,2.200747577917638046e+04
2.202646488730298370e+04,2.202646488730298370e+04,9.999545609326557782e-01,9.999999587993942951e-01,0.000000000000000000e+00,2.200647578000237627e+04
1.000908328416618920e+00,1.000908328416618920e+00,4.543910487663499470e-05,4.544116780880061521e-05,4.544116593489640551e-05,0.000000000000000000e+00
0.000000000000000000e+00,4.539992976248484740e-05,4.539992976078505556e-05,4.539786870243863652e-05,9.990916719578841754e-01,9.990924958951478141e-01
4.539992976248484740e-05,0.000000000000000000e+00,4.539992976078505556e-05,4.539786870243863652e-05,9.990916719578841754e-01,9.990924958951478141e-01
1.000045399929669010e+00,1.000045399929669010e+00,0.000000000000000000e+00,1.000000000000000000e+00,2.200745762992648815e+04,2.200747577917638046e+04
1.000000000000000000e+00,1.000000000000000000e+00,9.999999999625595049e-01,0.000000000000000000e+00,2.200645853825658924e+04,2.200647668668254482e+04
1.000000041238030990e+00,1.000000041238030990e+00,1.000000041200590495e+00,9.999546433675499113e-01,0.000000000000000000e+00,2.200647759418631176e+04
4.544116780880061521e-05,4.544116780880061521e-05,4.544116780709927161e-05,4.543910487663499470e-05,9.999991753143308015e-01,0.000000000000000000e+00
0.000000000000000000e+00,2.202646579480671789e+04,9.999999999625253100e-01,1.000000041238013893e+00,2.200645853825658924e+04,1.000000041238047865e+00
2.202646579480671789e+04,0.000000000000000000e+00,9.999999999625253100e-01,1.000000041238013893e+00,2.200645853825658924e+04,1.000000041238047865e+00
2.202646579563140040e+04,2.202646579563140040e+04,0.000000000000000000e+00,1.000000041275454610e+00,2.200645853908052231e+04,1.000000041275488583e+00
2.202746579480465880e+04,2.202746579480465880e+04,1.000045399892192544e+00,0.000000000000000000e+00,2.200745762992648815e+04,1.000045441169589155e+00
1.000909153852054256e+00,1.000909153852054256e+00,4.544120528180850690e-05,4.544120715741645900e-05,0.000000000000000000e+00,4.544120715741800399e-05
1.000908328416618920e+00,1.000908328416618920e+00,4.544116780709771985e-05,4.544116968270412696e-05,9.999991753143308015e-01,0.000000000000000000e+00
0.000000000000000000e+00,4.539992976248484740e-05,9.981849914538160062e-01,4.539993163468778804e-05,4.539993163639068340e-05,9.990924958951478141e-01
4.539992976248484740e-05,0.000000000000000000e+00,9.981849914538160062e-01,4.539993163468778804e-05,4.539993163639068340e-05,9.990924958951478141e-01
1.000000000037474690e+00,1.000000000037474690e+00,0.000000000000000000e+00,1.000000041275488805e+00,1.000000041312997467e+00,2.200647668750723096e+04
9.999999587619876618e-01,9.999999587619876618e-01,2.198648666446786956e+04,0.000000000000000000e+00,1.000000000037508885e+00,2.200647577917918898e+04
4.544120528351140226e-05,4.544120528351140226e-05,9.990924951838588974e-01,4.544120715741645900e-05,0.000000000000000000e+00,1.000000824686349432e+00
9.999999587619536889e-01,9.999999587619536889e-01,2.198648666446712014e+04,9.999999999999660272e-01,1.000000000037474912e+00,0.000000000000000000e+00
0.000000000000000000e+00,2.202646579480671789e+04,9.999546021313913124e-01,2.200644035683946640e+04,2.200645853825658924e+04,9.999546021313913124e-01
2.202646579480671789e+04,0.000000000000000000e+00,9.999546021313913124e-01,2.200644035683946640e+04,2.200645853825658924e+04,9.999546021313913124e-01
1.001818308792181478e+00,1.001818308792181478e+00,0.000000000000000000e+00,1.000907502193244314e+00,1.000908329129200469e+00,4.548041604624659240e-05
2.202646488647905062e+04,2.202646488647905062e+04,9.999545608952511433e-01,0.000000000000000000e+00,2.200645763075398281e+04,9.999545608952511433e-01
2.202646488565286563e+04,2.202646488565286563e+04,9.999545608577440348e-01,2.200643944851217384e+04,0.000000000000000000e+00,9.999545608577440348e-01
1.000908328416618920e+00,1.000908328416618920e+00,4.543910487663500148e-05,9.999983491295042493e-01,9.999991753143308015e-01,0.000000000000000000e+00
0.000000000000000000e+00,1.000000000000000000e+00,4.539992602147341339e-05,4.539992976248484740e-05,4.539992976248484740e-05,4.539992789197947598e-05
1.000000000000000000e+00,0.000000000000000000e+00,4.539992602147341339e-05,4.539992976248484740e-05,4.539992976248484740e-05,4.539992789197947598e-05
2.202746579480465152e+04,2.202746579480465152e+04,0.000000000000000000e+00,1.000045399929668788e+00,1.000045399929668788e+00,1.000045358727175593e+00
1.000909980789375098e+00,1.000909980789375098e+00,4.544123908199200452e-05,0.000000000000000000e+00,4.544124282640768427e-05,4.544124095420018998e-05
1.000909153852054256e+00,1.000909153852054256e+00,4.544120153909881249e-05,4.544120528351140226e-05,0.000000000000000000e+00,4.544120341130545297e-05
2.202746579480465152e+04,2.202746579480465152e+04,1.000045317524667299e+00,1.000045399929668788e+00,1.000045399929668788e+00,0.000000000000000000e+00
0.000000000000000000e+00,1.000000000000000000e+00,4.539992976248484740e-05,4.539786870243865007e-05,4.539786870243865007e-05,9.990924958951478141e-01
4.539992976248484740e-05,0.000000000000000000e+00,4.539992976248484740e-05,4.539786870243865007e-05,4.539786870243865007e-05,9.990924958951478141e-01
1.000000082401267143e+00,2.202646760981541229e+04,0.000000000000000000e+00,9.999546845289176700e-01,9.999546845289176700e-01,2.200647850004410793e+04
1.000000000000000000e+00,2.202646579480671789e+04,1.000000000000000000e+00,0.000000000000000000e+00,9.999546021313913124e-01,2.200647668668254482e+04
1.000000000000000000e+00,2.202646579480671789e+04,1.000000000000000000e+00,9.999546021313913124e-01,0.000000000000000000e+00,2.200647668668254482e+04
1.000000041200624468e+00,2.202646670231085955e+04,1.000000041200624468e+00,9.999546433301452764e-01,9.999546433301452764e-01,0.000000000000000000e+00
0.000000000000000000e+00,2.202646579480671789e+04,9.999546021312976096e-01,1.000000041238047865e+00,2.200645853825658924e+04,2.200647668668254482e+04
1.000000000000000000e+00,0.000000000000000000e+00,4.539786870243439458e-05,4.539993163468933302e-05,9.990916719578841754e-01,9.990924958951478141e-01
2.202646579480671789e+04,2.202646579480671789e+04,0.000000000000000000e+00,1.000000041238047865e+00,2.200645853825658924e+04,2.200647668668254482e+04
2.202746579480465152e+04,2.202746579480465152e+04,9.999999999999062972e-01,0.000000000000000000e+00,2.200745762992648451e+04,2.200747577917637682e+04
2.202746579480465152e+04,2.202746579480465152e+04,9.999999999999062972e-01,1.000045441169588933e+00,0.000000000000000000e+00,2.200747577917637682e+04
1.000908328416618920e+00,1.000908328416618920e+00,4.543910487663074598e-05,4.544116968270567195e-05,9.999991753143308015e-01,0.000000000000000000e+00
0.000000000000000000e+00,4.539992976248484740e-05,4.539992602147341339e-05,4.539786870243863652e-05,9.990916719578841754e-01,9.990924958951478141e-01
4.539992976248484740e-05,0.000000000000000000e+00,4.539992602147341339e-05,4.539786870243863652e-05,9.990916719578841754e-01,9.990924958951478141e-01
1.000045399929762491e+00,1.000045399929762491e+00,0.000000000000000000e+00,1.000000000000093481e+00,2.200745762992854725e+04,2.200747577917843955e+04
9.999999587619536889e-01,9.999999587619536889e-01,9.999998763606967600e-01,0.000000000000000000e+00,2.200645763075323339e+04,2.200647577917843955e+04
4.544120528351140226e-05,4.544120528351140226e-05,4.544120153909881249e-05,4.543914234964451269e-05,0.000000000000000000e+00,1.000000824686349432e+00
4.544116780880061521e-05,4.544116780880061521e-05,4.544116406439110864e-05,4.543910487663499470e-05,9.999991753143308015e-01,0.000000000000000000e+00
0.000000000000000000e+00,2.202646579480671789e+04,9.999999999625253100e-01,1.000000041163166653e+00,2.200645853825658924e+04,1.000000041238047865e+00
2.202646579480671789e+04,0.000000000000000000e+00,9.999999999625253100e-01,1.000000041163166653e+00,2.200645853825658924e+04,1.000000041238047865e+00
2.202646760981541229e+04,2.202646760981541229e+04,0.000000000000000000e+00,1.000000123564437349e+00,2.200646035161666077e+04,1.000000123639318561e+00
2.202746579480465880e+04,2.202746579480465880e+04,1.000045399892192544e+00,0.000000000000000000e+00,2.200745762992648815e+04,1.000045441169589155e+00
1.000909153852054256e+00,1.000909153852054256e+00,4.544120528180850690e-05,4.544120715401531001e-05,0.000000000000000000e+00,4.544120715741800399e-05
1.000908328416618920e+00,1.000908328416618920e+00,4.544116780709771985e-05,4.544116967930297797e-05,9.999991753143308015e-01,0.000000000000000000e+00
0.000000000000000000e+00,1.000000000000000000e+00,9.981849914538160062e-01,4.539993163468778804e-05,4.539786870243865007e-05,9.990924958951478141e-01
1.000000000000000000e+00,0.000000000000000000e+00,9.981849914538160062e-01,4.539993163468778804e-05,4.539786870243865007e-05,9.990924958951478141e-01
2.202646579563215346e+04,2.202646579563215346e+04,0.000000000000000000e+00,1.000000041275488805e+00,9.999546021688643371e-01,2.200647668750723096e+04
2.202646488812767348e+04,2.202646488812767348e+04,2.198648666611349836e+04,0.000000000000000000e+00,9.999545609700950521e-01,2.200647578082631298e+04
1.000909153852054256e+00,1.000909153852054256e+00,9.990924951838588974e-01,4.544120715741645900e-05,0.000000000000000000e+00,1.000000824686349432e+00
2.202646488647830120e+04,2.202646488647830120e+04,2.198648666446712014e+04,9.999999999999660272e-01,9.999545608952171705e-01,0.000000000000000000e+00
0.000000000000000000e+00,1.000000000000000000e+00,4.539992789197948276e-05,4.539992788857987198e-05,9.990916719578841754e-01,9.990924958951478141e-01
1.000000000000000000e+00,0.000000000000000000e+00,4.539992789197948276e-05,4.539992788857987198e-05,9.990916719578841754e-01,9.990924958951478141e-01
1.001818308792181478e+00,1.001818308792181478e+00,0.000000000000000000e+00,4.548247897662407893e-05,1.000908329129200469e+00,1.000909154564636472e+00
2.202646488647905062e+04,2.202646488647905062e+04,9.999999175613669689e-01,0.000000000000000000e+00,2.200645763075398281e+04,2.200647577917918898e+04
2.202746579480465152e+04,2.202746579480465152e+04,1.000045358727175815e+00,1.000045358652290828e+00,0.000000000000000000e+00,2.200747577917637682e+04
1.000908328416618920e+00,1.000908328416618920e+00,4.544116593659621090e-05,4.544116593319351015e-05,9.999991753143308015e-01,0.000000000000000000e+00
0.000000000000000000e+00,1.000000000000000000e+00,9.981849914538160062e-01,4.539993163298953441e-05,9.990916719578841754e-01,9.990924958951478141e-01
4.539992976248484740e-05,0.000000000000000000e+00,9.981849914538160062e-01,4.539993163298953441e-05,9.990916719578841754e-01,9.990924958951478141e-01
1.000000041200624246e+00,2.202646670231085591e+04,0.000000000000000000e+00,1.000000082401233392e+00,2.200645944493641582e+04,2.200647759336312083e+04
1.000000041275505680e+00,2.202646670396023183e+04,2.198648847865030621e+04,0.000000000000000000e+00,2.200645944658429289e+04,2.200647759501099790e+04
4.544120528351140226e-05,1.000909153852054256e+00,9.990924951838588974e-01,4.544120715571666039e-05,0.000000000000000000e+00,1.000000824686349432e+00
4.544116780880061521e-05,1.000908328416618920e+00,9.990916712465959248e-01,4.544116968100432835e-05,9.999991753143308015e-01,0.000000000000000000e+00
0.000000000000000000e+00,1.000000000000000000e+00,9.999999999625253100e-01,2.200644035683946640e+04,2.200645853825658924e+04,9.999999587993773087e-01
4.539992976248484740e-05,0.000000000000000000e+00,4.539992976078349702e-05,9.990908465228237612e-01,9.990916719578841754e-01,4.539992789197947598e-05
4.548248085393639684e-05,4.548248085393639684e-05,0.000000000000000000e+00,1.000907502193244314e+00,1.000908329129200469e+00,4.548247898002986289e-05
9.999999587993942951e-01,9.999999587993942951e-01,9.999999587619194941e-01,0.000000000000000000e+00,2.200645763157717010e+04,9.999999175987732691e-01
4.544120528351140226e-05,4.544120528351140226e-05,4.544120528180850690e-05,9.999991738144921039e-01,0.000000000000000000e+00,4.544120341130545297e-05
4.544116780880061521e-05,4.544116780880061521e-05,4.544116780709771985e-05,9.999983491295042493e-01,9.999991753143308015e-01,0.000000000000000000e+00
0.000000000000000000e+00,2.202646579480671789e+04,9.999999999625253100e-01,9.999546021313913124e-01,1.000000041200607370e+00,1.000000041238047865e+00
2.202646579480671789e+04,0.000000000000000000e+00,9.999999999625253100e-01,9.999546021313913124e-01,1.000000041200607370e+00,1.000000041238047865e+00
2.202646579563215346e+04,2.202646579563215346e+04,0.000000000000000000e+00,9.999546021688643371e-01,1.000000041238082060e+00,1.000000041275522777e+00
1.000909980789375098e+00,1.000909980789375098e+00,4.544124282470478891e-05,0.000000000000000000e+00,4.544124469861449416e-05,4.544124470031583776e-05
1.000909153852054256e+00,1.000909153852054256e+00,4.544120528180850690e-05,4.543914234964451947e-05,0.000000000000000000e+00,4.544120715741800399e-05
2.202646670231085955e+04,2.202646670231085955e+04,1.000000041163149556e+00,9.999546433301452764e-01,1.000000082401233614e+00,0.000000000000000000e+00
0.000000000000000000e+00,1.000000000000000000e+00,4.539992976418310780e-05,4.539993163468778804e-05,4.539993163639068340e-05,4.539992789197947598e-05
1.000000000000000000e+00,0.000000000000000000e+00,4.539992976418310780e-05,4.539993163468778804e-05,4.539993163639068340e-05,4.539992789197947598e-05
2.202646579563215346e+04,2.202646579563215346e+04,0.000000000000000000e+00,1.000000041275488805e+00,1.000000041312997467e+00,9.999999588368519987e-01
2.202746579480465152e+04,2.202746579480465152e+04,1.000045399967077087e+00,0.000000000000000000e+00,1.000045441207065400e+00,1.000045358727175593e+00
2.202646488730298370e+04,2.202646488730298370e+04,9.999999588368009285e-01,1.000000000037406522e+00,0.000000000000000000e+00,9.999999175987732691e-01
2.202646488647830120e+04,2.202646488647830120e+04,9.999999587993604333e-01,9.999999999999660272e-01,1.000000000037474912e+00,0.000000000000000000e+00
0.000000000000000000e+00,1.000000000000000000e+00,4.539786870243863652e-05,4.539786870243865007e-05,4.539993163298953441e-05,9.990924958951478141e-01
4.539992976248484740e-05,0.000000000000000000e+00,4.539786870243863652e-05,4.539786870243865007e-05,4.539993163298953441e-05,9.990924958951478141e-01
9.999999999625933667e-01,2.202646579398278118e+04,0.000000000000000000e+00,9.999546020939863444e-01,1.000000041163200848e+00,2.200647668585935389e+04
9.999999587619876618e-01,2.202646488647905062e+04,9.999545608952509212e-01,0.000000000000000000e+00,9.999999999625934777e-01,2.200647577917918898e+04
9.999999587244788879e-01,2.202646488565286563e+04,9.999545608577438127e-01,9.999545608577440348e-01,0.000000000000000000e+00,2.200647577835374977e+04
1.000000041200624468e+00,2.202646670231085955e+04,9.999546433301450543e-01,9.999546433301452764e-01,1.000000082401233614e+00,0.000000000000000000e+00
0.000000000000000000e+00,1.000000000000000000e+00,9.999546021313913124e-01,1.000000000000000000e+00,9.999999587619707864e-01,2.200647668668254482e+04
1.000000000000000000e+00,0.000000000000000000e+00,4.539786870243865007e-05,4.539992976248484740e-05,4.539992789028121558e-05,9.990924958951478141e-01
2.202746579480465880e+04,1.000045399929669010e+00,0.000000000000000000e+00,1.000045399929669010e+00,1.000045358689767516e+00,2.200747577917638046e+04
2.202746579480465152e+04,1.000045399929668788e+00,1.000000000000000000e+00,0.000000000000000000e+00,1.000045358689767294e+00,2.200747577917637682e+04
2.202646488730298370e+04,9.999999587993942951e-01,9.999545609326560003e-01,9.999999587993942951e-01,0.000000000000000000e+00,2.200647578000237627e+04
1.000908328416618920e+00,4.544116780880061521e-05,4.543910487663500148e-05,4.544116780880061521e-05,4.544116593489640551e-05,0.000000000000000000e+00
0.000000000000000000e+00,1.000000000000000000e+00,4.539992976078505556e-05,4.539992976248484740e-05,9.990916719578841754e-01,4.539786870243865007e-05
2.202646579480671789e+04,0.000000000000000000e+00,9.999999999625595049e-01,1.000000000000000000e+00,2.200645853825658924e+04,9.999546021313913124e-01
2.202746579480465152e+04,2.202746579480465152e+04,0.000000000000000000e+00,1.000045399929668788e+00,2.200745762992648451e+04,1.000000000000000000e+00
2.202646579480671789e+04,2.202646579480671789e+04,9.999999999625595049e-01,0.000000000000000000e+00,2.200645853825658924e+04,9.999546021313913124e-01
2.202646670313479626e+04,2.202646670313479626e+04,1.000000041200590495e+00,1.000000041238030990e+00,0.000000000000000000e+00,9.999546433675501333e-01
1.000908328416618920e+00,1.000908328416618920e+00,4.544116780709927161e-05,4.544116780880061521e-05,9.999991753143308015e-01,0.000000000000000000e+00
0.000000000000000000e+00,4.539992976248484740e-05,9.981849914538160062e-01,4.539786870243865007e-05,4.539992976248484740e-05,4.539992789197947598e-05
1.000000000000000000e+00,0.000000000000000000e+00,9.981849914538160062e-01,4.539786870243865007e-05,4.539992976248484740e-05,4.539992789197947598e-05
2.202646579563140040e+04,1.000000000037440495e+00,0.000000000000000000e+00,9.999546021688301423e-01,1.000000000037440495e+00,9.999999588368178038e-01
2.202646579480671789e+04,1.000000000000000000e+00,2.198648757114691398e+04,0.000000000000000000e+00,1.000000000000000000e+00,9.999999587993773087e-01
1.000909153852054256e+00,4.544120528351140226e-05,9.990924951838588974e-01,4.543914234964451947e-05,0.000000000000000000e+00,4.544120341130545297e-05
2.202746579480465152e+04,1.000045399929668788e+00,2.198748575613630601e+04,1.000000000000000000e+00,1.000045399929668788e+00,0.000000000000000000e+00
0.000000000000000000e+00,1.000000000000000000e+00,4.539786870243863652e-05,9.990908465228237612e-01,4.539786870243865007e-05,4.539993163468933302e-05
2.202646579480671789e+04,0.000000000000000000e+00,9.999546021313910904e-01,2.200644035683946640e+04,9.999546021313913124e-01,1.000000041238047865e+00
1.001818308792181478e+00,1.001818308792181478e+00,0.000000000000000000e+00,1.000907502193244314e+00,4.548041604624659240e-05,4.548248272954512144e-05
2.202746579480465152e+04,2.202746579480465152e+04,9.999999999999997780e-01,0.000000000000000000e+00,1.000000000000000000e+00,1.000045441169588933e+00
2.202646579480671789e+04,2.202646579480671789e+04,9.999546021313910904e-01,2.200644035683946640e+04,0.000000000000000000e+00,1.000000041238047865e+00
2.202646670231085955e+04,2.202646670231085955e+04,9.999546433301450543e-01,2.200644126351855084e+04,9.999546433301452764e-01,0.000000000000000000e+00
0.000000000000000000e+00,1.000000000000000000e+00,4.539786870243863652e-05,4.539786870243863652e-05,4.539993163639068340e-05,9.990924958951478141e-01
4.539992976248484740e-05,0.000000000000000000e+00,4.539786870243863652e-05,4.539786870243863652e-05,4.539993163639068340e-05,9.990924958951478141e-01
1.000045399929669010e+00,2.202746579480465880e+04,0.000000000000000000e+00,1.000000000000000000e+00,1.000045441207065622e+00,2.200747577917638046e+04
4.544124282640768427e-05,1.000909980789375098e+00,4.543917989083642888e-05,0.000000000000000000e+00,4.544124470201873990e-05,1.000001650873221237e+00
1.000045399929668788e+00,2.202746579480465152e+04,9.999999999999997780e-01,9.999999999999997780e-01,0.000000000000000000e+00,2.200747577917637682e+04
9.999999587619536889e-01,2.202646488647830120e+04,9.999545608952169484e-01,9.999545608952169484e-01,1.000000000037474912e+00,0.000000000000000000e+00
0.000000000000000000e+00,2.202646579480671789e+04,9.999546021313913124e-01,9.999546021313910904e-01,2.200645853825658924e+04,2.200647668668254482e+04
4.539992976248484740e-05,0.000000000000000000e+00,4.539786870243865007e-05,4.539786870243863652e-05,9.990916719578841754e-01,9.990924958951478141e-01
1.000045399929669010e+00,2.202746579480465880e+04,0.000000000000000000e+00,1.000000000000000000e+00,2.200745762992648815e+04,2.200747577917638046e+04
1.000045399929669010e+00,2.202746579480465880e+04,1.000000000000000222e+00,0.000000000000000000e+00,2.200745762992648815e+04,2.200747577917638046e+04
9.999999587244788879e-01,2.202646488565286563e+04,9.999545608577440348e-01,9.999545608577438127e-01,0.000000000000000000e+00,2.200647577835374977e+04
4.544116780880061521e-05,1.000908328416618920e+00,4.543910487663500148e-05,4.543910487663499470e-05,9.999991753143308015e-01,0.000000000000000000e+00
0.000000000000000000e+00,1.000000000000000000e+00,9.999546021313910904e-01,1.000000000000000000e+00,9.999999587619707864e-01,2.200647668668254482e+04
1.000000000000000000e+00,0.000000000000000000e+00,4.539786870243863652e-05,4.539992976248484740e-05,4.539992789028121558e-05,9.990924958951478141e-01
2.202746579480465152e+04,1.000045399929668788e+00,0.000000000000000000e+00,1.000045399929668788e+00,1.000045358689767294e+00,2.200747577917637682e+04
2.202746579480465880e+04,1.000045399929669010e+00,1.000000000000000000e+00,0.000000000000000000e+00,1.000045358689767516e+00,2.200747577917638046e+04
1.000909153852054256e+00,4.544120528351140226e-05,4.543914234964451269e-05,4.544120528351140226e-05,0.000000000000000000e+00,1.000000824686349432e+00
1.000908328416618920e+00,4.544116780880061521e-05,4.543910487663499470e-05,4.544116780880061521e-05,4.544116593489640551e-05,0.000000000000000000e+00
0.000000000000000000e+00,1.000000000000000000e+00,4.539992976078505556e-05,4.539992976248484740e-05,9.990916719578841754e-01,4.539993163468933302e-05
2.202646579480671789e+04,0.000000000000000000e+00,9.999999999625595049e-01,1.000000000000000000e+00,2.200645853825658924e+04,1.000000041238047865e+00
2.202746579480465880e+04,2.202746579480465880e+04,0.000000000000000000e+00,1.000045399929669010e+00,2.200745762992648815e+04,1.000045441169589155e+00
2.202646579480671789e+04,2.202646579480671789e+04,9.999999999625595049e-01,0.000000000000000000e+00,2.200645853825658924e+04,1.000000041238047865e+00
2.202646670313479626e+04,2.202646670313479626e+04,1.000000041200590495e+00,1.000000041238030990e+00,0.000000000000000000e+00,1.000000082476080632e+00
1.000908328416618920e+00,1.000908328416618920e+00,4.544116780709927161e-05,4.544116780880061521e-05,9.999991753143308015e-01,0.000000000000000000e+00
0.000000000000000000e+00,4.539992976248484740e-05,9.981849914538160062e-01,4.539993163468778804e-05,4.539786870243865007e-05,9.990924958951478141e-01
1.000000000000000000e+00,0.000000000000000000e+00,9.981849914538160062e-01,4.539993163468778804e-05,4.539786870243865007e-05,9.990924958951478141e-01
2.202646579563140040e+04,1.000000000037440495e+00,0.000000000000000000e+00,1.000000041275454610e+00,9.999546021688301423e-01,2.200647668750647790e+04
2.202646579480671789e+04,1.000000000000000000e+00,2.198648757114691398e+04,0.000000000000000000e+00,9.999546021313913124e-01,2.200647668668254482e+04
1.000909153852054256e+00,4.544120528351140226e-05,9.990924951838588974e-01,4.544120715741645900e-05,0.000000000000000000e+00,1.000000824686349432e+00
2.202646488647830120e+04,9.999999587619536889e-01,2.198648666446712014e+04,9.999999999999660272e-01,9.999545608952171705e-01,0.000000000000000000e+00
0.000000000000000000e+00,1.000000000000000000e+00,4.539786870243863652e-05,4.539992788857987198e-05,9.990916719578841754e-01,4.539993163468933302e-05
2.202646579480671789e+04,0.000000000000000000e+00,9.999546021313910904e-01,9.999999587244959853e-01,2.200645853825658924e+04,1.000000041238047865e+00
1.001818308792181478e+00,1.001818308792181478e+00,0.000000000000000000e+00,4.548247897662407893e-05,1.000908329129200469e+00,4.548248272954512144e-05
2.202646488647905062e+04,2.202646488647905062e+04,9.999545608952509212e-01,0.000000000000000000e+00,2.200645763075398281e+04,1.000000000000033973e+00
2.202746579480465152e+04,2.202746579480465152e+04,9.999999999999997780e-01,1.000045358652290828e+00,0.000000000000000000e+00,1.000045441169588933e+00
1.000908328416618920e+00,1.000908328416618920e+00,4.543910487663499470e-05,4.544116593319351015e-05,9.999991753143308015e-01,0.000000000000000000e+00
0.000000000000000000e+00,1.000000000000000000e+00,9.981849914538160062e-01,4.539992976248484740e-05,4.539993163639068340e-05,4.539992789197947598e-05
1.000000000000000000e+00,0.000000000000000000e+00,9.981849914538160062e-01,4.539992976248484740e-05,4.539993163639068340e-05,4.539992789197947598e-05
2.202746579480465880e+04,2.202746579480465880e+04,0.000000000000000000e+00,1.000045399929669010e+00,1.000045441207065622e+00,1.000045358727175815e+00
2.202646670396023183e+04,2.202646670396023183e+04,2.198648847865030621e+04,0.000000000000000000e+00,1.000000082551030234e+00,1.000000000074881212e+00
1.000909153852054256e+00,1.000909153852054256e+00,9.990924951838588974e-01,4.544120528351140226e-05,0.000000000000000000e+00,4.544120341130545297e-05
2.202646488647830120e+04,2.202646488647830120e+04,2.198648666446712014e+04,9.999999587619536889e-01,1.000000000037474912e+00,0.000000000000000000e+00
0.000000000000000000e+00,4.539992976248484740e-05,4.539786870243863652e-05,9.990908465228237612e-01,4.539993163298953441e-05,4.539992789197947598e-05
1.000000000000000000e+00,0.000000000000000000e+00,4.539786870243863652e-05,9.990908465228237612e-01,4.539993163298953441e-05,4.539992789197947598e-05
1.001818308792181478e+00,4.548248085393639684e-05,0.000000000000000000e+00,1.000907502193244314e+00,4.548248272784223285e-05,4.548247898002986289e-05
2.202646579480671789e+04,1.000000000000000000e+00,9.999546021313910904e-01,0.000000000000000000e+00,1.000000041200607370e+00,9.999999587993773087e-01
2.202646488565286563e+04,9.999999587244788879e-01,9.999545608577438127e-01,2.200643944851217384e+04,0.000000000000000000e+00,9.999999175238578619e-01
2.202646670231085955e+04,1.000000041200624468e+00,9.999546433301450543e-01,2.200644126351855084e+04,1.000000082401233614e+00,0.000000000000000000e+00
0.000000000000000000e+00,4.539992976248484740e-05,4.539992976418310780e-05,4.539786870243863652e-05,4.539993163298953441e-05,4.539786870243865007e-05
2.202646579480671789e+04,0.000000000000000000e+00,1.000000000037406744e+00,9.999546021313910904e-01,1.000000041200607370e+00,9.999546021313913124e-01
2.202746579480465880e+04,1.000045399929669010e+00,0.000000000000000000e+00,1.000000000000000000e+00,1.000045441132146884e+00,1.000000000000000222e+00
1.000909980789375098e+00,4.544124282640768427e-05,4.544124282810748966e-05,0.000000000000000000e+00,4.544124469861449416e-05,4.543917989083643566e-05
2.202646488730298370e+04,9.999999587993942951e-01,9.999999588368009285e-01,9.999545609326557782e-01,0.000000000000000000e+00,9.999545609326560003e-01
2.202646670231085955e+04,1.000000041200624468e+00,1.000000041238030990e+00,9.999546433301450543e-01,1.000000082401233614e+00,0.000000000000000000e+00
0.000000000000000000e+00,4.539992976248484740e-05,4.539992976418310780e-05,4.539993163469087124e-05,4.539786870243863652e-05,4.539786870243865007e-05
1.000000000000000000e+00,0.000000000000000000e+00,1.000000000037406744e+00,1.000000041238081838e+00,9.999546021313910904e-01,9.999546021313913124e-01
9.999999999625933667e-01,9.999999999625933667e-01,0.000000000000000000e+00,1.000000041200675316e+00,9.999546020939861224e-01,9.999546020939863444e-01
1.000045399929669010e+00,1.000045399929669010e+00,1.000045399967077309e+00,0.000000000000000000e+00,1.000000000000000000e+00,1.000000000000000222e+00
9.999999587993942951e-01,9.999999587993942951e-01,9.999999588368009285e-01,1.000000000037474468e+00,0.000000000000000000e+00,9.999545609326560003e-01
1.000045399929668788e+00,1.000045399929668788e+00,1.000045399967077087e+00,1.000045441169622906e+00,9.999999999999997780e-01,0.000000000000000000e+00
0.000000000000000000e+00,2.202646579480671789e+04,9.999546021312976096e-01,1.000000041238081838e+00,9.999546021313910904e-01,1.000000041238047865e+00
2.202646579480671789e+04,0.000000000000000000e+00,9.999546021312976096e-01,1.000000041238081838e+00,9.999546021313910904e-01,1.000000041238047865e+00
2.202646579398278118e+04,2.202646579398278118e+04,0.000000000000000000e+00,1.000000041200675316e+00,9.999546020939861224e-01,1.000000041200641343e+00
2.202646488647755541e+04,2.202646488647755541e+04,9.999545608950894948e-01,0.000000000000000000e+00,9.999545608951829756e-01,9.999999999999660272e-01
2.202746579480465880e+04,2.202746579480465880e+04,9.999999999999065192e-01,1.000045441169623128e+00,0.000000000000000000e+00,1.000045441169589155e+00
2.202746579480465152e+04,2.202746579480465152e+04,9.999999999999062972e-01,1.000045441169622906e+00,9.999999999999997780e-01,0.000000000000000000e+00
0.000000000000000000e+00,1.000000000000000000e+00,4.539786870243863652e-05,4.539992976248484740e-05,4.539993163639068340e-05,9.990924958951478141e-01
1.000000000000000000e+00,0.000000000000000000e+00,4.539786870243863652e-05,4.539992976248484740e-05,4.539993163639068340e-05,9.990924958951478141e-01
2.202746579480671789e+04,2.202746579480671789e+04,0.000000000000000000e+00,1.000045399929762491e+00,1.000045441207159103e+00,2.200747577917843955e+04
2.202646488647755541e+04,2.202646488647755541e+04,9.999545608951829756e-01,0.000000000000000000e+00,1.000000000037440939e+00,2.200647577917769377e+04
2.202746579480465880e+04,2.202746579480465880e+04,1.000000000000000000e+00,1.000045399929669010e+00,0.000000000000000000e+00,2.200747577917638046e+04
2.202646488647830120e+04,2.202646488647830120e+04,9.999545608952169484e-01,9.999999587619536889e-01,1.000000000037474912e+00,0.000000000000000000e+00
0.000000000000000000e+00,4.539992976248484740e-05,4.539786870243863652e-05,4.539992976248484740e-05,9.990916719578841754e-01,9.990924958951478141e-01
1.000000000000000000e+00,0.000000000000000000e+00,4.539786870243863652e-05,4.539992976248484740e-05,9.990916719578841754e-01,9.990924958951478141e-01
2.202746579480465880e+04,1.000045399929669010e+00,0.000000000000000000e+00,1.000045399929669010e+00,2.200745762992648815e+04,2.200747577917638046e+04
2.202646579480671789e+04,1.000000000000000000e+00,9.999546021313910904e-01,0.000000000000000000e+00,2.200645853825658924e+04,2.200647668668254482e+04
2.202646488565286563e+04,9.999999587244788879e-01,9.999545608577438127e-01,9.999999587244788879e-01,0.000000000000000000e+00,2.200647577835374977e+04
1.000908328416618920e+00,4.544116780880061521e-05,4.543910487663499470e-05,4.544116780880061521e-05,9.999991753143308015e-01,0.000000000000000000e+00
0.000000000000000000e+00,4.539992976248484740e-05,9.981849914538160062e-01,4.539786870243863652e-05,4.539992789028121558e-05,4.539993163468933302e-05
2.202646579480671789e+04,0.000000000000000000e+00,2.198648757114691398e+04,9.999546021313910904e-01,9.999999587619707864e-01,1.000000041238047865e+00
2.202746579480465880e+04,1.000045399929669010e+00,0.000000000000000000e+00,1.000000000000000000e+00,1.000045358689767516e+00,1.000045441169589155e+00
2.202646579480671789e+04,1.000000000000000000e+00,2.198648757114691398e+04,0.000000000000000000e+00,9.999999587619707864e-01,1.000000041238047865e+00
1.000909153852054256e+00,4.544120528351140226e-05,9.990924951838588974e-01,4.543914234964451269e-05,0.000000000000000000e+00,4.544120715741800399e-05
1.000908328416618920e+00,4.544116780880061521e-05,9.990916712465959248e-01,4.543910487663499470e-05,4.544116593489640551e-05,0.000000000000000000e+00
0.000000000000000000e+00,1.000000000000000000e+00,4.539992976078505556e-05,9.990908465228237612e-01,4.539993163639068340e-05,4.539993163468933302e-05
1.000000000000000000e+00,0.000000000000000000e+00,9.999999999625595049e-01,2.200644035683946640e+04,1.000000041275522777e+00,1.000000041238047865e+00
4.548248085393639684e-05,1.001818308792181478e+00,0.000000000000000000e+00,1.000907502193244314e+00,4.548248273124956857e-05,4.548248272954512144e-05
1.000045399929669010e+00,2.202746579480465880e+04,1.000045399892226738e+00,0.000000000000000000e+00,1.000045441207065622e+00,1.000045441169589155e+00
1.000000041238030990e+00,2.202646670313479626e+04,1.000000041200590495e+00,2.200644126434173450e+04,0.000000000000000000e+00,1.000000082476080632e+00
9.999999587619536889e-01,2.202646488647830120e+04,9.999999587245131938e-01,2.200643944933685998e+04,1.000000000037474912e+00,0.000000000000000000e+00
0.000000000000000000e+00,1.000000000000000000e+00,9.999546021312976096e-01,1.000000041238013893e+00,1.000000041275522777e+00,2.200647668668254482e+04
1.000000000000000000e+00,0.000000000000000000e+00,4.539786870243439458e-05,4.539993163468778804e-05,4.539993163639068340e-05,9.990924958951478141e-01
2.202646579563140040e+04,1.000000000037440495e+00,0.000000000000000000e+00,1.000000041275454610e+00,1.000000041312963273e+00,2.200647668750647790e+04
1.000909980789375098e+00,4.544124282640768427e-05,4.543917989083218016e-05,0.000000000000000000e+00,4.544124470201873990e-05,1.000001650873221237e+00
2.202646488565286563e+04,9.999999587244788879e-01,9.999545608576503319e-01,9.999999999624912261e-01,0.000000000000000000e+00,2.200647577835374977e+04
2.202646488647830120e+04,9.999999587619536889e-01,9.999545608951234676e-01,9.999999999999660272e-01,1.000000000037474912e+00,0.000000000000000000e+00
0.000000000000000000e+00,1.000000000000000000e+00,4.539992976418620455e-05,4.539992976248484740e-05,9.990916719578841754e-01,4.539993163468933302e-05
2.202646579480671789e+04,0.000000000000000000e+00,1.000000000037474912e+00,1.000000000000000000e+00,2.200645853825658924e+04,1.000000041238047865e+00
2.202746579480671789e+04,2.202746579480671789e+04,0.000000000000000000e+00,1.000045399929762491e+00,2.200745762992854725e+04,1.000045441169682636e+00
2.202646488647905062e+04,2.202646488647905062e+04,9.999999587994625738e-01,0.000000000000000000e+00,2.200645763075398281e+04,1.000000000000033973e+00
2.202646488565286563e+04,2.202646488565286563e+04,9.999999587619536889e-01,9.999999587244788879e-01,0.000000000000000000e+00,9.999999999625251990e-01
1.000908328416618920e+00,1.000908328416618920e+00,4.544116781050351058e-05,4.544116780880061521e-05,9.999991753143308015e-01,0.000000000000000000e+00
0.000000000000000000e+00,4.539992976248484740e-05,9.981849914538160062e-01,4.539993163469088479e-05,4.539993163639068340e-05,9.990924958951478141e-01
4.539992976248484740e-05,0.000000000000000000e+00,9.981849914538160062e-01,4.539993163469088479e-05,4.539993163639068340e-05,9.990924958951478141e-01
9.999999999625251990e-01,9.999999999625251990e-01,0.000000000000000000e+00,1.000000041200607370e+00,1.000000041238047865e+00,2.200647668585785505e+04
1.000000000000000000e+00,1.000000000000000000e+00,2.198648757114691398e+04,0.000000000000000000e+00,1.000000041275522777e+00,2.200647668668254482e+04
4.544120528351140226e-05,4.544120528351140226e-05,9.990924951838588974e-01,4.544120715741956253e-05,0.000000000000000000e+00,1.000000824686349432e+00
9.999999587619536889e-01,9.999999587619536889e-01,2.198648666446712014e+04,1.000000000000034195e+00,1.000000000037474912e+00,0.000000000000000000e+00
0.000000000000000000e+00,2.202646579480671789e+04,9.999546021313913124e-01,2.200644035683946640e+04,9.999999587619707864e-01,1.000000041238047865e+00
2.202646579480671789e+04,0.000000000000000000e+00,9.999546021313913124e-01,2.200644035683946640e+04,9.999999587619707864e-01,1.000000041238047865e+00
1.001818308792181478e+00,1.001818308792181478e+00,0.000000000000000000e+00,1.000907502193244314e+00,4.548247897832851928e-05,4.548248272954512144e-05
2.202646488647754813e+04,2.202646488647754813e+04,9.999545608951829756e-01,0.000000000000000000e+00,9.999999175238920568e-01,9.999999999999658051e-01
2.202646488565286563e+04,2.202646488565286563e+04,9.999545608577440348e-01,2.200643944851217384e+04,0.000000000000000000e+00,9.999999999625251990e-01
1.000908328416618920e+00,1.000908328416618920e+00,4.543910487663500148e-05,9.999983491295042493e-01,4.544116593489640551e-05,0.000000000000000000e+00
0.000000000000000000e+00,1.000000000000000000e+00,4.539992976078505556e-05,4.539992976248484740e-05,4.539993163639068340e-05,4.539992789197947598e-05
1.000000000000000000e+00,0.000000000000000000e+00,4.539992976078505556e-05,4.539992976248484740e-05,4.539993163639068340e-05,4.539992789197947598e-05
2.202746579480465152e+04,2.202746579480465152e+04,0.000000000000000000e+00,1.000045399929668788e+00,1.000045441207065400e+00,1.000045358727175593e+00
1.000909980789375098e+00,1.000909980789375098e+00,4.544124282470634067e-05,0.000000000000000000e+00,4.544124470201873990e-05,4.544124095420018998e-05
2.202646670313479626e+04,2.202646670313479626e+04,1.000000041200590495e+00,1.000000041238030990e+00,0.000000000000000000e+00,1.000000000037406522e+00
2.202646488647830120e+04,2.202646488647830120e+04,9.999999587245131938e-01,9.999999587619536889e-01,1.000000000037474912e+00,0.000000000000000000e+00
0.000000000000000000e+00,4.539992976248484740e-05,4.539992976418620455e-05,4.539786870243865007e-05,4.539786870243865007e-05,9.990924958951478141e-01
1.000000000000000000e+00,0.000000000000000000e+00,4.539992976418620455e-05,4.539786870243865007e-05,4.539786870243865007e-05,9.990924958951478141e-01
2.202646579563140040e+04,1.000000000037440495e+00,0.000000000000000000e+00,9.999546021688301423e-01,9.999546021688301423e-01,2.200647668750647790e+04
2.202646579480671789e+04,1.000000000000000000e+00,1.000000000037474912e+00,0.000000000000000000e+00,9.999546021313913124e-01,2.200647668668254482e+04
2.202646488565286563e+04,9.999999587244788879e-01,9.999999587619536889e-01,9.999545608577440348e-01,0.000000000000000000e+00,2.200647577835374977e+04
2.202646670231085955e+04,1.000000041200624468e+00,1.000000041238099158e+00,9.999546433301452764e-01,9.999546433301452764e-01,0.000000000000000000e+00
0.000000000000000000e+00,1.000000000000000000e+00,4.539992789197948276e-05,4.539786870243865007e-05,4.539992789028121558e-05,4.539993163468933302e-05
2.202646579480671789e+04,0.000000000000000000e+00,9.999999587993775307e-01,9.999546021313913124e-01,9.999999587619707864e-01,1.000000041238047865e+00
2.202646579398127869e+04,2.202646579398127869e+04,0.000000000000000000e+00,9.999546020939181767e-01,9.999999587244958743e-01,1.000000041200573175e+00
2.202746579480465152e+04,2.202746579480465152e+04,1.000045358727175815e+00,0.000000000000000000e+00,1.000045358689767294e+00,1.000045441169588933e+00
2.202746579480465152e+04,2.202746579480465152e+04,1.000045358727175815e+00,1.000000000000000000e+00,0.000000000000000000e+00,1.000045441169588933e+00
1.000908328416618920e+00,1.000908328416618920e+00,4.544116593659621090e-05,4.543910487663500148e-05,4.544116593489640551e-05,0.000000000000000000e+00
0.000000000000000000e+00,1.000000000000000000e+00,4.539786870243863652e-05,4.539786870243865007e-05,4.539786870243865007e-05,4.539992789197947598e-05
4.539992976248484740e-05,0.000000000000000000e+00,4.539786870243863652e-05,4.539786870243865007e-05,4.539786870243865007e-05,4.539992789197947598e-05
1.000000041200624246e+00,2.202646670231085591e+04,0.000000000000000000e+00,9.999546433301450543e-01,9.999546433301450543e-01,9.999999999999997780e-01
1.000045399929668788e+00,2.202746579480465152e+04,9.999999999999997780e-01,0.000000000000000000e+00,1.000000000000000000e+00,1.000045358727175593e+00
1.000000041238030990e+00,2.202646670313479626e+04,9.999546433675499113e-01,9.999546433675501333e-01,0.000000000000000000e+00,1.000000000037406522e+00
9.999999587619536889e-01,2.202646488647830120e+04,9.999545608952169484e-01,9.999545608952171705e-01,9.999545608952171705e-01,0.000000000000000000e+00
0.000000000000000000e+00,2.202646579480671789e+04,9.999546021312976096e-01,1.000000000000000000e+00,9.999546021313913124e-01,2.200647668668254482e+04
1.000000000000000000e+00,0.000000000000000000e+00,4.539786870243439458e-05,4.539992976248484740e-05,4.539786870243865007e-05,9.990924958951478141e-01
2.202746579480465880e+04,2.202746579480465880e+04,0.000000000000000000e+00,1.000045399929669010e+00,1.000000000000000222e+00,2.200747577917638046e+04
2.202746579480465152e+04,2.202746579480465152e+04,9.999999999999062972e-01,0.000000000000000000e+00,1.000000000000000000e+00,2.200747577917637682e+04
2.202746579480465152e+04,2.202746579480465152e+04,9.999999999999062972e-01,1.000045399929668788e+00,0.000000000000000000e+00,2.200747577917637682e+04
2.202646670231085955e+04,2.202646670231085955e+04,9.999546433300515735e-01,1.000000041200624468e+00,9.999546433301452764e-01,0.000000000000000000e+00
0.000000000000000000e+00,4.539992976248484740e-05,4.539992789197948276e-05,4.539786870243863652e-05,4.539992789028121558e-05,4.539992789197947598e-05
1.000000000000000000e+00,0.000000000000000000e+00,4.539992789197948276e-05,4.539786870243863652e-05,4.539992789028121558e-05,4.539992789197947598e-05
2.202746579480671789e+04,1.000045399929762491e+00,0.000000000000000000e+00,1.000000000000093481e+00,1.000045358689860997e+00,1.000045358727269296e+00
2.202646579480671789e+04,1.000000000000000000e+00,9.999999587993775307e-01,0.000000000000000000e+00,9.999999587619707864e-01,9.999999587993773087e-01
2.202746579480465152e+04,1.000045399929668788e+00,1.000045358727175815e+00,9.999999999999997780e-01,0.000000000000000000e+00,1.000045358727175593e+00
1.000908328416618920e+00,4.544116780880061521e-05,4.544116593659621090e-05,4.543910487663499470e-05,4.544116593489640551e-05,0.000000000000000000e+00
0.000000000000000000e+00,1.000000000000000000e+00,4.539786870243863652e-05,4.539993163298953441e-05,4.539786870243865007e-05,4.539993163468933302e-05
1.000000000000000000e+00,0.000000000000000000e+00,9.999546021313910904e-01,1.000000041200607370e+00,9.999546021313913124e-01,1.000000041238047865e+00
1.000000041200624246e+00,2.202646670231085591e+04,0.000000000000000000e+00,1.000000082401233392e+00,9.999546433301450543e-01,1.000000082438673887e+00
1.000045399929669010e+00,2.202746579480465880e+04,1.000000000000000000e+00,0.000000000000000000e+00,1.000000000000000222e+00,1.000045441169589155e+00
1.000000041238030990e+00,2.202646670313479626e+04,9.999546433675499113e-01,1.000000082438640137e+00,0.000000000000000000e+00,1.000000082476080632e+00
1.000000041200624468e+00,2.202646670231085955e+04,9.999546433301450543e-01,1.000000082401233614e+00,9.999546433301452764e-01,0.000000000000000000e+00
0.000000000000000000e+00,2.202646579480671789e+04,9.999546021313913124e-01,1.000000000000000000e+00,1.000000041275522777e+00,2.200647668668254482e+04
1.000000000000000000e+00,0.000000000000000000e+00,4.539786870243865007e-05,4.539992976248484740e-05,4.539993163639068340e-05,9.990924958951478141e-01
2.202746579480465880e+04,2.202746579480465880e+04,0.000000000000000000e+00,1.000045399929669010e+00,1.000045441207065622e+00,2.200747577917638046e+04
2.202646488730298370e+04,2.202646488730298370e+04,9.999545609326560003e-01,0.000000000000000000e+00,1.000000000074915407e+00,2.200647578000237627e+04
2.202746579480465152e+04,2.202746579480465152e+04,1.000000000000000000e+00,1.000045399929668788e+00,0.000000000000000000e+00,2.200747577917637682e+04
2.202646488647830120e+04,2.202646488647830120e+04,9.999545608952171705e-01,9.999999587619536889e-01,1.000000000037474912e+00,0.000000000000000000e+00
0.000000000000000000e+00,4.539992976248484740e-05,4.539786870243863652e-05,4.539992976248484740e-05,4.539992789028121558e-05,9.990924958951478141e-01
1.000000000000000000e+00,0.000000000000000000e+00,4.539786870243863652e-05,4.539992976248484740e-05,4.539992789028121558e-05,9.990924958951478141e-01
2.202746579480465152e+04,1.000045399929668788e+00,0.000000000000000000e+00,1.000045399929668788e+00,1.000045358689767294e+00,2.200747577917637682e+04
2.202646579480671789e+04,1.000000000000000000e+00,9.999546021313910904e-01,0.000000000000000000e+00,9.999999587619707864e-01,2.200647668668254482e+04
2.202646488565286563e+04,9.999999587244788879e-01,9.999545608577438127e-01,9.999999587244788879e-01,0.000000000000000000e+00,2.200647577835374977e+04
1.000908328416618920e+00,4.544116780880061521e-05,4.543910487663499470e-05,4.544116780880061521e-05,4.544116593489640551e-05,0.000000000000000000e+00
0.000000000000000000e+00,4.539992976248484740e-05,4.539786870243863652e-05,4.539786870243863652e-05,9.990916719578841754e-01,4.539993163468933302e-05
1.000000000000000000e+00,0.000000000000000000e+00,9.999546021313910904e-01,9.999546021313910904e-01,2.200645853825658924e+04,1.000000041238047865e+00
1.000045399929669010e+00,1.000045399929669010e+00,0.000000000000000000e+00,1.000000000000000000e+00,2.200745762992648815e+04,1.000045441169589155e+00
1.000000000000000000e+00,1.000000000000000000e+00,9.999546021313910904e-01,0.000000000000000000e+00,2.200645853825658924e+04,1.000000041238047865e+00
1.000000041238030990e+00,1.000000041238030990e+00,9.999546433675499113e-01,9.999546433675499113e-01,0.000000000000000000e+00,1.000000082476080632e+00
4.544116780880061521e-05,4.544116780880061521e-05,4.543910487663499470e-05,4.543910487663499470e-05,9.999991753143308015e-01,0.000000000000000000e+00
0.000000000000000000e+00,2.202646579480671789e+04,9.999999999625253100e-01,1.000000000000000000e+00,1.000000041275522777e+00,1.000000041238047865e+00
2.202646579480671789e+04,0.000000000000000000e+00,9.999999999625253100e-01,1.000000000000000000e+00,1.000000041275522777e+00,1.000000041238047865e+00
2.202746579480465880e+04,2.202746579480465880e+04,0.000000000000000000e+00,1.000045399929669010e+00,1.000045441207065622e+00,1.000045441169589155e+00
2.202746579480465880e+04,2.202746579480465880e+04,1.000045399892192544e+00,0.000000000000000000e+00,1.000045441207065622e+00,1.000045441169589155e+00
1.000909153852054256e+00,1.000909153852054256e+00,4.544120528180850690e-05,4.544120528351140226e-05,0.000000000000000000e+00,4.544120715741800399e-05
2.202646488647830120e+04,2.202646488647830120e+04,9.999999587244789989e-01,9.999999587619536889e-01,1.000000000037474912e+00,0.000000000000000000e+00
0.000000000000000000e+00,4.539992976248484740e-05,4.539992976418620455e-05,4.539786870243865007e-05,4.539786870243865007e-05,9.990924958951478141e-01
1.000000000000000000e+00,0.000000000000000000e+00,4.539992976418620455e-05,4.539786870243865007e-05,4.539786870243865007e-05,9.990924958951478141e-01
2.202646579563215346e+04,1.000000000037474690e+00,0.000000000000000000e+00,9.999546021688643371e-01,9.999546021688643371e-01,2.200647668750723096e+04
2.202646579480671789e+04,1.000000000000000000e+00,1.000000000037474912e+00,0.000000000000000000e+00,9.999546021313913124e-01,2.200647668668254482e+04
2.202646488565286563e+04,9.999999587244788879e-01,9.999999587619536889e-01,9.999545608577440348e-01,0.000000000000000000e+00,2.200647577835374977e+04
2.202646488647830120e+04,9.999999587619536889e-01,9.999999587994286010e-01,9.999545608952171705e-01,9.999545608952171705e-01,0.000000000000000000e+00
0.000000000000000000e+00,1.000000000000000000e+00,4.539992789197948276e-05,4.539786870243865007e-05,9.990916719578841754e-01,4.539786870243865007e-05
2.202646579480671789e+04,0.000000000000000000e+00,9.999999587993775307e-01,9.999546021313913124e-01,2.200645853825658924e+04,9.999546021313913124e-01
2.202646579398127869e+04,2.202646579398127869e+04,0.000000000000000000e+00,9.999546020939181767e-01,2.200645853743190310e+04,9.999546020939181767e-01
2.202746579480465152e+04,2.202746579480465152e+04,1.000045358727175815e+00,0.000000000000000000e+00,2.200745762992648451e+04,1.000000000000000000e+00
2.202746579480465152e+04,2.202746579480465152e+04,1.000045358727175815e+00,1.000000000000000000e+00,0.000000000000000000e+00,1.000000000000000000e+00
1.000908328416618920e+00,1.000908328416618920e+00,4.544116593659621090e-05,4.543910487663500148e-05,9.999991753143308015e-01,0.000000000000000000e+00
0.000000000000000000e+00,1.000000000000000000e+00,9.981849914538160062e-01,4.539786870243865007e-05,4.539992976248484740e-05,4.539992789197947598e-05
1.000000000000000000e+00,0.000000000000000000e+00,9.981849914538160062e-01,4.539786870243865007e-05,4.539992976248484740e-05,4.539992789197947598e-05
2.202646670231085591e+04,2.202646670231085591e+04,0.000000000000000000e+00,9.999546433301450543e-01,1.000000041200624246e+00,9.999999999999997780e-01
2.202746579480465152e+04,2.202746579480465152e+04,2.198748575613630601e+04,0.000000000000000000e+00,1.000045399929668788e+00,1.000045358727175593e+00
1.000909153852054256e+00,1.000909153852054256e+00,9.990924951838588974e-01,4.543914234964451947e-05,0.000000000000000000e+00,4.544120341130545297e-05
2.202746579480465152e+04,2.202746579480465152e+04,2.198748575613630601e+04,1.000000000000000000e+00,1.000045399929668788e+00,0.000000000000000000e+00
0.000000000000000000e+00,4.539992976248484740e-05,4.539992976248484740e-05,4.539992788857987198e-05,4.539993163298953441e-05,9.990924958951478141e-01
1.000000000000000000e+00,0.000000000000000000e+00,4.539992976248484740e-05,4.539992788857987198e-05,4.539993163298953441e-05,9.990924958951478141e-01
1.001818308792181478e+00,4.548248085393639684e-05,0.000000000000000000e+00,4.548247897662407893e-05,4.548248272784223285e-05,1.000909154564636472e+00
2.202746579480465152e+04,1.000045399929668788e+00,1.000045399929668788e+00,0.000000000000000000e+00,1.000045441132146662e+00,2.200747577917637682e+04
2.202646579480671789e+04,1.000000000000000000e+00,1.000000000000000000e+00,9.999999587244959853e-01,0.000000000000000000e+00,2.200647668668254482e+04
2.202646670231085955e+04,1.000000041200624468e+00,1.000000041200624468e+00,9.999999999251186766e-01,1.000000082401233614e+00,0.000000000000000000e+00
0.000000000000000000e+00,4.539992976248484740e-05,4.539992976418310780e-05,4.539993163468933302e-05,9.990916719578841754e-01,4.539993163468933302e-05
2.202646579480671789e+04,0.000000000000000000e+00,1.000000000037406744e+00,1.000000041238047865e+00,2.200645853825658924e+04,1.000000041238047865e+00
2.202646579480671789e+04,1.000000000000000000e+00,0.000000000000000000e+00,1.000000041238047865e+00,2.200645853825658924e+04,1.000000041238047865e+00
2.202646670396023183e+04,1.000000041275505680e+00,1.000000041312912424e+00,0.000000000000000000e+00,2.200645944658429289e+04,1.000000082513555322e+00
2.202646488730298370e+04,9.999999587993942951e-01,9.999999588368009285e-01,1.000000000037440495e+00,0.000000000000000000e+00,1.000000000037440495e+00
1.000908328416618920e+00,4.544116780880061521e-05,4.544116781050041383e-05,4.544116968270567195e-05,9.999991753143308015e-01,0.000000000000000000e+00
0.000000000000000000e+00,1.000000000000000000e+00,9.981849914538160062e-01,4.539786870243865007e-05,4.539993163639068340e-05,4.539993163468933302e-05
2.202646579480671789e+04,0.000000000000000000e+00,2.198648757114691398e+04,9.999546021313913124e-01,1.000000041275522777e+00,1.000000041238047865e+00
2.202646579398278118e+04,2.202646579398278118e+04,0.000000000000000000e+00,9.999546020939863444e-01,1.000000041238116033e+00,1.000000041200641343e+00
2.202646488647830120e+04,2.202646488647830120e+04,2.198648666446712014e+04,0.000000000000000000e+00,1.000000000037474912e+00,1.000000000000000000e+00
1.000909153852054256e+00,1.000909153852054256e+00,9.990924951838588974e-01,4.543914234964451947e-05,0.000000000000000000e+00,4.544120715741800399e-05
2.202646488647830120e+04,2.202646488647830120e+04,2.198648666446712014e+04,9.999545608952171705e-01,1.000000000037474912e+00,0.000000000000000000e+00
0.000000000000000000e+00,4.539992976248484740e-05,4.539992976418620455e-05,9.990908465228237612e-01,4.539993163639068340e-05,9.990924958951478141e-01
4.539992976248484740e-05,0.000000000000000000e+00,4.539992976418620455e-05,9.990908465228237612e-01,4.539993163639068340e-05,9.990924958951478141e-01
4.548248085393639684e-05,4.548248085393639684e-05,0.000000000000000000e+00,1.000907502193244314e+00,4.548248273124956857e-05,1.000909154564636472e+00
1.000045399929668788e+00,1.000045399929668788e+00,1.000045399967145254e+00,0.000000000000000000e+00,1.000045441207065400e+00,2.200747577917637682e+04
9.999999587244788879e-01,9.999999587244788879e-01,9.999999587619536889e-01,2.200643944851217384e+04,0.000000000000000000e+00,2.200647577835374977e+04
9.999999587619536889e-01,9.999999587619536889e-01,9.999999587994286010e-01,2.200643944933685998e+04,1.000000000037474912e+00,0.000000000000000000e+00
0.000000000000000000e+00,1.000000000000000000e+00,9.999546021312976096e-01,9.999546021313913124e-01,2.200645853825658924e+04,1.000000041238047865e+00
2.202646579480671789e+04,0.000000000000000000e+00,9.999546021312976096e-01,9.999546021313913124e-01,2.200645853825658924e+04,1.000000041238047865e+00
2.202646579398127869e+04,9.999999999625251990e-01,0.000000000000000000e+00,9.999546020939181767e-01,2.200645853743190310e+04,1.000000041200573175e+00
1.000909980789375098e+00,4.544124282640768427e-05,4.543917989083218016e-05,0.000000000000000000e+00,1.000000826186190572e+00,4.544124470031583776e-05
2.202646488565286563e+04,9.999999587244788879e-01,9.999545608576503319e-01,9.999545608577440348e-01,0.000000000000000000e+00,9.999999999625251990e-01
1.000908328416618920e+00,4.544116780880061521e-05,4.543910487663074598e-05,4.543910487663500148e-05,9.999991753143308015e-01,0.000000000000000000e+00
0.000000000000000000e+00,4.539992976248484740e-05,9.981849914538160062e-01,4.539992976248484740e-05,4.539993163639068340e-05,4.539786870243865007e-05
1.000000000000000000e+00,0.000000000000000000e+00,2.198648757114691398e+04,1.000000000000000000e+00,1.000000041275522777e+00,9.999546021313913124e-01
1.000045399929762491e+00,1.000045399929762491e+00,0.000000000000000000e+00,1.000045399929762491e+00,1.000045441207159103e+00,1.000000000000093703e+00
1.000045399929668788e+00,1.000045399929668788e+00,2.198748575613630601e+04,0.000000000000000000e+00,1.000045441207065400e+00,1.000000000000000000e+00
4.544120528351140226e-05,4.544120528351140226e-05,9.990924951838588974e-01,4.544120528351140226e-05,0.000000000000000000e+00,4.543914234964451947e-05
9.999999587619536889e-01,9.999999587619536889e-01,2.198648666446712014e+04,9.999999587619536889e-01,1.000000000037474912e+00,0.000000000000000000e+00
0.000000000000000000e+00,1.000000000000000000e+00,9.999546021313913124e-01,2.200644035683946640e+04,1.000000000000000000e+00,1.000000041238047865e+00
2.202646579480671789e+04,0.000000000000000000e+00,9.999546021313913124e-01,2.200644035683946640e+04,1.000000000000000000e+00,1.000000041238047865e+00
1.001818308792181478e+00,4.548248085393639684e-05,0.000000000000000000e+00,1.000907502193244314e+00,4.548248085393639684e-05,4.548248272954512144e-05
2.202646579480671789e+04,1.000000000000000000e+00,9.999546021313913124e-01,0.000000000000000000e+00,1.000000000000000000e+00,1.000000041238047865e+00
2.202646488565286563e+04,9.999999587244788879e-01,9.999545608577440348e-01,2.200643944851217384e+04,0.000000000000000000e+00,9.999999999625251990e-01
2.202746579480465152e+04,1.000045399929668788e+00,1.000000000000000000e+00,2.200743944768392612e+04,1.000045399929668788e+00,0.000000000000000000e+00
0.000000000000000000e+00,1.000000000000000000e+00,4.539992976248484740e-05,4.539992976248484740e-05,4.539786870243865007e-05,4.539993163468933302e-05
2.202646579480671789e+04,0.000000000000000000e+00,1.000000000000000000e+00,1.000000000000000000e+00,9.999546021313913124e-01,1.000000041238047865e+00
2.202746579480465152e+04,2.202746579480465152e+04,0.000000000000000000e+00,1.000045399929668788e+00,1.000000000000000000e+00,1.000045441169588933e+00
1.000909980789375098e+00,1.000909980789375098e+00,4.544124282640768427e-05,0.000000000000000000e+00,4.543917989083643566e-05,4.544124470031583776e-05
2.202646579480671789e+04,2.202646579480671789e+04,1.000000000000000000e+00,1.000000000000000000e+00,0.000000000000000000e+00,1.000000041238047865e+00
2.202646488647830120e+04,2.202646488647830120e+04,9.999999587619536889e-01,9.999999587619536889e-01,9.999545608952171705e-01,0.000000000000000000e+00
0.000000000000000000e+00,1.000000000000000000e+00,4.539992789197948276e-05,4.539993163468933302e-05,4.539993163639068340e-05,9.990924958951478141e-01
1.000000000000000000e+00,0.000000000000000000e+00,4.539992789197948276e-05,4.539993163468933302e-05,4.539993163639068340e-05,9.990924958951478141e-01
2.202646579480671789e+04,2.202646579480671789e+04,0.000000000000000000e+00,1.000000041238047865e+00,1.000000041275522777e+00,2.200647668668254482e+04
2.202646579480671789e+04,2.202646579480671789e+04,9.999999587993775307e-01,0.000000000000000000e+00,1.000000041275522777e+00,2.200647668668254482e+04
2.202746579480465152e+04,2.202746579480465152e+04,1.000045358727175815e+00,1.000045441169588933e+00,0.000000000000000000e+00,2.200747577917637682e+04
2.202646488647830120e+04,2.202646488647830120e+04,9.999999175613329960e-01,1.000000000000000000e+00,1.000000000037474912e+00,0.000000000000000000e+00
0.000000000000000000e+00,4.539992976248484740e-05,4.539992976418620455e-05,4.539786870243865007e-05,9.990916719578841754e-01,9.990924958951478141e-01
1.000000000000000000e+00,0.000000000000000000e+00,4.539992976418620455e-05,4.539786870243865007e-05,9.990916719578841754e-01,9.990924958951478141e-01
2.202646670231085591e+04,1.000000041200624246e+00,0.000000000000000000e+00,9.999546433301450543e-01,2.200645944493641582e+04,2.200647759336312083e+04
2.202646488647830120e+04,9.999999587619536889e-01,9.999999587994286010e-01,0.000000000000000000e+00,2.200645763075323339e+04,2.200647577917843955e+04
2.202646488565286563e+04,9.999999587244788879e-01,9.999999587619536889e-01,9.999545608577440348e-01,0.000000000000000000e+00,2.200647577835374977e+04
1.000908328416618920e+00,4.544116780880061521e-05,4.544116781050351058e-05,4.543910487663500148e-05,9.999991753143308015e-01,0.000000000000000000e+00
0.000000000000000000e+00,4.539992976248484740e-05,9.981849914538160062e-01,4.539993163469088479e-05,9.990916719578841754e-01,4.539993163468933302e-05
2.202646579480671789e+04,0.000000000000000000e+00,2.198648757114691398e+04,1.000000041238082060e+00,2.200645853825658924e+04,1.000000041238047865e+00
2.202646579398127869e+04,9.999999999625251990e-01,0.000000000000000000e+00,1.000000041200607370e+00,2.200645853743190310e+04,1.000000041200573175e+00
2.202746579480465152e+04,1.000045399929668788e+00,2.198748575613630601e+04,0.000000000000000000e+00,2.200745762992648451e+04,1.000045441169588933e+00
1.000909153852054256e+00,4.544120528351140226e-05,9.990924951838588974e-01,4.544120715741956253e-05,0.000000000000000000e+00,4.544120715741800399e-05
1.000908328416618920e+00,4.544116780880061521e-05,9.990916712465959248e-01,4.544116968270722371e-05,9.999991753143308015e-01,0.000000000000000000e+00
0.000000000000000000e+00,4.539992976248484740e-05,4.539992602147341339e-05,4.539992788857987198e-05,4.539993163639068340e-05,4.539993163468933302e-05
1.000000000000000000e+00,0.000000000000000000e+00,9.999999175987396294e-01,9.999999587244959853e-01,1.000000041275522777e+00,1.000000041238047865e+00
4.548248085393639684e-05,4.548248085393639684e-05,0.000000000000000000e+00,4.548247897662407893e-05,4.548248273124956857e-05,4.548248272954512144e-05
9.999999587619194941e-01,9.999999587619194941e-01,9.999998763606625651e-01,0.000000000000000000e+00,1.000000000037440717e+00,9.999999999999658051e-01
4.544120528351140226e-05,4.544120528351140226e-05,4.544120153909881249e-05,4.544120340790275221e-05,0.000000000000000000e+00,4.544120715741800399e-05
9.999999587619536889e-01,9.999999587619536889e-01,9.999998763606967600e-01,9.999999174864514506e-01,1.000000000037474912e+00,0.000000000000000000e+00
0.000000000000000000e+00,2.202646579480671789e+04,9.999546021313913124e-01,1.000000041163166653e+00,1.000000041275522777e+00,1.000000041238047865e+00
1.000000000000000000e+00,0.000000000000000000e+00,9.999546021313913124e-01,1.000000041163166653e+00,1.000000041275522777e+00,1.000000041238047865e+00
1.000000082401267143e+00,2.202646760981541229e+04,0.000000000000000000e+00,1.000000123564437349e+00,1.000000123676793473e+00,1.000000123639318561e+00
1.000000041275505680e+00,2.202646670396023183e+04,9.999546434050231580e-01,0.000000000000000000e+00,1.000000082551030234e+00,1.000000082513555322e+00
9.999999587244788879e-01,2.202646488565286563e+04,9.999545608577440348e-01,9.999999998876438756e-01,0.000000000000000000e+00,9.999999999625251990e-01
9.999999587619536889e-01,2.202646488647830120e+04,9.999545608952171705e-01,9.999999999251186766e-01,1.000000000037474912e+00,0.000000000000000000e+00
0.000000000000000000e+00,2.202646579480671789e+04,9.999546021312976096e-01,1.000000000000000000e+00,1.000000041275522777e+00,9.999999587993773087e-01
4.539992976248484740e-05,0.000000000000000000e+00,4.539786870243439458e-05,4.539992976248484740e-05,4.539993163639068340e-05,4.539992789197947598e-05
1.000045399929668788e+00,2.202746579480465152e+04,0.000000000000000000e+00,1.000045399929668788e+00,1.000045441207065400e+00,1.000045358727175593e+00
9.999999588368350123e-01,2.202646488812767348e+04,9.999545609700013493e-01,0.000000000000000000e+00,1.000000000112356124e+00,9.999999176362139863e-01
9.999999587244788879e-01,2.202646488565286563e+04,9.999545608576503319e-01,9.999999587244788879e-01,0.000000000000000000e+00,9.999999175238578619e-01
9.999999587619536889e-01,2.202646488647830120e+04,9.999545608951234676e-01,9.999999587619536889e-01,1.000000000037474912e+00,0.000000000000000000e+00
0.000000000000000000e+00,2.202646579480671789e+04,9.999546021313913124e-01,1.000000000000000000e+00,9.999546021313913124e-01,2.200647668668254482e+04
1.000000000000000000e+00,0.000000000000000000e+00,4.539786870243865007e-05,4.539992976248484740e-05,4.539786870243865007e-05,9.990924958951478141e-01
2.202746579480671789e+04,2.202746579480671789e+04,0.000000000000000000e+00,1.000045399929762491e+00,1.000000000000093703e+00,2.200747577917843955e+04
2.202646579480671789e+04,2.202646579480671789e+04,9.999546021313913124e-01,0.000000000000000000e+00,9.999546021313913124e-01,2.200647668668254482e+04
2.202646488565286563e+04,2.202646488565286563e+04,9.999545608577440348e-01,9.999999587244788879e-01,0.000000000000000000e+00,2.200647577835374977e+04
2.202646670231085955e+04,2.202646670231085955e+04,9.999546433301452764e-01,1.000000041200624468e+00,9.999546433301452764e-01,0.000000000000000000e+00
0.000000000000000000e+00,1.000000000000000000e+00,4.539992789197948276e-05,4.539992976248484740e-05,9.990916719578841754e-01,4.539992789197947598e-05
1.000000000000000000e+00,0.000000000000000000e+00,4.539992789197948276e-05,4.539992976248484740e-05,9.990916719578841754e-01,4.539992789197947598e-05
2.202746579480465152e+04,2.202746579480465152e+04,0.000000000000000000e+00,1.000045399929668788e+00,2.200745762992648451e+04,1.000045358727175593e+00
2.202646579480671789e+04,2.202646579480671789e+04,9.999999587993775307e-01,0.000000000000000000e+00,2.200645853825658924e+04,9.999999587993773087e-01
2.202746579480465152e+04,2.202746579480465152e+04,1.000045358727175815e+00,1.000045399929668788e+00,0.000000000000000000e+00,1.000045358727175593e+00
1.000908328416618920e+00,1.000908328416618920e+00,4.544116593659621090e-05,4.544116780880061521e-05,9.999991753143308015e-01,0.000000000000000000e+00
0.000000000000000000e+00,4.539992976248484740e-05,4.539992602147341339e-05,4.539786870243865007e-05,4.539993163298953441e-05,9.990924958951478141e-01
1.000000000000000000e+00,0.000000000000000000e+00,4.539992602147341339e-05,4.539786870243865007e-05,4.539993163298953441e-05,9.990924958951478141e-01
2.202646670231085591e+04,1.000000041200624246e+00,0.000000000000000000e+00,9.999546433301450543e-01,1.000000082401233392e+00,2.200647759336312083e+04
2.202646579480671789e+04,1.000000000000000000e+00,9.999999175987396294e-01,0.000000000000000000e+00,1.000000041200607370e+00,2.200647668668254482e+04
1.000909153852054256e+00,4.544120528351140226e-05,4.544120153909881249e-05,4.543914234964451947e-05,0.000000000000000000e+00,1.000000824686349432e+00
2.202646670231085955e+04,1.000000041200624468e+00,9.999999587993605443e-01,9.999546433301452764e-01,1.000000082401233614e+00,0.000000000000000000e+00
0.000000000000000000e+00,1.000000000000000000e+00,4.539992976418310780e-05,4.539993163128972224e-05,9.990916719578841754e-01,4.539993163468933302e-05
2.202646579480671789e+04,0.000000000000000000e+00,1.000000000037406744e+00,1.000000041163166653e+00,2.200645853825658924e+04,1.000000041238047865e+00
2.202646760981541229e+04,2.202646760981541229e+04,0.000000000000000000e+00,1.000000123564437349e+00,2.200646035161666077e+04,1.000000123639318561e+00
2.202746579480465152e+04,2.202746579480465152e+04,1.000045399967077087e+00,0.000000000000000000e+00,2.200745762992648451e+04,1.000045441169588933e+00
2.202646488730298370e+04,2.202646488730298370e+04,9.999999588368009285e-01,9.999999999625592828e-01,0.000000000000000000e+00,1.000000000037440495e+00
1.000908328416618920e+00,1.000908328416618920e+00,4.544116781050041383e-05,4.544116967930297797e-05,9.999991753143308015e-01,0.000000000000000000e+00
0.000000000000000000e+00,1.000000000000000000e+00,4.539992602147341339e-05,4.539786870243865007e-05,4.539786870243865007e-05,4.539992789197947598e-05
1.000000000000000000e+00,0.000000000000000000e+00,4.539992602147341339e-05,4.539786870243865007e-05,4.539786870243865007e-05,4.539992789197947598e-05
2.202646579398278118e+04,2.202646579398278118e+04,0.000000000000000000e+00,9.999546020939863444e-01,9.999546020939863444e-01,9.999999587619706753e-01
2.202646488812767348e+04,2.202646488812767348e+04,9.999998764355779723e-01,0.000000000000000000e+00,9.999545609700950521e-01,9.999999176362139863e-01
1.000909153852054256e+00,1.000909153852054256e+00,4.544120153909881249e-05,4.543914234964451947e-05,0.000000000000000000e+00,4.544120341130545297e-05
2.202646488647830120e+04,2.202646488647830120e+04,9.999998763606967600e-01,9.999545608952171705e-01,9.999545608952171705e-01,0.000000000000000000e+00
0.000000000000000000e+00,4.539992976248484740e-05,4.539786870243863652e-05,4.539993163128972224e-05,4.539993163298953441e-05,9.990924958951478141e-01
1.000000000000000000e+00,0.000000000000000000e+00,4.539786870243863652e-05,4.539993163128972224e-05,4.539993163298953441e-05,9.990924958951478141e-01
2.202646760981541229e+04,1.000000082401267143e+00,0.000000000000000000e+00,1.000000123564437349e+00,1.000000123601878066e+00,2.200647850004410793e+04
2.202746579480465152e+04,1.000045399929668788e+00,9.999999999999997780e-01,0.000000000000000000e+00,1.000045441132146662e+00,2.200747577917637682e+04
2.202746579480465152e+04,1.000045399929668788e+00,9.999999999999997780e-01,1.000045441094704168e+00,0.000000000000000000e+00,2.200747577917637682e+04
2.202646670231085955e+04,1.000000041200624468e+00,9.999546433301450543e-01,1.000000082363792675e+00,1.000000082401233614e+00,0.000000000000000000e+00
0.000000000000000000e+00,1.000000000000000000e+00,4.539992976418310780e-05,4.539786870243863652e-05,9.990916719578841754e-01,4.539993163468933302e-05
1.000000000000000000e+00,0.000000000000000000e+00,1.000000000037406744e+00,9.999546021313910904e-01,2.200645853825658924e+04,1.000000041238047865e+00
1.000045399929669010e+00,2.202746579480465880e+04,0.000000000000000000e+00,1.000000000000000000e+00,2.200745762992648815e+04,1.000045441169589155e+00
9.999999588368350123e-01,2.202646488812767348e+04,9.999999588742416456e-01,0.000000000000000000e+00,2.200645763240110682e+04,1.000000000074881212e+00
9.999999587993942951e-01,2.202646488730298370e+04,9.999999588368009285e-01,9.999545609326557782e-01,0.000000000000000000e+00,1.000000000037440495e+00
4.544116780880061521e-05,1.000908328416618920e+00,4.544116781050041383e-05,4.543910487663499470e-05,9.999991753143308015e-01,0.000000000000000000e+00
0.000000000000000000e+00,2.202646579480671789e+04,9.999999999625253100e-01,9.999546021313913124e-01,9.999546021313913124e-01,2.200647668668254482e+04
1.000000000000000000e+00,0.000000000000000000e+00,4.539992976078349702e-05,4.539786870243865007e-05,4.539786870243865007e-05,9.990924958951478141e-01
2.202646579398278118e+04,2.202646579398278118e+04,0.000000000000000000e+00,9.999546020939863444e-01,9.999546020939863444e-01,2.200647668585935389e+04
2.202746579480465880e+04,2.202746579480465880e+04,1.000045399892192544e+00,0.000000000000000000e+00,1.000000000000000222e+00,2.200747577917638046e+04
1.000909153852054256e+00,1.000909153852054256e+00,4.544120528180850690e-05,4.543914234964451947e-05,0.000000000000000000e+00,1.000000824686349432e+00
2.202646488647830120e+04,2.202646488647830120e+04,9.999999587244789989e-01,9.999545608952171705e-01,9.999545608952171705e-01,0.000000000000000000e+00
0.000000000000000000e+00,4.539992976248484740e-05,4.539992789197948276e-05,4.539993163468778804e-05,9.990916719578841754e-01,4.539992789197947598e-05
1.000000000000000000e+00,0.000000000000000000e+00,4.539992789197948276e-05,4.539993163468778804e-05,9.990916719578841754e-01,4.539992789197947598e-05
2.202646579563215346e+04,1.000000000037474690e+00,0.000000000000000000e+00,1.000000041275488805e+00,2.200645853908127538e+04,9.999999588368519987e-01
2.202746579480465152e+04,1.000045399929668788e+00,1.000045358727175815e+00,0.000000000000000000e+00,2.200745762992648451e+04,1.000045358727175593e+00
2.202746579480465152e+04,1.000045399929668788e+00,1.000045358727175815e+00,1.000045441169554961e+00,0.000000000000000000e+00,1.000045358727175593e+00
1.000908328416618920e+00,4.544116780880061521e-05,4.544116593659621090e-05,4.544116968270412696e-05,9.999991753143308015e-01,0.000000000000000000e+00
0.000000000000000000e+00,4.539992976248484740e-05,4.539992602147341339e-05,4.539993163298953441e-05,4.539993163298953441e-05,4.539993163468933302e-05
1.000000000000000000e+00,0.000000000000000000e+00,9.999999175987396294e-01,1.000000041200607370e+00,1.000000041200607370e+00,1.000000041238047865e+00
1.000000041200624246e+00,1.000000041200624246e+00,0.000000000000000000e+00,1.000000082401233392e+00,1.000000082401233392e+00,1.000000082438673887e+00
9.999999587619876618e-01,9.999999587619876618e-01,9.999998763607307328e-01,0.000000000000000000e+00,9.999999999625934777e-01,1.000000000000033973e+00
4.544120528351140226e-05,4.544120528351140226e-05,4.544120153909881249e-05,4.544120715571666039e-05,0.000000000000000000e+00,4.544120715741800399e-05
1.000000041200624468e+00,1.000000041200624468e+00,9.999999587993605443e-01,1.000000082401233614e+00,1.000000082401233614e+00,0.000000000000000000e+00
0.000000000000000000e+00,1.000000000000000000e+00,9.999546021313913124e-01,9.999546021313913124e-01,1.000000041275522777e+00,1.000000041238047865e+00
2.202646579480671789e+04,0.000000000000000000e+00,9.999546021313913124e-01,9.999546021313913124e-01,1.000000041275522777e+00,1.000000041238047865e+00
2.202646760981541229e+04,1.000000082401267143e+00,0.000000000000000000e+00,9.999546845289176700e-01,1.000000123676793473e+00,1.000000123639318561e+00
2.202646488730298370e+04,9.999999587993942951e-01,9.999545609326560003e-01,0.000000000000000000e+00,1.000000000074915407e+00,1.000000000037440495e+00
2.202646488730298370e+04,9.999999587993942951e-01,9.999545609326560003e-01,9.999545609326560003e-01,0.000000000000000000e+00,1.000000000037440495e+00
2.202646488647830120e+04,9.999999587619536889e-01,9.999545608952171705e-01,9.999545608952171705e-01,1.000000000037474912e+00,0.000000000000000000e+00
0.000000000000000000e+00,1.000000000000000000e+00,4.539992976418620455e-05,4.539992976248484740e-05,4.539786870243865007e-05,4.539993163468933302e-05
2.202646579480671789e+04,0.000000000000000000e+00,1.000000000037474912e+00,1.000000000000000000e+00,9.999546021313913124e-01,1.000000041238047865e+00
2.202746579480465152e+04,2.202746579480465152e+04,0.000000000000000000e+00,1.000045399929668788e+00,1.000000000000000000e+00,1.000045441169588933e+00
2.202746579480465152e+04,2.202746579480465152e+04,1.000045399967145254e+00,0.000000000000000000e+00,1.000000000000000000e+00,1.000045441169588933e+00
2.202646488565286563e+04,2.202646488565286563e+04,9.999999587619536889e-01,9.999999587244788879e-01,0.000000000000000000e+00,9.999999999625251990e-01
2.202646488647830120e+04,2.202646488647830120e+04,9.999999587994286010e-01,9.999999587619536889e-01,9.999545608952171705e-01,0.000000000000000000e+00
0.000000000000000000e+00,1.000000000000000000e+00,4.539992789197948276e-05,4.539993163469088479e-05,4.539993163639068340e-05,9.990924958951478141e-01
1.000000000000000000e+00,0.000000000000000000e+00,4.539992789197948276e-05,4.539993163469088479e-05,4.539993163639068340e-05,9.990924958951478141e-01
2.202646579398127869e+04,2.202646579398127869e+04,0.000000000000000000e+00,1.000000041200607370e+00,1.000000041238047865e+00,2.200647668585785505e+04
2.202646579480671789e+04,2.202646579480671789e+04,9.999999587993775307e-01,0.000000000000000000e+00,1.000000041275522777e+00,2.200647668668254482e+04
2.202746579480465152e+04,2.202746579480465152e+04,1.000045358727175815e+00,1.000045441169623128e+00,0.000000000000000000e+00,2.200747577917637682e+04
2.202646488647830120e+04,2.202646488647830120e+04,9.999999175613329960e-01,1.000000000000034195e+00,1.000000000037474912e+00,0.000000000000000000e+00
0.000000000000000000e+00,1.000000000000000000e+00,4.539786870243863652e-05,4.539993163298953441e-05,4.539992789028121558e-05,9.990924958951478141e-01
4.539992976248484740e-05,0.000000000000000000e+00,4.539786870243863652e-05,4.539993163298953441e-05,4.539992789028121558e-05,9.990924958951478141e-01
1.000000041200624246e+00,2.202646670231085591e+04,0.000000000000000000e+00,1.000000082401233392e+00,9.999999999625932556e-01,2.200647759336312083e+04
9.999999587619194941e-01,2.202646488647754813e+04,9.999545608951827536e-01,0.000000000000000000e+00,9.999999175238920568e-01,2.200647577917768649e+04
9.999999587244788879e-01,2.202646488565286563e+04,9.999545608577438127e-01,9.999999999250845928e-01,0.000000000000000000e+00,2.200647577835374977e+04
4.544116780880061521e-05,1.000908328416618920e+00,4.543910487663499470e-05,4.544116968100432835e-05,4.544116593489640551e-05,0.000000000000000000e+00
0.000000000000000000e+00,1.000000000000000000e+00,9.999546021313913124e-01,9.999546021313910904e-01,9.999999587619707864e-01,2.200647668668254482e+04
1.000000000000000000e+00,0.000000000000000000e+00,4.539786870243865007e-05,4.539786870243863652e-05,4.539992789028121558e-05,9.990924958951478141e-01
2.202746579480465880e+04,1.000045399929669010e+00,0.000000000000000000e+00,1.000000000000000000e+00,1.000045358689767516e+00,2.200747577917638046e+04
2.202646488730298370e+04,9.999999587993942951e-01,9.999545609326560003e-01,0.000000000000000000e+00,9.999999175613667468e-01,2.200647578000237627e+04
2.202646670313479626e+04,1.000000041238030990e+00,9.999546433675501333e-01,9.999546433675499113e-01,0.000000000000000000e+00,2.200647759418631176e+04
1.000908328416618920e+00,4.544116780880061521e-05,4.543910487663500148e-05,4.543910487663499470e-05,4.544116593489640551e-05,0.000000000000000000e+00
0.000000000000000000e+00,4.539992976248484740e-05,4.539992976078505556e-05,4.539992976248484740e-05,4.539992789028121558e-05,4.539786870243865007e-05
2.202646579480671789e+04,0.000000000000000000e+00,9.999999999625595049e-01,1.000000000000000000e+00,9.999999587619707864e-01,9.999546021313913124e-01
2.202746579480465152e+04,1.000045399929668788e+00,0.000000000000000000e+00,1.000045399929668788e+00,1.000045358689767294e+00,1.000000000000000000e+00
2.202746579480465880e+04,1.000045399929669010e+00,1.000045399892226738e+00,0.000000000000000000e+00,1.000045358689767516e+00,1.000000000000000222e+00
2.202646670313479626e+04,1.000000041238030990e+00,1.000000041200590495e+00,1.000000041238030990e+00,0.000000000000000000e+00,9.999546433675501333e-01
1.000908328416618920e+00,4.544116780880061521e-05,4.544116780709927161e-05,4.544116780880061521e-05,4.544116593489640551e-05,0.000000000000000000e+00
0.000000000000000000e+00,4.539992976248484740e-05,4.539992976078505556e-05,4.539993163468778804e-05,4.539786870243863652e-05,4.539993163468933302e-05
1.000000000000000000e+00,0.000000000000000000e+00,9.999999999625595049e-01,1.000000041238013893e+00,9.999546021313910904e-01,1.000000041238047865e+00
1.000000000037440495e+00,1.000000000037440495e+00,0.000000000000000000e+00,1.000000041275454610e+00,9.999546021688299202e-01,1.000000041275488583e+00
1.000000000000000000e+00,1.000000000000000000e+00,9.999999999625595049e-01,0.000000000000000000e+00,9.999546021313910904e-01,1.000000041238047865e+00
1.000000041238030990e+00,1.000000041238030990e+00,1.000000041200590495e+00,1.000000082476046659e+00,0.000000000000000000e+00,1.000000082476080632e+00
1.000045399929668788e+00,1.000045399929668788e+00,1.000045399892226516e+00,1.000045441169554961e+00,9.999999999999997780e-01,0.000000000000000000e+00
0.000000000000000000e+00,2.202646579480671789e+04,9.999546021313913124e-01,1.000000041238013893e+00,1.000000041275522777e+00,9.999546021313913124e-01
2.202646579480671789e+04,0.000000000000000000e+00,9.999546021313913124e-01,1.000000041238013893e+00,1.000000041275522777e+00,9.999546021313913124e-01
2.202646579563140040e+04,2.202646579563140040e+04,0.000000000000000000e+00,1.000000041275454610e+00,1.000000041312963273e+00,9.999546021688301423e-01
2.202646488647905062e+04,2.202646488647905062e+04,9.999545608952511433e-01,0.000000000000000000e+00,1.000000000037508885e+00,9.999545608952511433e-01
2.202746579480465880e+04,2.202746579480465880e+04,1.000000000000000222e+00,1.000045441169555183e+00,0.000000000000000000e+00,1.000000000000000222e+00
2.202646488647830120e+04,2.202646488647830120e+04,9.999545608952171705e-01,9.999999999999660272e-01,1.000000000037474912e+00,0.000000000000000000e+00
0.000000000000000000e+00,4.539992976248484740e-05,4.539992976418620455e-05,4.539992976248484740e-05,4.539992976248484740e-05,9.990924958951478141e-01
1.000000000000000000e+00,0.000000000000000000e+00,4.539992976418620455e-05,4.539992976248484740e-05,4.539992976248484740e-05,9.990924958951478141e-01
2.202746579480465152e+04,1.000045399929668788e+00,0.000000000000000000e+00,1.000045399929668788e+00,1.000045399929668788e+00,2.200747577917637682e+04
2.202646488647905062e+04,9.999999587619876618e-01,9.999999587994625738e-01,0.000000000000000000e+00,9.999999587619876618e-01,2.200647577917918898e+04
2.202646488565286563e+04,9.999999587244788879e-01,9.999999587619536889e-01,9.999999587244788879e-01,0.000000000000000000e+00,2.200647577835374977e+04
2.202746579480465152e+04,1.000045399929668788e+00,1.000045399967145254e+00,1.000045399929668788e+00,1.000045399929668788e+00,0.000000000000000000e+00
0.000000000000000000e+00,4.539992976248484740e-05,4.539992976248484740e-05,4.539786870243865007e-05,9.990916719578841754e-01,4.539993163468933302e-05
2.202646579480671789e+04,0.000000000000000000e+00,1.000000000000000000e+00,9.999546021313913124e-01,2.200645853825658924e+04,1.000000041238047865e+00
2.202646579398127869e+04,9.999999999625251990e-01,0.000000000000000000e+00,9.999546020939181767e-01,2.200645853743190310e+04,1.000000041200573175e+00
2.202646579480671789e+04,1.000000000000000000e+00,1.000000000000000000e+00,0.000000000000000000e+00,2.200645853825658924e+04,1.000000041238047865e+00
2.202646579480671789e+04,1.000000000000000000e+00,1.000000000000000000e+00,9.999546021313913124e-01,0.000000000000000000e+00,1.000000041238047865e+00
1.000908328416618920e+00,4.544116780880061521e-05,4.544116780880061521e-05,4.543910487663500148e-05,9.999991753143308015e-01,0.000000000000000000e+00
0.000000000000000000e+00,1.000000000000000000e+00,9.981849914538160062e-01,4.539993163468933302e-05,4.539993163639068340e-05,4.539786870243865007e-05
1.000000000000000000e+00,0.000000000000000000e+00,2.198648757114691398e+04,1.000000041238047865e+00,1.000000041275522777e+00,9.999546021313913124e-01
1.000000000000000000e+00,2.202646579480671789e+04,0.000000000000000000e+00,1.000000041238047865e+00,1.000000041275522777e+00,9.999546021313913124e-01
1.000045399929668788e+00,2.202746579480465152e+04,2.198748575613630601e+04,0.000000000000000000e+00,1.000045441207065400e+00,1.000000000000000000e+00
4.544120528351140226e-05,1.000909153852054256e+00,9.990924951838588974e-01,4.544120715741800399e-05,0.000000000000000000e+00,4.543914234964451947e-05
9.999999587619536889e-01,2.202646488647830120e+04,2.198648666446712014e+04,1.000000000000000000e+00,1.000000000037474912e+00,0.000000000000000000e+00
0.000000000000000000e+00,2.202646579480671789e+04,9.999546021313913124e-01,2.200644035683946640e+04,9.999546021313910904e-01,9.999999587993773087e-01
1.000000000000000000e+00,0.000000000000000000e+00,4.539786870243865007e-05,9.990908465228237612e-01,4.539786870243863652e-05,4.539992789197947598e-05
1.001818308792181478e+00,1.001818308792181478e+00,0.000000000000000000e+00,1.000907502193244314e+00,4.548041604624657885e-05,4.548247898002986289e-05
2.202646488647830120e+04,2.202646488647830120e+04,9.999545608952171705e-01,0.000000000000000000e+00,9.999545608952169484e-01,9.999999175613327740e-01
2.202646488565286563e+04,2.202646488565286563e+04,9.999545608577440348e-01,2.200643944851217384e+04,0.000000000000000000e+00,9.999999175238578619e-01
2.202746579480465152e+04,2.202746579480465152e+04,1.000000000000000000e+00,2.200743944768392612e+04,9.999999999999997780e-01,0.000000000000000000e+00
0.000000000000000000e+00,1.000000000000000000e+00,4.539992789197948276e-05,4.539992976248484740e-05,4.539993163298953441e-05,9.990924958951478141e-01
1.000000000000000000e+00,0.000000000000000000e+00,4.539992789197948276e-05,4.539992976248484740e-05,4.539993163298953441e-05,9.990924958951478141e-01
2.202746579480465152e+04,2.202746579480465152e+04,0.000000000000000000e+00,1.000045399929668788e+00,1.000045441132146662e+00,2.200747577917637682e+04
1.000909980789375098e+00,1.000909980789375098e+00,4.544124095420019676e-05,0.000000000000000000e+00,4.544124469861449416e-05,1.000001650873221237e+00
2.202746579480465880e+04,2.202746579480465880e+04,1.000045358727176037e+00,1.000045399929669010e+00,0.000000000000000000e+00,2.200747577917638046e+04
2.202646670231085955e+04,2.202646670231085955e+04,1.000000000000000222e+00,1.000000041200624468e+00,1.000000082401233614e+00,0.000000000000000000e+00
0.000000000000000000e+00,1.000000000000000000e+00,4.539786870243863652e-05,4.539786870243865007e-05,4.539992789028121558e-05,9.990924958951478141e-01
1.000000000000000000e+00,0.000000000000000000e+00,4.539786870243863652e-05,4.539786870243865007e-05,4.539992789028121558e-05,9.990924958951478141e-01
2.202646670231085591e+04,2.202646670231085591e+04,0.000000000000000000e+00,9.999546433301450543e-01,9.999999999625932556e-01,2.200647759336312083e+04
2.202646579480671789e+04,2.202646579480671789e+04,9.999546021313910904e-01,0.000000000000000000e+00,9.999999587619707864e-01,2.200647668668254482e+04
2.202646488730298370e+04,2.202646488730298370e+04,9.999545609326557782e-01,9.999545609326560003e-01,0.000000000000000000e+00,2.200647578000237627e+04
1.000908328416618920e+00,1.000908328416618920e+00,4.543910487663499470e-05,4.543910487663500148e-05,4.544116593489640551e-05,0.000000000000000000e+00
0.000000000000000000e+00,1.000000000000000000e+00,4.539992976078505556e-05,4.539786870243863652e-05,4.539992789028121558e-05,9.990924958951478141e-01
1.000000000000000000e+00,0.000000000000000000e+00,4.539992976078505556e-05,4.539786870243863652e-05,4.539992789028121558e-05,9.990924958951478141e-01
2.202746579480465880e+04,2.202746579480465880e+04,0.000000000000000000e+00,1.000000000000000000e+00,1.000045358689767516e+00,2.200747577917638046e+04
2.202746579480465152e+04,2.202746579480465152e+04,1.000045399892226516e+00,0.000000000000000000e+00,1.000045358689767294e+00,2.200747577917637682e+04
2.202646670313479626e+04,2.202646670313479626e+04,1.000000041200590495e+00,9.999546433675499113e-01,0.000000000000000000e+00,2.200647759418631176e+04
1.000908328416618920e+00,1.000908328416618920e+00,4.544116780709927161e-05,4.543910487663499470e-05,4.544116593489640551e-05,0.000000000000000000e+00
0.000000000000000000e+00,4.539992976248484740e-05,4.539992976078505556e-05,4.539993163468778804e-05,4.539992789028121558e-05,9.990924958951478141e-01
1.000000000000000000e+00,0.000000000000000000e+00,4.539992976078505556e-05,4.539993163468778804e-05,4.539992789028121558e-05,9.990924958951478141e-01
2.202646579563140040e+04,1.000000000037440495e+00,0.000000000000000000e+00,1.000000041275454610e+00,9.999999587994112815e-01,2.200647668750647790e+04
2.202746579480465880e+04,1.000045399929669010e+00,1.000045399892226738e+00,0.000000000000000000e+00,1.000045358689767516e+00,2.200747577917638046e+04
2.202646670313479626e+04,1.000000041238030990e+00,1.000000041200590495e+00,1.000000082476046659e+00,0.000000000000000000e+00,2.200647759418631176e+04
1.000908328416618920e+00,4.544116780880061521e-05,4.544116780709927161e-05,4.544116968270412696e-05,4.544116593489640551e-05,0.000000000000000000e+00
0.000000000000000000e+00,4.539992976248484740e-05,4.539992976078505556e-05,4.539993163468778804e-05,9.990916719578841754e-01,4.539993163468933302e-05
2.202646579480671789e+04,0.000000000000000000e+00,9.999999999625595049e-01,1.000000041238013893e+00,2.200645853825658924e+04,1.000000041238047865e+00
2.202646579563140040e+04,1.000000000037440495e+00,0.000000000000000000e+00,1.000000041275454610e+00,2.200645853908052231e+04,1.000000041275488583e+00
2.202646488647905062e+04,9.999999587619876618e-01,9.999999587245471666e-01,0.000000000000000000e+00,2.200645763075398281e+04,1.000000000000033973e+00
2.202646670313479626e+04,1.000000041238030990e+00,1.000000041200590495e+00,1.000000082476046659e+00,0.000000000000000000e+00,1.000000082476080632e+00
1.000908328416618920e+00,4.544116780880061521e-05,4.544116780709927161e-05,4.544116968270412696e-05,9.999991753143308015e-01,0.000000000000000000e+00
0.000000000000000000e+00,1.000000000000000000e+00,4.539992602147341339e-05,4.539786870243865007e-05,4.539993163639068340e-05,4.539786870243865007e-05
2.202646579480671789e+04,0.000000000000000000e+00,9.999999175987396294e-01,9.999546021313913124e-01,1.000000041275522777e+00,9.999546021313913124e-01
2.202646579563140040e+04,2.202646579563140040e+04,0.000000000000000000e+00,9.999546021688301423e-01,1.000000041312963273e+00,9.999546021688301423e-01
2.202646488647905062e+04,2.202646488647905062e+04,9.999998763607307328e-01,0.000000000000000000e+00,1.000000000037508885e+00,9.999545608952511433e-01
1.000909153852054256e+00,1.000909153852054256e+00,4.544120153909881249e-05,4.543914234964451947e-05,0.000000000000000000e+00,4.543914234964451947e-05
2.202646488647830120e+04,2.202646488647830120e+04,9.999998763606967600e-01,9.999545608952171705e-01,1.000000000037474912e+00,0.000000000000000000e+00
0.000000000000000000e+00,4.539992976248484740e-05,4.539992976418620455e-05,4.539993163128972224e-05,4.539786870243863652e-05,4.539992789197947598e-05
4.539992976248484740e-05,0.000000000000000000e+00,4.539992976418620455e-05,4.539993163128972224e-05,4.539786870243863652e-05,4.539992789197947598e-05
1.000000082401267143e+00,1.000000082401267143e+00,0.000000000000000000e+00,1.000000123564437349e+00,9.999546845289174479e-01,1.000000041200641121e+00
1.000045399929668788e+00,1.000045399929668788e+00,1.000045399967145254e+00,0.000000000000000000e+00,9.999999999999997780e-01,1.000045358727175593e+00
9.999999587244788879e-01,9.999999587244788879e-01,9.999999587619536889e-01,9.999999998876438756e-01,0.000000000000000000e+00,9.999999175238578619e-01
1.000045399929668788e+00,1.000045399929668788e+00,1.000045399967145254e+00,1.000045441094704168e+00,9.999999999999997780e-01,0.000000000000000000e+00
0.000000000000000000e+00,2.202646579480671789e+04,9.999546021312976096e-01,1.000000041238082060e+00,9.999546021313913124e-01,1.000000041238047865e+00
2.202646579480671789e+04,0.000000000000000000e+00,9.999546021312976096e-01,1.000000041238082060e+00,9.999546021313913124e-01,1.000000041238047865e+00
2.202646579398127869e+04,2.202646579398127869e+04,0.000000000000000000e+00,1.000000041200607370e+00,9.999546020939181767e-01,1.000000041200573175e+00
2.202646488812767348e+04,2.202646488812767348e+04,9.999545609700013493e-01,0.000000000000000000e+00,9.999545609700950521e-01,1.000000000074881212e+00
2.202746579480465880e+04,2.202746579480465880e+04,9.999999999999065192e-01,1.000045441169623350e+00,0.000000000000000000e+00,1.000045441169589155e+00
2.202646670231085955e+04,2.202646670231085955e+04,9.999546433300515735e-01,1.000000082438708304e+00,9.999546433301452764e-01,0.000000000000000000e+00
0.000000000000000000e+00,1.000000000000000000e+00,4.539786870243863652e-05,4.539992976248484740e-05,4.539786870243865007e-05,9.990924958951478141e-01
1.000000000000000000e+00,0.000000000000000000e+00,4.539786870243863652e-05,4.539992976248484740e-05,4.539786870243865007e-05,9.990924958951478141e-01
2.202746579480671789e+04,2.202746579480671789e+04,0.000000000000000000e+00,1.000045399929762491e+00,1.000000000000093703e+00,2.200747577917843955e+04
2.202646488647754813e+04,2.202646488647754813e+04,9.999545608951827536e-01,0.000000000000000000e+00,9.999545608951829756e-01,2.200647577917768649e+04
2.202746579480465152e+04,2.202746579480465152e+04,9.999999999999997780e-01,1.000045399929668788e+00,0.000000000000000000e+00,2.200747577917637682e+04
2.202646488647830120e+04,2.202646488647830120e+04,9.999545608952169484e-01,9.999999587619536889e-01,9.999545608952171705e-01,0.000000000000000000e+00
0.000000000000000000e+00,1.000000000000000000e+00,4.539992789197948276e-05,4.539786870243863652e-05,4.539992789028121558e-05,9.990924958951478141e-01
1.000000000000000000e+00,0.000000000000000000e+00,4.539992789197948276e-05,4.539786870243863652e-05,4.539992789028121558e-05,9.990924958951478141e-01
2.202746579480465880e+04,2.202746579480465880e+04,0.000000000000000000e+00,1.000000000000000000e+00,1.000045358689767516e+00,2.200747577917638046e+04
2.202646579480671789e+04,2.202646579480671789e+04,9.999999587993775307e-01,0.000000000000000000e+00,9.999999587619707864e-01,2.200647668668254482e+04
2.202746579480465152e+04,2.202746579480465152e+04,1.000045358727175815e+00,9.999999999999997780e-01,0.000000000000000000e+00,2.200747577917637682e+04
1.000908328416618920e+00,1.000908328416618920e+00,4.544116593659621090e-05,4.543910487663499470e-05,4.544116593489640551e-05,0.000000000000000000e+00
0.000000000000000000e+00,1.000000000000000000e+00,4.539786870243863652e-05,4.539993163298953441e-05,9.990916719578841754e-01,9.990924958951478141e-01
1.000000000000000000e+00,0.000000000000000000e+00,4.539786870243863652e-05,4.539993163298953441e-05,9.990916719578841754e-01,9.990924958951478141e-01
2.202646670231085591e+04,2.202646670231085591e+04,0.000000000000000000e+00,1.000000082401233392e+00,2.200645944493641582e+04,2.200647759336312083e+04
2.202746579480465880e+04,2.202746579480465880e+04,1.000000000000000000e+00,0.000000000000000000e+00,2.200745762992648815e+04,2.200747577917638046e+04
2.202646670313479626e+04,2.202646670313479626e+04,9.999546433675499113e-01,1.000000082438640137e+00,0.000000000000000000e+00,2.200647759418631176e+04
1.000908328416618920e+00,1.000908328416618920e+00,4.543910487663499470e-05,4.544116968100432835e-05,9.999991753143308015e-01,0.000000000000000000e+00
0.000000000000000000e+00,4.539992976248484740e-05,9.981849914538160062e-01,4.539992976248484740e-05,9.990916719578841754e-01,9.990924958951478141e-01
1.000000000000000000e+00,0.000000000000000000e+00,9.981849914538160062e-01,4.539992976248484740e-05,9.990916719578841754e-01,9.990924958951478141e-01
2.202746579480465880e+04,1.000045399929669010e+00,0.000000000000000000e+00,1.000045399929669010e+00,2.200745762992648815e+04,2.200747577917638046e+04
2.202646488730298370e+04,9.999999587993942951e-01,2.198648666529030743e+04,0.000000000000000000e+00,2.200645763157717010e+04,2.200647578000237627e+04
1.000909153852054256e+00,4.544120528351140226e-05,9.990924951838588974e-01,4.544120528351140226e-05,0.000000000000000000e+00,1.000000824686349432e+00
1.000908328416618920e+00,4.544116780880061521e-05,9.990916712465959248e-01,4.544116780880061521e-05,9.999991753143308015e-01,0.000000000000000000e+00
0.000000000000000000e+00,1.000000000000000000e+00,4.539992602147341339e-05,9.990908465228237612e-01,9.990916719578841754e-01,4.539786870243865007e-05
1.000000000000000000e+00,0.000000000000000000e+00,9.999999175987396294e-01,2.200644035683946640e+04,2.200645853825658924e+04,9.999546021313913124e-01
4.548248085393639684e-05,1.001818308792181478e+00,0.000000000000000000e+00,1.000907502193244314e+00,1.000908329129200469e+00,4.548041604624659240e-05
1.000000000000000000e+00,2.202646579480671789e+04,9.999999175987396294e-01,0.000000000000000000e+00,2.200645853825658924e+04,9.999546021313913124e-01
4.544120528351140226e-05,1.000909153852054256e+00,4.544120153909881249e-05,9.999991738144921039e-01,0.000000000000000000e+00,4.543914234964451947e-05
4.544116780880061521e-05,1.000908328416618920e+00,4.544116406439110864e-05,9.999983491295042493e-01,9.999991753143308015e-01,0.000000000000000000e+00
0.000000000000000000e+00,1.000000000000000000e+00,9.999546021313910904e-01,1.000000041163166653e+00,9.999546021313910904e-01,2.200647668668254482e+04
1.000000000000000000e+00,0.000000000000000000e+00,4.539786870243863652e-05,4.539993163128972224e-05,4.539786870243863652e-05,9.990924958951478141e-01
2.202646760981541229e+04,1.000000082401267143e+00,0.000000000000000000e+00,1.000000123564437349e+00,9.999546845289174479e-01,2.200647850004410793e+04
1.000909980789375098e+00,4.544124282640768427e-05,4.543917989083642888e-05,0.000000000000000000e+00,4.543917989083642888e-05,1.000001650873221237e+00
1.000909153852054256e+00,4.544120528351140226e-05,4.543914234964451269e-05,4.544120715401531001e-05,0.000000000000000000e+00,1.000000824686349432e+00
2.202746579480465152e+04,1.000045399929668788e+00,9.999999999999997780e-01,1.000045441094704168e+00,9.999999999999997780e-01,0.000000000000000000e+00
0.000000000000000000e+00,1.000000000000000000e+00,4.539786870243863652e-05,4.539786870243863652e-05,4.539992789028121558e-05,4.539993163468933302e-05
2.202646579480671789e+04,0.000000000000000000e+00,9.999546021313910904e-01,9.999546021313910904e-01,9.999999587619707864e-01,1.000000041238047865e+00
2.202746579480465880e+04,2.202746579480465880e+04,0.000000000000000000e+00,1.000000000000000000e+00,1.000045358689767516e+00,1.000045441169589155e+00
2.202646488812767348e+04,2.202646488812767348e+04,9.999545609700948301e-01,0.000000000000000000e+00,9.999999175988074640e-01,1.000000000074881212e+00
2.202746579480465880e+04,2.202746579480465880e+04,1.000000000000000000e+00,1.000000000000000000e+00,0.000000000000000000e+00,1.000045441169589155e+00
1.000908328416618920e+00,1.000908328416618920e+00,4.543910487663499470e-05,4.543910487663499470e-05,4.544116593489640551e-05,0.000000000000000000e+00
0.000000000000000000e+00,1.000000000000000000e+00,4.539992976078505556e-05,4.539786870243863652e-05,4.539993163639068340e-05,9.990924958951478141e-01
4.539992976248484740e-05,0.000000000000000000e+00,4.539992976078505556e-05,4.539786870243863652e-05,4.539993163639068340e-05,9.990924958951478141e-01
1.000045399929669010e+00,2.202746579480465880e+04,0.000000000000000000e+00,1.000000000000000000e+00,1.000045441207065622e+00,2.200747577917638046e+04
1.000045399929669010e+00,2.202746579480465880e+04,1.000045399892226738e+00,0.000000000000000000e+00,1.000045441207065622e+00,2.200747577917638046e+04
1.000000041238030990e+00,2.202646670313479626e+04,1.000000041200590495e+00,9.999546433675499113e-01,0.000000000000000000e+00,2.200647759418631176e+04
9.999999587619536889e-01,2.202646488647830120e+04,9.999999587245131938e-01,9.999545608952169484e-01,1.000000000037474912e+00,0.000000000000000000e+00
0.000000000000000000e+00,1.000000000000000000e+00,9.999546021313913124e-01,1.000000041238013893e+00,2.200645853825658924e+04,9.999999587993773087e-01
1.000000000000000000e+00,0.000000000000000000e+00,4.539786870243865007e-05,4.539993163468778804e-05,9.990916719578841754e-01,4.539992789197947598e-05
2.202646579563140040e+04,1.000000000037440495e+00,0.000000000000000000e+00,1.000000041275454610e+00,2.200645853908052231e+04,9.999999588368178038e-01
2.202746579480465880e+04,1.000045399929669010e+00,1.000000000000000222e+00,0.000000000000000000e+00,2.200745762992648815e+04,1.000045358727175815e+00
2.202646488565286563e+04,9.999999587244788879e-01,9.999545608577440348e-01,9.999999999624912261e-01,0.000000000000000000e+00,9.999999175238578619e-01
1.000908328416618920e+00,4.544116780880061521e-05,4.543910487663500148e-05,4.544116968270412696e-05,9.999991753143308015e-01,0.000000000000000000e+00
0.000000000000000000e+00,4.539992976248484740e-05,9.981849914538160062e-01,4.539992976248484740e-05,4.539993163298953441e-05,4.539993163468933302e-05
2.202646579480671789e+04,0.000000000000000000e+00,2.198648757114691398e+04,1.000000000000000000e+00,1.000000041200607370e+00,1.000000041238047865e+00
2.202746579480465152e+04,1.000045399929668788e+00,0.000000000000000000e+00,1.000045399929668788e+00,1.000045441132146662e+00,1.000045441169588933e+00
2.202646488647905062e+04,9.999999587619876618e-01,2.198648666446786956e+04,0.000000000000000000e+00,9.999999999625934777e-01,1.000000000000033973e+00
1.000909153852054256e+00,4.544120528351140226e-05,9.990924951838588974e-01,4.544120528351140226e-05,0.000000000000000000e+00,4.544120715741800399e-05
2.202646670231085955e+04,1.000000041200624468e+00,2.198648847700392798e+04,1.000000041200624468e+00,1.000000082401233614e+00,0.000000000000000000e+00
0.000000000000000000e+00,4.539992976248484740e-05,4.539992976418310780e-05,9.990908465228237612e-01,4.539993163639068340e-05,4.539786870243865007e-05
2.202646579480671789e+04,0.000000000000000000e+00,1.000000000037406744e+00,2.200644035683946640e+04,1.000000041275522777e+00,9.999546021313913124e-01
1.001818308792181478e+00,4.548248085393639684e-05,0.000000000000000000e+00,1.000907502193244314e+00,4.548248273124956857e-05,4.548041604624659240e-05
2.202646579480671789e+04,1.000000000000000000e+00,1.000000000037406744e+00,0.000000000000000000e+00,1.000000041275522777e+00,9.999546021313913124e-01
2.202646488730298370e+04,9.999999587993942951e-01,9.999999588368009285e-01,2.200643945016079306e+04,0.000000000000000000e+00,9.999545609326560003e-01
2.202646488647830120e+04,9.999999587619536889e-01,9.999999587993604333e-01,2.200643944933685998e+04,1.000000000037474912e+00,0.000000000000000000e+00
0.000000000000000000e+00,4.539992976248484740e-05,4.539992976418620455e-05,4.539786870243865007e-05,4.539992976248484740e-05,4.539993163468933302e-05
1.000000000000000000e+00,0.000000000000000000e+00,1.000000000037474912e+00,9.999546021313913124e-01,1.000000000000000000e+00,1.000000041238047865e+00
9.999999999625933667e-01,9.999999999625933667e-01,0.000000000000000000e+00,9.999546020939863444e-01,9.999999999625933667e-01,1.000000041200641343e+00
4.544124282640768427e-05,4.544124282640768427e-05,4.544124282811059319e-05,0.000000000000000000e+00,4.544124282640768427e-05,4.544124470031583776e-05
9.999999587244788879e-01,9.999999587244788879e-01,9.999999587619536889e-01,9.999545608577440348e-01,0.000000000000000000e+00,9.999999999625251990e-01
1.000045399929668788e+00,1.000045399929668788e+00,1.000045399967145254e+00,1.000000000000000000e+00,1.000045399929668788e+00,0.000000000000000000e+00
0.000000000000000000e+00,2.202646579480671789e+04,9.999546021312976096e-01,1.000000041238082060e+00,1.000000041275522777e+00,1.000000041238047865e+00
2.202646579480671789e+04,0.000000000000000000e+00,9.999546021312976096e-01,1.000000041238082060e+00,1.000000041275522777e+00,1.000000041238047865e+00
2.202646579398127869e+04,2.202646579398127869e+04,0.000000000000000000e+00,1.000000041200607370e+00,1.000000041238047865e+00,1.000000041200573175e+00
2.202746579480465152e+04,2.202746579480465152e+04,9.999999999999062972e-01,0.000000000000000000e+00,1.000045441207065400e+00,1.000045441169588933e+00
2.202646579480671789e+04,2.202646579480671789e+04,9.999546021312976096e-01,1.000000041238082060e+00,0.000000000000000000e+00,1.000000041238047865e+00
2.202646488647830120e+04,2.202646488647830120e+04,9.999545608951234676e-01,1.000000000000034195e+00,1.000000000037474912e+00,0.000000000000000000e+00
0.000000000000000000e+00,1.000000000000000000e+00,4.539992976418620455e-05,4.539992976248484740e-05,4.539993163639068340e-05,9.990924958951478141e-01
1.000000000000000000e+00,0.000000000000000000e+00,4.539992976418620455e-05,4.539992976248484740e-05,4.539993163639068340e-05,9.990924958951478141e-01
2.202746579480671789e+04,2.202746579480671789e+04,0.000000000000000000e+00,1.000045399929762491e+00,1.000045441207159103e+00,2.200747577917843955e+04
2.202646488647754813e+04,2.202646488647754813e+04,9.999999587993944061e-01,0.000000000000000000e+00,1.000000000037440717e+00,2.200647577917768649e+04
2.202646488565286563e+04,2.202646488565286563e+04,9.999999587619536889e-01,9.999999587244788879e-01,0.000000000000000000e+00,2.200647577835374977e+04
2.202646488647830120e+04,2.202646488647830120e+04,9.999999587994286010e-01,9.999999587619536889e-01,1.000000000037474912e+00,0.000000000000000000e+00
0.000000000000000000e+00,4.539992976248484740e-05,4.539992976418620455e-05,4.539786870243865007e-05,4.539992789028121558e-05,9.990924958951478141e-01
1.000000000000000000e+00,0.000000000000000000e+00,4.539992976418620455e-05,4.539786870243865007e-05,4.539992789028121558e-05,9.990924958951478141e-01
2.202646579398127869e+04,9.999999999625251990e-01,0.000000000000000000e+00,9.999546020939181767e-01,9.999999587244958743e-01,2.200647668585785505e+04
2.202646579480671789e+04,1.000000000000000000e+00,1.000000000037474912e+00,0.000000000000000000e+00,9.999999587619707864e-01,2.200647668668254482e+04
2.202646488565286563e+04,9.999999587244788879e-01,9.999999587619536889e-01,9.999545608577440348e-01,0.000000000000000000e+00,2.200647577835374977e+04
1.000908328416618920e+00,4.544116780880061521e-05,4.544116781050351058e-05,4.543910487663500148e-05,4.544116593489640551e-05,0.000000000000000000e+00
0.000000000000000000e+00,1.000000000000000000e+00,4.539786870243863652e-05,4.539786870243865007e-05,4.539992789028121558e-05,4.539993163468933302e-05
1.000000000000000000e+00,0.000000000000000000e+00,9.999546021313910904e-01,9.999546021313913124e-01,9.999999587619707864e-01,1.000000041238047865e+00
9.999999999625251990e-01,2.202646579398127869e+04,0.000000000000000000e+00,9.999546020939181767e-01,9.999999587244958743e-01,1.000000041200573175e+00
1.000045399929668788e+00,2.202746579480465152e+04,9.999999999999997780e-01,0.000000000000000000e+00,1.000045358689767294e+00,1.000045441169588933e+00
1.000000041238030990e+00,2.202646670313479626e+04,9.999546433675499113e-01,9.999546433675501333e-01,0.000000000000000000e+00,1.000000082476080632e+00
4.544116780880061521e-05,1.000908328416618920e+00,4.543910487663499470e-05,4.543910487663500148e-05,4.544116593489640551e-05,0.000000000000000000e+00
0.000000000000000000e+00,2.202646579480671789e+04,9.999546021312976096e-01,1.000000000000000000e+00,9.999546021313913124e-01,2.200647668668254482e+04
4.539992976248484740e-05,0.000000000000000000e+00,4.539786870243439458e-05,4.539992976248484740e-05,4.539786870243865007e-05,9.990924958951478141e-01
1.000045399929669010e+00,2.202746579480465880e+04,0.000000000000000000e+00,1.000045399929669010e+00,1.000000000000000222e+00,2.200747577917638046e+04
1.000045399929668788e+00,2.202746579480465152e+04,9.999999999999062972e-01,0.000000000000000000e+00,1.000000000000000000e+00,2.200747577917637682e+04
1.000000041238030990e+00,2.202646670313479626e+04,9.999546433674564305e-01,1.000000041238030990e+00,0.000000000000000000e+00,2.200647759418631176e+04
9.999999587619536889e-01,2.202646488647830120e+04,9.999545608951234676e-01,9.999999587619536889e-01,9.999545608952171705e-01,0.000000000000000000e+00
0.000000000000000000e+00,2.202646579480671789e+04,9.999546021313913124e-01,1.000000000000000000e+00,9.999999587619707864e-01,9.999999587993773087e-01
1.000000000000000000e+00,0.000000000000000000e+00,4.539786870243865007e-05,4.539992976248484740e-05,4.539992789028121558e-05,4.539992789197947598e-05
2.202746579480671789e+04,2.202746579480671789e+04,0.000000000000000000e+00,1.000045399929762491e+00,1.000045358689860997e+00,1.000045358727269296e+00
2.202646579480671789e+04,2.202646579480671789e+04,9.999546021313913124e-01,0.000000000000000000e+00,9.999999587619707864e-01,9.999999587993773087e-01
2.202746579480465152e+04,2.202746579480465152e+04,1.000000000000000000e+00,1.000045399929668788e+00,0.000000000000000000e+00,1.000045358727175593e+00
1.000908328416618920e+00,1.000908328416618920e+00,4.543910487663500148e-05,4.544116780880061521e-05,4.544116593489640551e-05,0.000000000000000000e+00
0.000000000000000000e+00,4.539992976248484740e-05,4.539992976078505556e-05,4.539786870243863652e-05,4.539993163298953441e-05,4.539992789197947598e-05
1.000000000000000000e+00,0.000000000000000000e+00,4.539992976078505556e-05,4.539786870243863652e-05,4.539993163298953441e-05,4.539992789197947598e-05
2.202746579480465152e+04,1.000045399929668788e+00,0.000000000000000000e+00,9.999999999999997780e-01,1.000045441132146662e+00,1.000045358727175593e+00
2.202646579480671789e+04,1.000000000000000000e+00,9.999999999625595049e-01,0.000000000000000000e+00,1.000000041200607370e+00,9.999999587993773087e-01
2.202646670313479626e+04,1.000000041238030990e+00,1.000000041200590495e+00,9.999546433675499113e-01,0.000000000000000000e+00,1.000000000037406522e+00
2.202646670231085955e+04,1.000000041200624468e+00,1.000000041163183750e+00,9.999546433301450543e-01,1.000000082401233614e+00,0.000000000000000000e+00
0.000000000000000000e+00,4.539992976248484740e-05,4.539992976418310780e-05,4.539993163468778804e-05,4.539993163298953441e-05,4.539993163468933302e-05
2.202646579480671789e+04,0.000000000000000000e+00,1.000000000037406744e+00,1.000000041238013893e+00,1.000000041200607370e+00,1.000000041238047865e+00
2.202646579563140040e+04,1.000000000037440495e+00,0.000000000000000000e+00,1.000000041275454610e+00,1.000000041238047865e+00,1.000000041275488583e+00
2.202746579480465880e+04,1.000045399929669010e+00,1.000045399967077309e+00,0.000000000000000000e+00,1.000045441132146884e+00,1.000045441169589155e+00
2.202646488730298370e+04,9.999999587993942951e-01,9.999999588368009285e-01,1.000000000037406522e+00,0.000000000000000000e+00,1.000000000037440495e+00
2.202646670231085955e+04,1.000000041200624468e+00,1.000000041238030990e+00,1.000000082438640137e+00,1.000000082401233614e+00,0.000000000000000000e+00
0.000000000000000000e+00,4.539992976248484740e-05,4.539992976418310780e-05,4.539993163469087124e-05,4.539993163639068340e-05,4.539993163468933302e-05
2.202646579480671789e+04,0.000000000000000000e+00,1.000000000037406744e+00,1.000000041238081838e+00,1.000000041275522777e+00,1.000000041238047865e+00
2.202646579398278118e+04,9.999999999625933667e-01,0.000000000000000000e+00,1.000000041200675316e+00,1.000000041238116033e+00,1.000000041200641343e+00
2.202646488647905062e+04,9.999999587619876618e-01,9.999999587993944061e-01,0.000000000000000000e+00,1.000000000037508885e+00,1.000000000000033973e+00
2.202646488730298370e+04,9.999999587993942951e-01,9.999999588368009285e-01,1.000000000037474468e+00,0.000000000000000000e+00,1.000000000037440495e+00
2.202646488647830120e+04,9.999999587619536889e-01,9.999999587993604333e-01,1.000000000000033973e+00,1.000000000037474912e+00,0.000000000000000000e+00
0.000000000000000000e+00,1.000000000000000000e+00,4.539992976418620455e-05,4.539993163469087124e-05,4.539993163639068340e-05,4.539993163468933302e-05
2.202646579480671789e+04,0.000000000000000000e+00,1.000000000037474912e+00,1.000000041238081838e+00,1.000000041275522777e+00,1.000000041238047865e+00
2.202646579398278118e+04,2.202646579398278118e+04,0.000000000000000000e+00,1.000000041200675316e+00,1.000000041238116033e+00,1.000000041200641343e+00
2.202646488647755541e+04,2.202646488647755541e+04,9.999999587993946282e-01,0.000000000000000000e+00,1.000000000037440939e+00,9.999999999999660272e-01
2.202646488565286563e+04,2.202646488565286563e+04,9.999999587619536889e-01,9.999999999625591718e-01,0.000000000000000000e+00,9.999999999625251990e-01
2.202646488647830120e+04,2.202646488647830120e+04,9.999999587994286010e-01,1.000000000000033973e+00,1.000000000037474912e+00,0.000000000000000000e+00
0.000000000000000000e+00,1.000000000000000000e+00,4.539992976418620455e-05,4.539786870243865007e-05,4.539993163639068340e-05,9.990924958951478141e-01
1.000000000000000000e+00,0.000000000000000000e+00,4.539992976418620455e-05,4.539786870243865007e-05,4.539993163639068340e-05,9.990924958951478141e-01
2.202646579398127869e+04,2.202646579398127869e+04,0.000000000000000000e+00,9.999546020939181767e-01,1.000000041238047865e+00,2.200647668585785505e+04
2.202646488647755541e+04,2.202646488647755541e+04,9.999999587993946282e-01,0.000000000000000000e+00,1.000000000037440939e+00,2.200647577917769377e+04
2.202646488565286563e+04,2.202646488565286563e+04,9.999999587619536889e-01,9.999545608577440348e-01,0.000000000000000000e+00,2.200647577835374977e+04
2.202646488647830120e+04,2.202646488647830120e+04,9.999999587994286010e-01,9.999545608952171705e-01,1.000000000037474912e+00,0.000000000000000000e+00
0.000000000000000000e+00,1.000000000000000000e+00,4.539786870243863652e-05,4.539786870243865007e-05,9.990916719578841754e-01,9.990924958951478141e-01
4.539992976248484740e-05,0.000000000000000000e+00,4.539786870243863652e-05,4.539786870243865007e-05,9.990916719578841754e-01,9.990924958951478141e-01
9.999999999625251990e-01,2.202646579398127869e+04,0.000000000000000000e+00,9.999546020939181767e-01,2.200645853743190310e+04,2.200647668585785505e+04
1.000045399929668788e+00,2.202746579480465152e+04,9.999999999999997780e-01,0.000000000000000000e+00,2.200745762992648451e+04,2.200747577917637682e+04
9.999999587244788879e-01,2.202646488565286563e+04,9.999545608577438127e-01,9.999545608577440348e-01,0.000000000000000000e+00,2.200647577835374977e+04
4.544116780880061521e-05,1.000908328416618920e+00,4.543910487663499470e-05,4.543910487663500148e-05,9.999991753143308015e-01,0.000000000000000000e+00
0.000000000000000000e+00,2.202646579480671789e+04,9.999999999625253100e-01,1.000000000000000000e+00,2.200645853825658924e+04,9.999999587993773087e-01
1.000000000000000000e+00,0.000000000000000000e+00,4.539992976078349702e-05,4.539992976248484740e-05,9.990916719578841754e-01,4.539992789197947598e-05
2.202746579480465880e+04,2.202746579480465880e+04,0.000000000000000000e+00,1.000045399929669010e+00,2.200745762992648815e+04,1.000045358727175815e+00
2.202746579480465152e+04,2.202746579480465152e+04,1.000045399892192322e+00,0.000000000000000000e+00,2.200745762992648451e+04,1.000045358727175593e+00
1.000909153852054256e+00,1.000909153852054256e+00,4.544120528180850690e-05,4.544120528351140226e-05,0.000000000000000000e+00,4.544120341130545297e-05
1.000908328416618920e+00,1.000908328416618920e+00,4.544116780709771985e-05,4.544116780880061521e-05,9.999991753143308015e-01,0.000000000000000000e+00
0.000000000000000000e+00,1.000000000000000000e+00,4.539992602147341339e-05,4.539993163468778804e-05,4.539993163298953441e-05,9.990924958951478141e-01
1.000000000000000000e+00,0.000000000000000000e+00,4.539992602147341339e-05,4.539993163468778804e-05,4.539993163298953441e-05,9.990924958951478141e-01
2.202646579563215346e+04,2.202646579563215346e+04,0.000000000000000000e+00,1.000000041275488805e+00,1.000000041238082060e+00,2.200647668750723096e+04
2.202646579480671789e+04,2.202646579480671789e+04,9.999999175987396294e-01,0.000000000000000000e+00,1.000000041200607370e+00,2.200647668668254482e+04
1.000909153852054256e+00,1.000909153852054256e+00,4.544120153909881249e-05,4.544120715741645900e-05,0.000000000000000000e+00,1.000000824686349432e+00
2.202646670231085955e+04,2.202646670231085955e+04,9.999999587993605443e-01,1.000000082438640137e+00,1.000000082401233614e+00,0.000000000000000000e+00
0.000000000000000000e+00,1.000000000000000000e+00,4.539992976418310780e-05,4.539993163128972224e-05,9.990916719578841754e-01,4.539992789197947598e-05
1.000000000000000000e+00,0.000000000000000000e+00,4.539992976418310780e-05,4.539993163128972224e-05,9.990916719578841754e-01,4.539992789197947598e-05
2.202646760981541229e+04,2.202646760981541229e+04,0.000000000000000000e+00,1.000000123564437349e+00,2.200646035161666077e+04,1.000000041200641121e+00
2.202646488647905062e+04,2.202646488647905062e+04,9.999999587993944061e-01,0.000000000000000000e+00,2.200645763075398281e+04,9.999999175613667468e-01
2.202646488730298370e+04,2.202646488730298370e+04,9.999999588368009285e-01,9.999999999625592828e-01,0.000000000000000000e+00,9.999999175987732691e-01
1.000908328416618920e+00,1.000908328416618920e+00,4.544116781050041383e-05,4.544116967930297797e-05,9.999991753143308015e-01,0.000000000000000000e+00
0.000000000000000000e+00,1.000000000000000000e+00,4.539992602147341339e-05,4.539993163469087124e-05,4.539993163298953441e-05,9.990924958951478141e-01
4.539992976248484740e-05,0.000000000000000000e+00,4.539992602147341339e-05,4.539993163469087124e-05,4.539993163298953441e-05,9.990924958951478141e-01
9.999999999625933667e-01,2.202646579398278118e+04,0.000000000000000000e+00,1.000000041200675316e+00,1.000000041163200848e+00,2.200647668585935389e+04
9.999999588368350123e-01,2.202646488812767348e+04,9.999998764355779723e-01,0.000000000000000000e+00,1.000000000037440717e+00,2.200647578082631298e+04
4.544120528351140226e-05,1.000909153852054256e+00,4.544120153909881249e-05,4.544120715741954897e-05,0.000000000000000000e+00,1.000000824686349432e+00
1.000000041200624468e+00,2.202646670231085955e+04,9.999999587993605443e-01,1.000000082438708082e+00,1.000000082401233614e+00,0.000000000000000000e+00
0.000000000000000000e+00,2.202646579480671789e+04,9.999546021313913124e-01,1.000000041163166653e+00,2.200645853825658924e+04,2.200647668668254482e+04
1.000000000000000000e+00,0.000000000000000000e+00,4.539786870243865007e-05,4.539993163128972224e-05,9.990916719578841754e-01,9.990924958951478141e-01
2.202646760981541229e+04,2.202646760981541229e+04,0.000000000000000000e+00,1.000000123564437349e+00,2.200646035161666077e+04,2.200647850004410793e+04
2.202646488647755541e+04,2.202646488647755541e+04,9.999545608951831976e-01,0.000000000000000000e+00,2.200645763075248760e+04,2.200647577917769377e+04
2.202646488730298370e+04,2.202646488730298370e+04,9.999545609326560003e-01,9.999999999625592828e-01,0.000000000000000000e+00,2.200647578000237627e+04
1.000908328416618920e+00,1.000908328416618920e+00,4.543910487663500148e-05,4.544116967930297797e-05,9.999991753143308015e-01,0.000000000000000000e+00
0.000000000000000000e+00,1.000000000000000000e+00,9.981849914538160062e-01,4.539992976248484740e-05,4.539992789028121558e-05,4.539992789197947598e-05
4.539992976248484740e-05,0.000000000000000000e+00,9.981849914538160062e-01,4.539992976248484740e-05,4.539992789028121558e-05,4.539992789197947598e-05
1.000045399929668788e+00,2.202746579480465152e+04,0.000000000000000000e+00,1.000045399929668788e+00,1.000045358689767294e+00,1.000045358727175593e+00
9.999999588368350123e-01,2.202646488812767348e+04,2.198648666611349836e+04,0.000000000000000000e+00,9.999999175988074640e-01,9.999999176362139863e-01
4.544120528351140226e-05,1.000909153852054256e+00,9.990924951838588974e-01,4.544120528351140226e-05,0.000000000000000000e+00,4.544120341130545297e-05
4.544116780880061521e-05,1.000908328416618920e+00,9.990916712465959248e-01,4.544116780880061521e-05,4.544116593489640551e-05,0.000000000000000000e+00
0.000000000000000000e+00,2.202646579480671789e+04,9.999546021312976096e-01,2.200644035683946640e+04,1.000000041200607370e+00,2.200647668668254482e+04
1.000000000000000000e+00,0.000000000000000000e+00,4.539786870243439458e-05,9.990908465228237612e-01,4.539993163298953441e-05,9.990924958951478141e-01
1.001818308792181478e+00,1.001818308792181478e+00,0.000000000000000000e+00,1.000907502193244314e+00,4.548248272784223285e-05,1.000909154564636472e+00
2.202646579480671789e+04,2.202646579480671789e+04,9.999546021312976096e-01,0.000000000000000000e+00,1.000000041200607370e+00,2.200647668668254482e+04
2.202646670313479626e+04,2.202646670313479626e+04,9.999546433674564305e-01,2.200644126434173450e+04,0.000000000000000000e+00,2.200647759418631176e+04
2.202646670231085955e+04,2.202646670231085955e+04,9.999546433300515735e-01,2.200644126351855084e+04,1.000000082401233614e+00,0.000000000000000000e+00
0.000000000000000000e+00,1.000000000000000000e+00,4.539992976418310780e-05,4.539786870243863652e-05,9.990916719578841754e-01,9.990924958951478141e-01
1.000000000000000000e+00,0.000000000000000000e+00,4.539992976418310780e-05,4.539786870243863652e-05,9.990916719578841754e-01,9.990924958951478141e-01
2.202746579480671789e+04,2.202746579480671789e+04,0.000000000000000000e+00,1.000000000000093481e+00,2.200745762992854725e+04,2.200747577917843955e+04
1.000909980789375098e+00,1.000909980789375098e+00,4.544124282810748966e-05,0.000000000000000000e+00,1.000000826186190572e+00,1.000001650873221237e+00
2.202646488730298370e+04,2.202646488730298370e+04,9.999999588368009285e-01,9.999545609326557782e-01,0.000000000000000000e+00,2.200647578000237627e+04
1.000908328416618920e+00,1.000908328416618920e+00,4.544116781050041383e-05,4.543910487663499470e-05,9.999991753143308015e-01,0.000000000000000000e+00
0.000000000000000000e+00,1.000000000000000000e+00,9.981849914538160062e-01,4.539786870243865007e-05,9.990916719578841754e-01,9.990924958951478141e-01
4.539992976248484740e-05,0.000000000000000000e+00,9.981849914538160062e-01,4.539786870243865007e-05,9.990916719578841754e-01,9.990924958951478141e-01
9.999999999625933667e-01,2.202646579398278118e+04,0.000000000000000000e+00,9.999546020939863444e-01,2.200645853743340194e+04,2.200647668585935389e+04
1.000045399929669010e+00,2.202746579480465880e+04,2.198748575613630965e+04,0.000000000000000000e+00,2.200745762992648815e+04,2.200747577917638046e+04
4.544120528351140226e-05,1.000909153852054256e+00,9.990924951838588974e-01,4.543914234964451947e-05,0.000000000000000000e+00,1.000000824686349432e+00
4.544116780880061521e-05,1.000908328416618920e+00,9.990916712465959248e-01,4.543910487663500148e-05,9.999991753143308015e-01,0.000000000000000000e+00
0.000000000000000000e+00,2.202646579480671789e+04,9.999999999625253100e-01,2.200644035683946640e+04,2.200645853825658924e+04,9.999999587993773087e-01
1.000000000000000000e+00,0.000000000000000000e+00,4.539992976078349702e-05,9.990908465228237612e-01,9.990916719578841754e-01,4.539992789197947598e-05
1.001818308792181478e+00,1.001818308792181478e+00,0.000000000000000000e+00,1.000907502193244314e+00,1.000908329129200469e+00,4.548247898002986289e-05
2.202746579480465152e+04,2.202746579480465152e+04,1.000045399892192322e+00,0.000000000000000000e+00,2.200745762992648451e+04,1.000045358727175593e+00
1.000909153852054256e+00,1.000909153852054256e+00,4.544120528180850690e-05,9.999991738144921039e-01,0.000000000000000000e+00,4.544120341130545297e-05
1.000908328416618920e+00,1.000908328416618920e+00,4.544116780709771985e-05,9.999983491295042493e-01,9.999991753143308015e-01,0.000000000000000000e+00
0.000000000000000000e+00,4.539992976248484740e-05,9.981849914538160062e-01,4.539786870243865007e-05,4.539993163298953441e-05,9.990924958951478141e-01
1.000000000000000000e+00,0.000000000000000000e+00,9.981849914538160062e-01,4.539786870243865007e-05,4.539993163298953441e-05,9.990924958951478141e-01
2.202646579563215346e+04,1.000000000037474690e+00,0.000000000000000000e+00,9.999546021688643371e-01,1.000000041238082060e+00,2.200647668750723096e+04
1.000909980789375098e+00,4.544124282640768427e-05,9.990933206202814443e-01,0.000000000000000000e+00,4.544124469861449416e-05,1.000001650873221237e+00
1.000909153852054256e+00,4.544120528351140226e-05,9.990924951838588974e-01,4.543914234964451947e-05,0.000000000000000000e+00,1.000000824686349432e+00
2.202646670231085955e+04,1.000000041200624468e+00,2.198648847700392798e+04,9.999546433301452764e-01,1.000000082401233614e+00,0.000000000000000000e+00
0.000000000000000000e+00,1.000000000000000000e+00,4.539992976418310780e-05,9.990908465228237612e-01,9.990916719578841754e-01,4.539993163468933302e-05
2.202646579480671789e+04,0.000000000000000000e+00,1.000000000037406744e+00,2.200644035683946640e+04,2.200645853825658924e+04,1.000000041238047865e+00
1.001818308792181478e+00,1.001818308792181478e+00,0.000000000000000000e+00,1.000907502193244314e+00,1.000908329129200469e+00,4.548248272954512144e-05
2.202746579480465152e+04,2.202746579480465152e+04,1.000045399967077087e+00,0.000000000000000000e+00,2.200745762992648451e+04,1.000045441169588933e+00
2.202646488730298370e+04,2.202646488730298370e+04,9.999999588368009285e-01,2.200643945016079306e+04,0.000000000000000000e+00,1.000000000037440495e+00
1.000908328416618920e+00,1.000908328416618920e+00,4.544116781050041383e-05,9.999983491295042493e-01,9.999991753143308015e-01,0.000000000000000000e+00
0.000000000000000000e+00,1.000000000000000000e+00,9.981849914538160062e-01,4.539786870243865007e-05,4.539786870243865007e-05,4.539992789197947598e-05
1.000000000000000000e+00,0.000000000000000000e+00,9.981849914538160062e-01,4.539786870243865007e-05,4.539786870243865007e-05,4.539992789197947598e-05
2.202646579398278118e+04,2.202646579398278118e+04,0.000000000000000000e+00,9.999546020939863444e-01,9.999546020939863444e-01,9.999999587619706753e-01
1.000909980789375098e+00,1.000909980789375098e+00,9.990933206202814443e-01,0.000000000000000000e+00,4.543917989083643566e-05,4.544124095420018998e-05
1.000909153852054256e+00,1.000909153852054256e+00,9.990924951838588974e-01,4.543914234964451947e-05,0.000000000000000000e+00,4.544120341130545297e-05
2.202646488647830120e+04,2.202646488647830120e+04,2.198648666446712014e+04,9.999545608952171705e-01,9.999545608952171705e-01,0.000000000000000000e+00
0.000000000000000000e+00,1.000000000000000000e+00,4.539786870243863652e-05,4.539992788857987198e-05,4.539993163298953441e-05,9.990924958951478141e-01
1.000000000000000000e+00,0.000000000000000000e+00,4.539786870243863652e-05,4.539992788857987198e-05,4.539993163298953441e-05,9.990924958951478141e-01
1.001818308792181478e+00,1.001818308792181478e+00,0.000000000000000000e+00,4.548247897662407893e-05,4.548248272784223285e-05,1.000909154564636472e+00
2.202746579480465152e+04,2.202746579480465152e+04,9.999999999999997780e-01,0.000000000000000000e+00,1.000045441132146662e+00,2.200747577917637682e+04
2.202746579480465152e+04,2.202746579480465152e+04,9.999999999999997780e-01,1.000045358652290828e+00,0.000000000000000000e+00,2.200747577917637682e+04
2.202646670231085955e+04,2.202646670231085955e+04,9.999546433301450543e-01,9.999999999251186766e-01,1.000000082401233614e+00,0.000000000000000000e+00
0.000000000000000000e+00,1.000000000000000000e+00,4.539992976418310780e-05,4.539992976248484740e-05,9.990916719578841754e-01,4.539992789197947598e-05
4.539992976248484740e-05,0.000000000000000000e+00,4.539992976418310780e-05,4.539992976248484740e-05,9.990916719578841754e-01,4.539992789197947598e-05
1.000045399929669010e+00,2.202746579480465880e+04,0.000000000000000000e+00,1.000045399929669010e+00,2.200745762992648815e+04,1.000045358727175815e+00
1.000000041275505680e+00,2.202646670396023183e+04,1.000000041312912424e+00,0.000000000000000000e+00,2.200645944658429289e+04,1.000000000074881212e+00
9.999999587993942951e-01,2.202646488730298370e+04,9.999999588368009285e-01,9.999999587993942951e-01,0.000000000000000000e+00,9.999999175987732691e-01
4.544116780880061521e-05,1.000908328416618920e+00,4.544116781050041383e-05,4.544116780880061521e-05,9.999991753143308015e-01,0.000000000000000000e+00
0.000000000000000000e+00,2.202646579480671789e+04,9.999999999625253100e-01,1.000000041238081838e+00,1.000000041200607370e+00,9.999999587993773087e-01
4.539992976248484740e-05,0.000000000000000000e+00,4.539992976078349702e-05,4.539993163469087124e-05,4.539993163298953441e-05,4.539992789197947598e-05
9.999999999625933667e-01,2.202646579398278118e+04,0.000000000000000000e+00,1.000000041200675316e+00,1.000000041163200848e+00,9.999999587619706753e-01
1.000000000000000000e+00,2.202646579480671789e+04,9.999999999625253100e-01,0.000000000000000000e+00,1.000000041200607370e+00,9.999999587993773087e-01
4.544120528351140226e-05,1.000909153852054256e+00,4.544120528180850690e-05,4.544120715741954897e-05,0.000000000000000000e+00,4.544120341130545297e-05
1.000000041200624468e+00,2.202646670231085955e+04,1.000000041163149556e+00,1.000000082438708082e+00,1.000000082401233614e+00,0.000000000000000000e+00
0.000000000000000000e+00,1.000000000000000000e+00,9.999546021312976096e-01,1.000000041238013893e+00,1.000000041200607370e+00,9.999999587993773087e-01
4.539992976248484740e-05,0.000000000000000000e+00,4.539786870243439458e-05,4.539993163468778804e-05,4.539993163298953441e-05,4.539992789197947598e-05
1.000000000037474690e+00,1.000000000037474690e+00,0.000000000000000000e+00,1.000000041275488805e+00,1.000000041238082060e+00,9.999999588368519987e-01
9.999999587619197161e-01,9.999999587619197161e-01,9.999545608950894948e-01,0.000000000000000000e+00,9.999999999625255320e-01,9.999999175612988012e-01
9.999999587993942951e-01,9.999999587993942951e-01,9.999545609325622975e-01,1.000000000037406522e+00,0.000000000000000000e+00,9.999999175987732691e-01
1.000000041200624468e+00,1.000000041200624468e+00,9.999546433300515735e-01,1.000000082438640137e+00,1.000000082401233614e+00,0.000000000000000000e+00
0.000000000000000000e+00,2.202646579480671789e+04,9.999546021312976096e-01,1.000000000000000000e+00,9.999546021313913124e-01,1.000000041238047865e+00
2.202646579480671789e+04,0.000000000000000000e+00,9.999546021312976096e-01,1.000000000000000000e+00,9.999546021313913124e-01,1.000000041238047865e+00
2.202746579480671789e+04,2.202746579480671789e+04,0.000000000000000000e+00,1.000045399929762491e+00,1.000000000000093703e+00,1.000045441169682636e+00
2.202646488647905062e+04,2.202646488647905062e+04,9.999545608951574405e-01,0.000000000000000000e+00,9.999545608952511433e-01,1.000000000000033973e+00
2.202646488730298370e+04,2.202646488730298370e+04,9.999545609325622975e-01,9.999999587993942951e-01,0.000000000000000000e+00,1.000000000037440495e+00
2.202646670231085955e+04,2.202646670231085955e+04,9.999546433300515735e-01,1.000000041200624468e+00,9.999546433301452764e-01,0.000000000000000000e+00
0.000000000000000000e+00,1.000000000000000000e+00,4.539786870243863652e-05,4.539992976248484740e-05,4.539786870243865007e-05,9.990924958951478141e-01
1.000000000000000000e+00,0.000000000000000000e+00,4.539786870243863652e-05,4.539992976248484740e-05,4.539786870243865007e-05,9.990924958951478141e-01
2.202746579480671789e+04,2.202746579480671789e+04,0.000000000000000000e+00,1.000045399929762491e+00,1.000000000000093703e+00,2.200747577917843955e+04
2.202646579480671789e+04,2.202646579480671789e+04,9.999546021313910904e-01,0.000000000000000000e+00,9.999546021313913124e-01,2.200647668668254482e+04
2.202746579480465152e+04,2.202746579480465152e+04,9.999999999999997780e-01,1.000045399929668788e+00,0.000000000000000000e+00,2.200747577917637682e+04
2.202646488647830120e+04,2.202646488647830120e+04,9.999545608952169484e-01,9.999999587619536889e-01,9.999545608952171705e-01,0.000000000000000000e+00
0.000000000000000000e+00,1.000000000000000000e+00,4.539992789197948276e-05,4.539992976248484740e-05,9.990916719578841754e-01,9.990924958951478141e-01
1.000000000000000000e+00,0.000000000000000000e+00,4.539992789197948276e-05,4.539992976248484740e-05,9.990916719578841754e-01,9.990924958951478141e-01
2.202746579480465880e+04,2.202746579480465880e+04,0.000000000000000000e+00,1.000045399929669010e+00,2.200745762992648815e+04,2.200747577917638046e+04
2.202646579480671789e+04,2.202646579480671789e+04,9.999999587993775307e-01,0.000000000000000000e+00,2.200645853825658924e+04,2.200647668668254482e+04
2.202746579480465152e+04,2.202746579480465152e+04,1.000045358727175815e+00,1.000045399929668788e+00,0.000000000000000000e+00,2.200747577917637682e+04
1.000908328416618920e+00,1.000908328416618920e+00,4.544116593659621090e-05,4.544116780880061521e-05,9.999991753143308015e-01,0.000000000000000000e+00
0.000000000000000000e+00,4.539992976248484740e-05,9.981849914538160062e-01,4.539993163298953441e-05,9.990916719578841754e-01,4.539992789197947598e-05
1.000000000000000000e+00,0.000000000000000000e+00,9.981849914538160062e-01,4.539993163298953441e-05,9.990916719578841754e-01,4.539992789197947598e-05
2.202646670231085591e+04,1.000000041200624246e+00,0.000000000000000000e+00,1.000000082401233392e+00,2.200645944493641582e+04,9.999999999999997780e-01
2.202646579480671789e+04,1.000000000000000000e+00,2.198648757114691398e+04,0.000000000000000000e+00,2.200645853825658924e+04,9.999999587993773087e-01
1.000909153852054256e+00,4.544120528351140226e-05,9.990924951838588974e-01,4.544120715571666039e-05,0.000000000000000000e+00,4.544120341130545297e-05
1.000908328416618920e+00,4.544116780880061521e-05,9.990916712465959248e-01,4.544116968100432835e-05,9.999991753143308015e-01,0.000000000000000000e+00
0.000000000000000000e+00,4.539992976248484740e-05,4.539992602147341339e-05,9.990908465228237612e-01,4.539993163298953441e-05,4.539993163468933302e-05
2.202646579480671789e+04,0.000000000000000000e+00,9.999999175987396294e-01,2.200644035683946640e+04,1.000000041200607370e+00,1.000000041238047865e+00
1.001818308792181478e+00,4.548248085393639684e-05,0.000000000000000000e+00,1.000907502193244314e+00,4.548248272784223285e-05,4.548248272954512144e-05
2.202646488730298370e+04,9.999999587993942951e-01,9.999998763981372552e-01,0.000000000000000000e+00,1.000000000000000000e+00,1.000000000037440495e+00
1.000909153852054256e+00,4.544120528351140226e-05,4.544120153909881249e-05,9.999991738144921039e-01,0.000000000000000000e+00,4.544120715741800399e-05
2.202646670231085955e+04,1.000000041200624468e+00,9.999999587993605443e-01,2.200644126351855084e+04,1.000000082401233614e+00,0.000000000000000000e+00
0.000000000000000000e+00,4.539992976248484740e-05,4.539786870243863652e-05,4.539993163128972224e-05,4.539993163639068340e-05,4.539993163468933302e-05
2.202646579480671789e+04,0.000000000000000000e+00,9.999546021313910904e-01,1.000000041163166653e+00,1.000000041275522777e+00,1.000000041238047865e+00
2.202646760981541229e+04,1.000000082401267143e+00,0.000000000000000000e+00,1.000000123564437349e+00,1.000000123676793473e+00,1.000000123639318561e+00
1.000909980789375098e+00,4.544124282640768427e-05,4.543917989083642888e-05,0.000000000000000000e+00,4.544124470201873990e-05,4.544124470031583776e-05
2.202646488730298370e+04,9.999999587993942951e-01,9.999545609326557782e-01,9.999999999625592828e-01,0.000000000000000000e+00,1.000000000037440495e+00
2.202646488647830120e+04,9.999999587619536889e-01,9.999545608952169484e-01,9.999999999251186766e-01,1.000000000037474912e+00,0.000000000000000000e+00
0.000000000000000000e+00,1.000000000000000000e+00,4.539992976418620455e-05,4.539992976248484740e-05,4.539993163639068340e-05,4.539993163468933302e-05
1.000000000000000000e+00,0.000000000000000000e+00,1.000000000037474912e+00,1.000000000000000000e+00,1.000000041275522777e+00,1.000000041238047865e+00
1.000045399929669010e+00,2.202746579480465880e+04,0.000000000000000000e+00,1.000045399929669010e+00,1.000045441207065622e+00,1.000045441169589155e+00
9.999999588368350123e-01,2.202646488812767348e+04,9.999999588743098133e-01,0.000000000000000000e+00,1.000000000112356124e+00,1.000000000074881212e+00
9.999999587244788879e-01,2.202646488565286563e+04,9.999999587619536889e-01,9.999999587244788879e-01,0.000000000000000000e+00,9.999999999625251990e-01
9.999999587619536889e-01,2.202646488647830120e+04,9.999999587994286010e-01,9.999999587619536889e-01,1.000000000037474912e+00,0.000000000000000000e+00
0.000000000000000000e+00,2.202646579480671789e+04,9.999546021312976096e-01,1.000000041238082060e+00,9.999546021313913124e-01,9.999999587993773087e-01
4.539992976248484740e-05,0.000000000000000000e+00,4.539786870243439458e-05,4.539993163469088479e-05,4.539786870243865007e-05,4.539992789197947598e-05
9.999999999625251990e-01,2.202646579398127869e+04,0.000000000000000000e+00,1.000000041200607370e+00,9.999546020939181767e-01,9.999999587619025077e-01
1.000000000000000000e+00,2.202646579480671789e+04,9.999546021312976096e-01,0.000000000000000000e+00,9.999546021313913124e-01,9.999999587993773087e-01
9.999999587244788879e-01,2.202646488565286563e+04,9.999545608576503319e-01,9.999999999625593938e-01,0.000000000000000000e+00,9.999999175238578619e-01
9.999999587619536889e-01,2.202646488647830120e+04,9.999545608951234676e-01,1.000000000000034195e+00,9.999545608952171705e-01,0.000000000000000000e+00
0.000000000000000000e+00,1.000000000000000000e+00,9.999546021313913124e-01,1.000000000000000000e+00,1.000000041200607370e+00,2.200647668668254482e+04
4.539992976248484740e-05,0.000000000000000000e+00,4.539786870243865007e-05,4.539992976248484740e-05,4.539993163298953441e-05,9.990924958951478141e-01
1.000045399929762491e+00,1.000045399929762491e+00,0.000000000000000000e+00,1.000045399929762491e+00,1.000045441132240365e+00,2.200747577917843955e+04
9.999999587619194941e-01,9.999999587619194941e-01,9.999545608951829756e-01,0.000000000000000000e+00,9.999999999625253100e-01,2.200647577917768649e+04
1.000045399929668788e+00,1.000045399929668788e+00,1.000000000000000000e+00,1.000045399929668788e+00,0.000000000000000000e+00,2.200747577917637682e+04
1.000000041200624468e+00,1.000000041200624468e+00,9.999546433301452764e-01,1.000000041200624468e+00,1.000000082401233614e+00,0.000000000000000000e+00
0.000000000000000000e+00,2.202646579480671789e+04,9.999546021313913124e-01,1.000000000000000000e+00,2.200645853825658924e+04,1.000000041238047865e+00
2.202646579480671789e+04,0.000000000000000000e+00,9.999546021313913124e-01,1.000000000000000000e+00,2.200645853825658924e+04,1.000000041238047865e+00
2.202746579480465152e+04,2.202746579480465152e+04,0.000000000000000000e+00,1.000045399929668788e+00,2.200745762992648451e+04,1.000045441169588933e+00
2.202646579480671789e+04,2.202646579480671789e+04,9.999546021313913124e-01,0.000000000000000000e+00,2.200645853825658924e+04,1.000000041238047865e+00
2.202646488730298370e+04,2.202646488730298370e+04,9.999545609326560003e-01,9.999999587993942951e-01,0.000000000000000000e+00,1.000000000037440495e+00
1.000908328416618920e+00,1.000908328416618920e+00,4.543910487663500148e-05,4.544116780880061521e-05,9.999991753143308015e-01,0.000000000000000000e+00
0.000000000000000000e+00,1.000000000000000000e+00,9.981849914538160062e-01,4.539992976248484740e-05,4.539786870243865007e-05,4.539992789197947598e-05
4.539992976248484740e-05,0.000000000000000000e+00,9.981849914538160062e-01,4.539992976248484740e-05,4.539786870243865007e-05,4.539992789197947598e-05
1.000045399929668788e+00,2.202746579480465152e+04,0.000000000000000000e+00,1.000045399929668788e+00,1.000000000000000000e+00,1.000045358727175593e+00
1.000000000000000000e+00,2.202646579480671789e+04,2.198648757114691398e+04,0.000000000000000000e+00,9.999546021313913124e-01,9.999999587993773087e-01
4.544120528351140226e-05,1.000909153852054256e+00,9.990924951838588974e-01,4.544120528351140226e-05,0.000000000000000000e+00,4.544120341130545297e-05
9.999999587619536889e-01,2.202646488647830120e+04,2.198648666446712014e+04,9.999999587619536889e-01,9.999545608952171705e-01,0.000000000000000000e+00
0.000000000000000000e+00,1.000000000000000000e+00,9.999546021313913124e-01,2.200644035683946640e+04,1.000000041200607370e+00,2.200647668668254482e+04
1.000000000000000000e+00,0.000000000000000000e+00,4.539786870243865007e-05,9.990908465228237612e-01,4.539993163298953441e-05,9.990924958951478141e-01
1.001818308792181478e+00,4.548248085393639684e-05,0.000000000000000000e+00,1.000907502193244314e+00,4.548248272784223285e-05,1.000909154564636472e+00
2.202646579480671789e+04,1.000000000000000000e+00,9.999546021313913124e-01,0.000000000000000000e+00,1.000000041200607370e+00,2.200647668668254482e+04
2.202746579480465152e+04,1.000045399929668788e+00,1.000000000000000000e+00,2.200743944768392612e+04,0.000000000000000000e+00,2.200747577917637682e+04
2.202646670231085955e+04,1.000000041200624468e+00,9.999546433301452764e-01,2.200644126351855084e+04,1.000000082401233614e+00,0.000000000000000000e+00
0.000000000000000000e+00,4.539992976248484740e-05,4.539992976418310780e-05,4.539992976248484740e-05,9.990916719578841754e-01,4.539993163468933302e-05
2.202646579480671789e+04,0.000000000000000000e+00,1.000000000037406744e+00,1.000000000000000000e+00,2.200645853825658924e+04,1.000000041238047865e+00
2.202746579480465152e+04,1.000045399929668788e+00,0.000000000000000000e+00,1.000045399929668788e+00,2.200745762992648451e+04,1.000045441169588933e+00
1.000909980789375098e+00,4.544124282640768427e-05,4.544124282810748966e-05,0.000000000000000000e+00,1.000000826186190572e+00,4.544124470031583776e-05
2.202646488730298370e+04,9.999999587993942951e-01,9.999999588368009285e-01,9.999999587993942951e-01,0.000000000000000000e+00,1.000000000037440495e+00
1.000908328416618920e+00,4.544116780880061521e-05,4.544116781050041383e-05,4.544116780880061521e-05,9.999991753143308015e-01,0.000000000000000000e+00
0.000000000000000000e+00,1.000000000000000000e+00,4.539992602147341339e-05,4.539993163469087124e-05,4.539993163639068340e-05,4.539993163468933302e-05
1.000000000000000000e+00,0.000000000000000000e+00,9.999999175987396294e-01,1.000000041238081838e+00,1.000000041275522777e+00,1.000000041238047865e+00
9.999999999625933667e-01,2.202646579398278118e+04,0.000000000000000000e+00,1.000000041200675316e+00,1.000000041238116033e+00,1.000000041200641343e+00
1.000000000000000000e+00,2.202646579480671789e+04,9.999999175987396294e-01,0.000000000000000000e+00,1.000000041275522777e+00,1.000000041238047865e+00
4.544120528351140226e-05,1.000909153852054256e+00,4.544120153909881249e-05,4.544120715741954897e-05,0.000000000000000000e+00,4.544120715741800399e-05
9.999999587619536889e-01,2.202646488647830120e+04,9.999998763606967600e-01,1.000000000000033973e+00,1.000000000037474912e+00,0.000000000000000000e+00
0.000000000000000000e+00,2.202646579480671789e+04,9.999546021312976096e-01,9.999546021313913124e-01,1.000000041275522777e+00,2.200647668668254482e+04
4.539992976248484740e-05,0.000000000000000000e+00,4.539786870243439458e-05,4.539786870243865007e-05,4.539993163639068340e-05,9.990924958951478141e-01
1.000000082401267143e+00,2.202646760981541229e+04,0.000000000000000000e+00,9.999546845289176700e-01,1.000000123676793473e+00,2.200647850004410793e+04
9.999999587619197161e-01,2.202646488647755541e+04,9.999545608950894948e-01,0.000000000000000000e+00,1.000000000037440939e+00,2.200647577917769377e+04
9.999999587244788879e-01,2.202646488565286563e+04,9.999545608576503319e-01,9.999545608577440348e-01,0.000000000000000000e+00,2.200647577835374977e+04
9.999999587619536889e-01,2.202646488647830120e+04,9.999545608951234676e-01,9.999545608952171705e-01,1.000000000037474912e+00,0.000000000000000000e+00
0.000000000000000000e+00,2.202646579480671789e+04,9.999546021312976096e-01,1.000000000000000000e+00,2.200645853825658924e+04,2.200647668668254482e+04
1.000000000000000000e+00,0.000000000000000000e+00,4.539786870243439458e-05,4.539992976248484740e-05,9.990916719578841754e-01,9.990924958951478141e-01
2.202746579480671789e+04,2.202746579480671789e+04,0.000000000000000000e+00,1.000045399929762491e+00,2.200745762992854725e+04,2.200747577917843955e+04
2.202746579480465152e+04,2.202746579480465152e+04,9.999999999999062972e-01,0.000000000000000000e+00,2.200745762992648451e+04,2.200747577917637682e+04
2.202646488565286563e+04,2.202646488565286563e+04,9.999545608576503319e-01,9.999999587244788879e-01,0.000000000000000000e+00,2.200647577835374977e+04
1.000908328416618920e+00,1.000908328416618920e+00,4.543910487663074598e-05,4.544116780880061521e-05,9.999991753143308015e-01,0.000000000000000000e+00
0.000000000000000000e+00,1.000000000000000000e+00,9.981849914538160062e-01,4.539992976248484740e-05,9.990916719578841754e-01,9.990924958951478141e-01
1.000000000000000000e+00,0.000000000000000000e+00,9.981849914538160062e-01,4.539992976248484740e-05,9.990916719578841754e-01,9.990924958951478141e-01
2.202746579480671789e+04,2.202746579480671789e+04,0.000000000000000000e+00,1.000045399929762491e+00,2.200745762992854725e+04,2.200747577917843955e+04
2.202646579480671789e+04,2.202646579480671789e+04,2.198648757114691398e+04,0.000000000000000000e+00,2.200645853825658924e+04,2.200647668668254482e+04
1.000909153852054256e+00,1.000909153852054256e+00,9.990924951838588974e-01,4.544120528351140226e-05,0.000000000000000000e+00,1.000000824686349432e+00
1.000908328416618920e+00,1.000908328416618920e+00,9.990916712465959248e-01,4.544116780880061521e-05,9.999991753143308015e-01,0.000000000000000000e+00
0.000000000000000000e+00,1.000000000000000000e+00,9.981849914538160062e-01,4.539992788857987198e-05,4.539992789028121558e-05,9.990924958951478141e-01
4.539992976248484740e-05,0.000000000000000000e+00,9.981849914538160062e-01,4.539992788857987198e-05,4.539992789028121558e-05,9.990924958951478141e-01
4.548248085393639684e-05,1.001818308792181478e+00,0.000000000000000000e+00,4.548247897662407893e-05,4.548247897832851928e-05,1.000909154564636472e+00
1.000000000000000000e+00,2.202646579480671789e+04,2.198648757114691398e+04,0.000000000000000000e+00,9.999999587619707864e-01,2.200647668668254482e+04
4.544120528351140226e-05,1.000909153852054256e+00,9.990924951838588974e-01,4.544120340790275221e-05,0.000000000000000000e+00,1.000000824686349432e+00
4.544116780880061521e-05,1.000908328416618920e+00,9.990916712465959248e-01,4.544116593319351015e-05,4.544116593489640551e-05,0.000000000000000000e+00
0.000000000000000000e+00,2.202646579480671789e+04,9.999546021312976096e-01,9.999999587244959853e-01,2.200645853825658924e+04,2.200647668668254482e+04
1.000000000000000000e+00,0.000000000000000000e+00,4.539786870243439458e-05,4.539992788857987198e-05,9.990916719578841754e-01,9.990924958951478141e-01
1.001818308792181478e+00,1.001818308792181478e+00,0.000000000000000000e+00,4.548247897662407893e-05,1.000908329129200469e+00,1.000909154564636472e+00
2.202646670396023183e+04,2.202646670396023183e+04,9.999546434049294552e-01,0.000000000000000000e+00,2.200645944658429289e+04,2.200647759501099790e+04
2.202646670313479626e+04,2.202646670313479626e+04,9.999546433674564305e-01,9.999999999625253100e-01,0.000000000000000000e+00,2.200647759418631176e+04
1.000908328416618920e+00,1.000908328416618920e+00,4.543910487663074598e-05,4.544116593319351015e-05,9.999991753143308015e-01,0.000000000000000000e+00
0.000000000000000000e+00,1.000000000000000000e+00,9.981849914538160062e-01,4.539992976248484740e-05,9.990916719578841754e-01,9.990924958951478141e-01
1.000000000000000000e+00,0.000000000000000000e+00,9.981849914538160062e-01,4.539992976248484740e-05,9.990916719578841754e-01,9.990924958951478141e-01
2.202746579480671789e+04,2.202746579480671789e+04,0.000000000000000000e+00,1.000045399929762491e+00,2.200745762992854725e+04,2.200747577917843955e+04
2.202646670396023183e+04,2.202646670396023183e+04,2.198648847865030621e+04,0.000000000000000000e+00,2.200645944658429289e+04,2.200647759501099790e+04
1.000909153852054256e+00,1.000909153852054256e+00,9.990924951838588974e-01,4.544120528351140226e-05,0.000000000000000000e+00,1.000000824686349432e+00
1.000908328416618920e+00,1.000908328416618920e+00,9.990916712465959248e-01,4.544116780880061521e-05,9.999991753143308015e-01,0.000000000000000000e+00
0.000000000000000000e+00,1.000000000000000000e+00,9.981849914538160062e-01,4.539992788857987198e-05,4.539992789028121558e-05,9.990924958951478141e-01
1.000000000000000000e+00,0.000000000000000000e+00,9.981849914538160062e-01,4.539992788857987198e-05,4.539992789028121558e-05,9.990924958951478141e-01
1.001818308792181478e+00,1.001818308792181478e+00,0.000000000000000000e+00,4.548247897662407893e-05,4.548247897832851928e-05,1.000909154564636472e+00
2.202646579480671789e+04,2.202646579480671789e+04,2.198648757114691398e+04,0.000000000000000000e+00,9.999999587619707864e-01,2.200647668668254482e+04
1.000909153852054256e+00,1.000909153852054256e+00,9.990924951838588974e-01,4.544120340790275221e-05,0.000000000000000000e+00,1.000000824686349432e+00
1.000908328416618920e+00,1.000908328416618920e+00,9.990916712465959248e-01,4.544116593319351015e-05,4.544116593489640551e-05,0.000000000000000000e+00
0.000000000000000000e+00,4.539992976248484740e-05,4.539992976078505556e-05,4.539992788857987198e-05,9.990916719578841754e-01,4.539992789197947598e-05
1.000000000000000000e+00,0.000000000000000000e+00,4.539992976078505556e-05,4.539992788857987198e-05,9.990916719578841754e-01,4.539992789197947598e-05
1.001818308792181478e+00,4.548248085393639684e-05,0.000000000000000000e+00,4.548247897662407893e-05,1.000908329129200469e+00,4.548247898002986289e-05
2.202646670396023183e+04,1.000000041275505680e+00,1.000000041238065185e+00,0.000000000000000000e+00,2.200645944658429289e+04,1.000000000074881212e+00
2.202646670313479626e+04,1.000000041238030990e+00,1.000000041200590495e+00,9.999999999625253100e-01,0.000000000000000000e+00,1.000000000037406522e+00
1.000908328416618920e+00,4.544116780880061521e-05,4.544116780709927161e-05,4.544116593319351015e-05,9.999991753143308015e-01,0.000000000000000000e+00
0.000000000000000000e+00,1.000000000000000000e+00,9.981849914538160062e-01,4.539786870243865007e-05,4.539993163298953441e-05,4.539786870243865007e-05
1.000000000000000000e+00,0.000000000000000000e+00,2.198648757114691398e+04,9.999546021313913124e-01,1.000000041200607370e+00,9.999546021313913124e-01
1.000000000037440495e+00,2.202646579563140040e+04,0.000000000000000000e+00,9.999546021688301423e-01,1.000000041238047865e+00,9.999546021688301423e-01
1.000000041275505680e+00,2.202646670396023183e+04,2.198648847865030621e+04,0.000000000000000000e+00,1.000000082476114827e+00,9.999546434050231580e-01
4.544120528351140226e-05,1.000909153852054256e+00,9.990924951838588974e-01,4.543914234964451947e-05,0.000000000000000000e+00,4.543914234964451947e-05
1.000000041200624468e+00,2.202646670231085955e+04,2.198648847700392798e+04,9.999546433301452764e-01,1.000000082401233614e+00,0.000000000000000000e+00
0.000000000000000000e+00,2.202646579480671789e+04,9.999546021313913124e-01,2.200644035683946640e+04,1.000000000000000000e+00,2.200647668668254482e+04
1.000000000000000000e+00,0.000000000000000000e+00,4.539786870243865007e-05,9.990908465228237612e-01,4.539992976248484740e-05,9.990924958951478141e-01
1.001818308792181478e+00,1.001818308792181478e+00,0.000000000000000000e+00,1.000907502193244314e+00,4.548248085393639684e-05,1.000909154564636472e+00
2.202746579480465152e+04,2.202746579480465152e+04,1.000000000000000000e+00,0.000000000000000000e+00,1.000045399929668788e+00,2.200747577917637682e+04
2.202646488730298370e+04,2.202646488730298370e+04,9.999545609326560003e-01,2.200643945016079306e+04,0.000000000000000000e+00,2.200647578000237627e+04
2.202746579480465152e+04,2.202746579480465152e+04,1.000000000000000000e+00,2.200743944768392612e+04,1.000045399929668788e+00,0.000000000000000000e+00
0.000000000000000000e+00,1.000000000000000000e+00,4.539992976248484740e-05,4.539992976248484740e-05,9.990916719578841754e-01,9.990924958951478141e-01
1.000000000000000000e+00,0.000000000000000000e+00,4.539992976248484740e-05,4.539992976248484740e-05,9.990916719578841754e-01,9.990924958951478141e-01
2.202746579480465152e+04,2.202746579480465152e+04,0.000000000000000000e+00,1.000045399929668788e+00,2.200745762992648451e+04,2.200747577917637682e+04
1.000909980789375098e+00,1.000909980789375098e+00,4.544124282640768427e-05,0.000000000000000000e+00,1.000000826186190572e+00,1.000001650873221237e+00
2.202646579480671789e+04,2.202646579480671789e+04,1.000000000000000000e+00,1.000000000000000000e+00,0.000000000000000000e+00,2.200647668668254482e+04
1.000908328416618920e+00,1.000908328416618920e+00,4.544116780880061521e-05,4.544116780880061521e-05,9.999991753143308015e-01,0.000000000000000000e+00
0.000000000000000000e+00,1.000000000000000000e+00,9.981849914538160062e-01,4.539993163468933302e-05,9.990916719578841754e-01,9.990924958951478141e-01
4.539992976248484740e-05,0.000000000000000000e+00,9.981849914538160062e-01,4.539993163468933302e-05,9.990916719578841754e-01,9.990924958951478141e-01
1.000000000000000000e+00,2.202646579480671789e+04,0.000000000000000000e+00,1.000000041238047865e+00,2.200645853825658924e+04,2.200647668668254482e+04
1.000000000000000000e+00,2.202646579480671789e+04,2.198648757114691398e+04,0.000000000000000000e+00,2.200645853825658924e+04,2.200647668668254482e+04
4.544120528351140226e-05,1.000909153852054256e+00,9.990924951838588974e-01,4.544120715741800399e-05,0.000000000000000000e+00,1.000000824686349432e+00
4.544116780880061521e-05,1.000908328416618920e+00,9.990916712465959248e-01,4.544116968270567195e-05,9.999991753143308015e-01,0.000000000000000000e+00
0.000000000000000000e+00,2.202646579480671789e+04,9.999999999625253100e-01,9.999999587244959853e-01,9.999999587619707864e-01,2.200647668668254482e+04
4.539992976248484740e-05,0.000000000000000000e+00,4.539992976078349702e-05,4.539992788857987198e-05,4.539992789028121558e-05,9.990924958951478141e-01
4.548248085393639684e-05,1.001818308792181478e+00,0.000000000000000000e+00,4.548247897662407893e-05,4.548247897832851928e-05,1.000909154564636472e+00
9.999999587619536889e-01,2.202646488647830120e+04,9.999999587244789989e-01,0.000000000000000000e+00,9.999999175239262517e-01,2.200647577917843955e+04
4.544120528351140226e-05,1.000909153852054256e+00,4.544120528180850690e-05,4.544120340790275221e-05,0.000000000000000000e+00,1.000000824686349432e+00
4.544116780880061521e-05,1.000908328416618920e+00,4.544116780709771985e-05,4.544116593319351015e-05,4.544116593489640551e-05,0.000000000000000000e+00
0.000000000000000000e+00,2.202646579480671789e+04,9.999546021313913124e-01,1.000000041238013893e+00,9.999999587619707864e-01,2.200647668668254482e+04
1.000000000000000000e+00,0.000000000000000000e+00,4.539786870243865007e-05,4.539993163468778804e-05,4.539992789028121558e-05,9.990924958951478141e-01
2.202646579563215346e+04,2.202646579563215346e+04,0.000000000000000000e+00,1.000000041275488805e+00,9.999999587994454764e-01,2.200647668750723096e+04
2.202646670396023183e+04,2.202646670396023183e+04,9.999546434050231580e-01,0.000000000000000000e+00,1.000000000037474690e+00,2.200647759501099790e+04
2.202646670313479626e+04,2.202646670313479626e+04,9.999546433675501333e-01,1.000000082476046659e+00,0.000000000000000000e+00,2.200647759418631176e+04
1.000908328416618920e+00,1.000908328416618920e+00,4.543910487663500148e-05,4.544116968270412696e-05,4.544116593489640551e-05,0.000000000000000000e+00
0.000000000000000000e+00,4.539992976248484740e-05,4.539786870243863652e-05,4.539992976248484740e-05,4.539992789028121558e-05,9.990924958951478141e-01
1.000000000000000000e+00,0.000000000000000000e+00,4.539786870243863652e-05,4.539992976248484740e-05,4.539992789028121558e-05,9.990924958951478141e-01
2.202746579480465152e+04,1.000045399929668788e+00,0.000000000000000000e+00,1.000045399929668788e+00,1.000045358689767294e+00,2.200747577917637682e+04
2.202646488647905062e+04,9.999999587619876618e-01,9.999545608952509212e-01,0.000000000000000000e+00,9.999999175239602245e-01,2.200647577917918898e+04
2.202646670313479626e+04,1.000000041238030990e+00,9.999546433675499113e-01,1.000000041238030990e+00,0.000000000000000000e+00,2.200647759418631176e+04
1.000908328416618920e+00,4.544116780880061521e-05,4.543910487663499470e-05,4.544116780880061521e-05,4.544116593489640551e-05,0.000000000000000000e+00
0.000000000000000000e+00,1.000000000000000000e+00,4.539992976078505556e-05,4.539786870243863652e-05,4.539992789028121558e-05,4.539993163468933302e-05
2.202646579480671789e+04,0.000000000000000000e+00,9.999999999625595049e-01,9.999546021313910904e-01,9.999999587619707864e-01,1.000000041238047865e+00
2.202746579480465880e+04,2.202746579480465880e+04,0.000000000000000000e+00,1.000000000000000000e+00,1.000045358689767516e+00,1.000045441169589155e+00
2.202646579480671789e+04,2.202646579480671789e+04,9.999999999625595049e-01,0.000000000000000000e+00,9.999999587619707864e-01,1.000000041238047865e+00
2.202646670313479626e+04,2.202646670313479626e+04,1.000000041200590495e+00,9.999546433675499113e-01,0.000000000000000000e+00,1.000000082476080632e+00
1.000908328416618920e+00,1.000908328416618920e+00,4.544116780709927161e-05,4.543910487663499470e-05,4.544116593489640551e-05,0.000000000000000000e+00
0.000000000000000000e+00,4.539992976248484740e-05,4.539992976078505556e-05,4.539786870243865007e-05,4.539993163639068340e-05,9.990924958951478141e-01
4.539992976248484740e-05,0.000000000000000000e+00,4.539992976078505556e-05,4.539786870243865007e-05,4.539993163639068340e-05,9.990924958951478141e-01
1.000000000037440495e+00,1.000000000037440495e+00,0.000000000000000000e+00,9.999546021688301423e-01,1.000000041312963273e+00,2.200647668750647790e+04
1.000045399929669010e+00,1.000045399929669010e+00,1.000045399892226738e+00,0.000000000000000000e+00,1.000045441207065622e+00,2.200747577917638046e+04
1.000000041238030990e+00,1.000000041238030990e+00,1.000000041200590495e+00,9.999546433675501333e-01,0.000000000000000000e+00,2.200647759418631176e+04
9.999999587619536889e-01,9.999999587619536889e-01,9.999999587245131938e-01,9.999545608952171705e-01,1.000000000037474912e+00,0.000000000000000000e+00
0.000000000000000000e+00,2.202646579480671789e+04,9.999546021312976096e-01,9.999546021313913124e-01,9.999999587619707864e-01,1.000000041238047865e+00
2.202646579480671789e+04,0.000000000000000000e+00,9.999546021312976096e-01,9.999546021313913124e-01,9.999999587619707864e-01,1.000000041238047865e+00
2.202646579563140040e+04,2.202646579563140040e+04,0.000000000000000000e+00,9.999546021688301423e-01,9.999999587994112815e-01,1.000000041275488583e+00
2.202746579480465152e+04,2.202746579480465152e+04,9.999999999999062972e-01,0.000000000000000000e+00,1.000045358689767294e+00,1.000045441169588933e+00
2.202646488565286563e+04,2.202646488565286563e+04,9.999545608576503319e-01,9.999545608577440348e-01,0.000000000000000000e+00,9.999999999625251990e-01
1.000908328416618920e+00,1.000908328416618920e+00,4.543910487663074598e-05,4.543910487663500148e-05,4.544116593489640551e-05,0.000000000000000000e+00
0.000000000000000000e+00,1.000000000000000000e+00,4.539992976078505556e-05,4.539992976248484740e-05,4.539993163639068340e-05,9.990924958951478141e-01
4.539992976248484740e-05,0.000000000000000000e+00,4.539992976078505556e-05,4.539992976248484740e-05,4.539993163639068340e-05,9.990924958951478141e-01
1.000045399929762491e+00,2.202746579480671789e+04,0.000000000000000000e+00,1.000045399929762491e+00,1.000045441207159103e+00,2.200747577917843955e+04
1.000045399929668788e+00,2.202746579480465152e+04,1.000045399892226516e+00,0.000000000000000000e+00,1.000045441207065400e+00,2.200747577917637682e+04
1.000000041238030990e+00,2.202646670313479626e+04,1.000000041200590495e+00,1.000000041238030990e+00,0.000000000000000000e+00,2.200647759418631176e+04
9.999999587619536889e-01,2.202646488647830120e+04,9.999999587245131938e-01,9.999999587619536889e-01,1.000000000037474912e+00,0.000000000000000000e+00
0.000000000000000000e+00,1.000000000000000000e+00,9.999546021312976096e-01,1.000000041238013893e+00,2.200645853825658924e+04,9.999999587993773087e-01
1.000000000000000000e+00,0.000000000000000000e+00,4.539786870243439458e-05,4.539993163468778804e-05,9.990916719578841754e-01,4.539992789197947598e-05
2.202646579563140040e+04,1.000000000037440495e+00,0.000000000000000000e+00,1.000000041275454610e+00,2.200645853908052231e+04,9.999999588368178038e-01
2.202646579480671789e+04,1.000000000000000000e+00,9.999546021312976096e-01,0.000000000000000000e+00,2.200645853825658924e+04,9.999999587993773087e-01
2.202646488565286563e+04,9.999999587244788879e-01,9.999545608576503319e-01,9.999999999624912261e-01,0.000000000000000000e+00,9.999999175238578619e-01
1.000908328416618920e+00,4.544116780880061521e-05,4.543910487663074598e-05,4.544116968270412696e-05,9.999991753143308015e-01,0.000000000000000000e+00
0.000000000000000000e+00,1.000000000000000000e+00,9.981849914538160062e-01,4.539786870243863652e-05,4.539993163298953441e-05,4.539993163468933302e-05
2.202646579480671789e+04,0.000000000000000000e+00,2.198648757114691398e+04,9.999546021313910904e-01,1.000000041200607370e+00,1.000000041238047865e+00
2.202746579480671789e+04,2.202746579480671789e+04,0.000000000000000000e+00,1.000000000000093481e+00,1.000045441132240365e+00,1.000045441169682636e+00
2.202646488647905062e+04,2.202646488647905062e+04,2.198648666446786956e+04,0.000000000000000000e+00,9.999999999625934777e-01,1.000000000000033973e+00
1.000909153852054256e+00,1.000909153852054256e+00,9.990924951838588974e-01,4.543914234964451269e-05,0.000000000000000000e+00,4.544120715741800399e-05
2.202646670231085955e+04,2.202646670231085955e+04,2.198648847700392798e+04,9.999546433301450543e-01,1.000000082401233614e+00,0.000000000000000000e+00
0.000000000000000000e+00,1.000000000000000000e+00,4.539992976418310780e-05,9.990908465228237612e-01,4.539993163639068340e-05,9.990924958951478141e-01
4.539992976248484740e-05,0.000000000000000000e+00,4.539992976418310780e-05,9.990908465228237612e-01,4.539993163639068340e-05,9.990924958951478141e-01
4.548248085393639684e-05,1.001818308792181478e+00,0.000000000000000000e+00,1.000907502193244314e+00,4.548248273124956857e-05,1.000909154564636472e+00
1.000045399929669010e+00,2.202746579480465880e+04,1.000045399967077309e+00,0.000000000000000000e+00,1.000045441207065622e+00,2.200747577917638046e+04
9.999999587993942951e-01,2.202646488730298370e+04,9.999999588368009285e-01,2.200643945016079306e+04,0.000000000000000000e+00,2.200647578000237627e+04
9.999999587619536889e-01,2.202646488647830120e+04,9.999999587993604333e-01,2.200643944933685998e+04,1.000000000037474912e+00,0.000000000000000000e+00
0.000000000000000000e+00,2.202646579480671789e+04,9.999546021312976096e-01,9.999546021313913124e-01,2.200645853825658924e+04,2.200647668668254482e+04
4.539992976248484740e-05,0.000000000000000000e+00,4.539786870243439458e-05,4.539786870243865007e-05,9.990916719578841754e-01,9.990924958951478141e-01
9.999999999625933667e-01,2.202646579398278118e+04,0.000000000000000000e+00,9.999546020939863444e-01,2.200645853743340194e+04,2.200647668585935389e+04
4.544124282640768427e-05,1.000909980789375098e+00,4.543917989083218016e-05,0.000000000000000000e+00,1.000000826186190572e+00,1.000001650873221237e+00
9.999999587244788879e-01,2.202646488565286563e+04,9.999545608576503319e-01,9.999545608577440348e-01,0.000000000000000000e+00,2.200647577835374977e+04
4.544116780880061521e-05,1.000908328416618920e+00,4.543910487663074598e-05,4.543910487663500148e-05,9.999991753143308015e-01,0.000000000000000000e+00
0.000000000000000000e+00,2.202646579480671789e+04,9.999999999625253100e-01,9.999546021313910904e-01,9.999999587619707864e-01,2.200647668668254482e+04
1.000000000000000000e+00,0.000000000000000000e+00,4.539992976078349702e-05,4.539786870243863652e-05,4.539992789028121558e-05,9.990924958951478141e-01
2.202746579480671789e+04,2.202746579480671789e+04,0.000000000000000000e+00,1.000000000000093481e+00,1.000045358689860997e+00,2.200747577917843955e+04
2.202746579480465152e+04,2.202746579480465152e+04,1.000045399892192322e+00,0.000000000000000000e+00,1.000045358689767294e+00,2.200747577917637682e+04
1.000909153852054256e+00,1.000909153852054256e+00,4.544120528180850690e-05,4.543914234964451269e-05,0.000000000000000000e+00,1.000000824686349432e+00
1.000908328416618920e+00,1.000908328416618920e+00,4.544116780709771985e-05,4.543910487663499470e-05,4.544116593489640551e-05,0.000000000000000000e+00
0.000000000000000000e+00,1.000000000000000000e+00,4.539786870243863652e-05,4.539993163468778804e-05,9.990916719578841754e-01,9.990924958951478141e-01
1.000000000000000000e+00,0.000000000000000000e+00,4.539786870243863652e-05,4.539993163468778804e-05,9.990916719578841754e-01,9.990924958951478141e-01
2.202646579563215346e+04,2.202646579563215346e+04,0.000000000000000000e+00,1.000000041275488805e+00,2.200645853908127538e+04,2.200647668750723096e+04
2.202746579480465880e+04,2.202746579480465880e+04,1.000000000000000000e+00,0.000000000000000000e+00,2.200745762992648815e+04,2.200747577917638046e+04
2.202646670313479626e+04,2.202646670313479626e+04,9.999546433675499113e-01,1.000000082476046659e+00,0.000000000000000000e+00,2.200647759418631176e+04
1.000908328416618920e+00,1.000908328416618920e+00,4.543910487663499470e-05,4.544116968270412696e-05,9.999991753143308015e-01,0.000000000000000000e+00
0.000000000000000000e+00,4.539992976248484740e-05,9.981849914538160062e-01,4.539992976248484740e-05,4.539992789028121558e-05,9.990924958951478141e-01
1.000000000000000000e+00,0.000000000000000000e+00,9.981849914538160062e-01,4.539992976248484740e-05,4.539992789028121558e-05,9.990924958951478141e-01
2.202746579480465880e+04,1.000045399929669010e+00,0.000000000000000000e+00,1.000045399929669010e+00,1.000045358689767516e+00,2.200747577917638046e+04
2.202646488647905062e+04,9.999999587619876618e-01,2.198648666446786956e+04,0.000000000000000000e+00,9.999999175239602245e-01,2.200647577917918898e+04
1.000909153852054256e+00,4.544120528351140226e-05,9.990924951838588974e-01,4.544120528351140226e-05,0.000000000000000000e+00,1.000000824686349432e+00
1.000908328416618920e+00,4.544116780880061521e-05,9.990916712465959248e-01,4.544116780880061521e-05,4.544116593489640551e-05,0.000000000000000000e+00
0.000000000000000000e+00,4.539992976248484740e-05,4.539992976078505556e-05,9.990908465228237612e-01,4.539992789028121558e-05,4.539786870243865007e-05
1.000000000000000000e+00,0.000000000000000000e+00,9.999999999625595049e-01,2.200644035683946640e+04,9.999999587619707864e-01,9.999546021313913124e-01
4.548248085393639684e-05,4.548248085393639684e-05,0.000000000000000000e+00,1.000907502193244314e+00,4.548247897832851928e-05,4.548041604624659240e-05
1.000000000000000000e+00,1.000000000000000000e+00,9.999999999625595049e-01,0.000000000000000000e+00,9.999999587619707864e-01,9.999546021313913124e-01
1.000000041238030990e+00,1.000000041238030990e+00,1.000000041200590495e+00,2.200644126434173450e+04,0.000000000000000000e+00,9.999546433675501333e-01
4.544116780880061521e-05,4.544116780880061521e-05,4.544116780709927161e-05,9.999983491295042493e-01,4.544116593489640551e-05,0.000000000000000000e+00
0.000000000000000000e+00,2.202646579480671789e+04,9.999546021313913124e-01,1.000000041238013893e+00,1.000000000000000000e+00,1.000000041238047865e+00
2.202646579480671789e+04,0.000000000000000000e+00,9.999546021313913124e-01,1.000000041238013893e+00,1.000000000000000000e+00,1.000000041238047865e+00
2.202646579563140040e+04,2.202646579563140040e+04,0.000000000000000000e+00,1.000000041275454610e+00,1.000000000037440495e+00,1.000000041275488583e+00
1.000909980789375098e+00,1.000909980789375098e+00,4.543917989083643566e-05,0.000000000000000000e+00,4.544124282640768427e-05,4.544124470031583776e-05
2.202646670313479626e+04,2.202646670313479626e+04,9.999546433675501333e-01,1.000000082476046659e+00,0.000000000000000000e+00,1.000000082476080632e+00
2.202746579480465152e+04,2.202746579480465152e+04,1.000000000000000000e+00,1.000045441169554961e+00,1.000045399929668788e+00,0.000000000000000000e+00
0.000000000000000000e+00,4.539992976248484740e-05,4.539992976248484740e-05,4.539992976248484740e-05,4.539786870243865007e-05,9.990924958951478141e-01
1.000000000000000000e+00,0.000000000000000000e+00,4.539992976248484740e-05,4.539992976248484740e-05,4.539786870243865007e-05,9.990924958951478141e-01
2.202746579480465152e+04,1.000045399929668788e+00,0.000000000000000000e+00,1.000045399929668788e+00,1.000000000000000000e+00,2.200747577917637682e+04
2.202646488647905062e+04,9.999999587619876618e-01,9.999999587619876618e-01,0.000000000000000000e+00,9.999545608952511433e-01,2.200647577917918898e+04
2.202646579480671789e+04,1.000000000000000000e+00,1.000000000000000000e+00,1.000000000000000000e+00,0.000000000000000000e+00,2.200647668668254482e+04
2.202646488647830120e+04,9.999999587619536889e-01,9.999999587619536889e-01,9.999999587619536889e-01,9.999545608952171705e-01,0.000000000000000000e+00
0.000000000000000000e+00,4.539992976248484740e-05,4.539992789197948276e-05,4.539993163468933302e-05,4.539992789028121558e-05,4.539993163468933302e-05
2.202646579480671789e+04,0.000000000000000000e+00,9.999999587993775307e-01,1.000000041238047865e+00,9.999999587619707864e-01,1.000000041238047865e+00
2.202646579480671789e+04,1.000000000000000000e+00,0.000000000000000000e+00,1.000000041238047865e+00,9.999999587619707864e-01,1.000000041238047865e+00
2.202646579480671789e+04,1.000000000000000000e+00,9.999999587993775307e-01,0.000000000000000000e+00,9.999999587619707864e-01,1.000000041238047865e+00
2.202746579480465152e+04,1.000045399929668788e+00,1.000045358727175815e+00,1.000045441169588933e+00,0.000000000000000000e+00,1.000045441169588933e+00
1.000908328416618920e+00,4.544116780880061521e-05,4.544116593659621090e-05,4.544116968270567195e-05,4.544116593489640551e-05,0.000000000000000000e+00
0.000000000000000000e+00,1.000000000000000000e+00,4.539992976078505556e-05,4.539993163298953441e-05,4.539993163639068340e-05,4.539786870243865007e-05
2.202646579480671789e+04,0.000000000000000000e+00,9.999999999625595049e-01,1.000000041200607370e+00,1.000000041275522777e+00,9.999546021313913124e-01
2.202646670231085591e+04,2.202646670231085591e+04,0.000000000000000000e+00,1.000000082401233392e+00,1.000000082476148577e+00,9.999546433301450543e-01
2.202646488647830120e+04,2.202646488647830120e+04,9.999999587245131938e-01,0.000000000000000000e+00,1.000000000037474912e+00,9.999545608952171705e-01
2.202646670313479626e+04,2.202646670313479626e+04,1.000000041200590495e+00,1.000000082438640137e+00,0.000000000000000000e+00,9.999546433675501333e-01
2.202646488647830120e+04,2.202646488647830120e+04,9.999999587245131938e-01,9.999999999625595049e-01,1.000000000037474912e+00,0.000000000000000000e+00
0.000000000000000000e+00,1.000000000000000000e+00,4.539992976418620455e-05,4.539786870243865007e-05,4.539786870243863652e-05,9.990924958951478141e-01
1.000000000000000000e+00,0.000000000000000000e+00,4.539992976418620455e-05,4.539786870243865007e-05,4.539786870243863652e-05,9.990924958951478141e-01
2.202646579563140040e+04,2.202646579563140040e+04,0.000000000000000000e+00,9.999546021688301423e-01,9.999546021688299202e-01,2.200647668750647790e+04
2.202646488730298370e+04,2.202646488730298370e+04,9.999999588368690961e-01,0.000000000000000000e+00,9.999545609326557782e-01,2.200647578000237627e+04
2.202646488565286563e+04,2.202646488565286563e+04,9.999999587619536889e-01,9.999545608577440348e-01,0.000000000000000000e+00,2.200647577835374977e+04
2.202746579480465152e+04,2.202746579480465152e+04,1.000045399967145254e+00,1.000000000000000000e+00,9.999999999999997780e-01,0.000000000000000000e+00
0.000000000000000000e+00,1.000000000000000000e+00,4.539992789197948276e-05,4.539786870243865007e-05,9.990916719578841754e-01,9.990924958951478141e-01
1.000000000000000000e+00,0.000000000000000000e+00,4.539992789197948276e-05,4.539786870243865007e-05,9.990916719578841754e-01,9.990924958951478141e-01
2.202646579398127869e+04,2.202646579398127869e+04,0.000000000000000000e+00,9.999546020939181767e-01,2.200645853743190310e+04,2.200647668585785505e+04
2.202746579480465152e+04,2.202746579480465152e+04,1.000045358727175815e+00,0.000000000000000000e+00,2.200745762992648451e+04,2.200747577917637682e+04
2.202746579480465880e+04,2.202746579480465880e+04,1.000045358727176037e+00,1.000000000000000222e+00,0.000000000000000000e+00,2.200747577917638046e+04
1.000908328416618920e+00,1.000908328416618920e+00,4.544116593659621090e-05,4.543910487663500148e-05,9.999991753143308015e-01,0.000000000000000000e+00
0.000000000000000000e+00,1.000000000000000000e+00,9.981849914538160062e-01,4.539993163298953441e-05,4.539992789028121558e-05,9.990924958951478141e-01
1.000000000000000000e+00,0.000000000000000000e+00,9.981849914538160062e-01,4.539993163298953441e-05,4.539992789028121558e-05,9.990924958951478141e-01
2.202646670231085591e+04,2.202646670231085591e+04,0.000000000000000000e+00,1.000000082401233392e+00,9.999999999625932556e-01,2.200647759336312083e+04
2.202746579480465152e+04,2.202746579480465152e+04,2.198748575613630601e+04,0.000000000000000000e+00,1.000045358689767294e+00,2.200747577917637682e+04
1.000909153852054256e+00,1.000909153852054256e+00,9.990924951838588974e-01,4.544120715571666039e-05,0.000000000000000000e+00,1.000000824686349432e+00
1.000908328416618920e+00,1.000908328416618920e+00,9.990916712465959248e-01,4.544116968100432835e-05,4.544116593489640551e-05,0.000000000000000000e+00
0.000000000000000000e+00,1.000000000000000000e+00,4.539992976078505556e-05,4.539992788857987198e-05,4.539992789028121558e-05,9.990924958951478141e-01
1.000000000000000000e+00,0.000000000000000000e+00,4.539992976078505556e-05,4.539992788857987198e-05,4.539992789028121558e-05,9.990924958951478141e-01
1.001818308792181478e+00,1.001818308792181478e+00,0.000000000000000000e+00,4.548247897662407893e-05,4.548247897832851928e-05,1.000909154564636472e+00
2.202646488730298370e+04,2.202646488730298370e+04,9.999999587619536889e-01,0.000000000000000000e+00,9.999999175613667468e-01,2.200647578000237627e+04
2.202646670313479626e+04,2.202646670313479626e+04,1.000000041200590495e+00,9.999999999625253100e-01,0.000000000000000000e+00,2.200647759418631176e+04
1.000908328416618920e+00,1.000908328416618920e+00,4.544116780709927161e-05,4.544116593319351015e-05,4.544116593489640551e-05,0.000000000000000000e+00
0.000000000000000000e+00,1.000000000000000000e+00,4.539786870243863652e-05,4.539786870243865007e-05,9.990916719578841754e-01,4.539992789197947598e-05
1.000000000000000000e+00,0.000000000000000000e+00,4.539786870243863652e-05,4.539786870243865007e-05,9.990916719578841754e-01,4.539992789197947598e-05
2.202646579563140040e+04,2.202646579563140040e+04,0.000000000000000000e+00,9.999546021688301423e-01,2.200645853908052231e+04,9.999999588368178038e-01
2.202646670396023183e+04,2.202646670396023183e+04,9.999546434050229360e-01,0.000000000000000000e+00,2.200645944658429289e+04,1.000000000074881212e+00
2.202646670313479626e+04,2.202646670313479626e+04,9.999546433675499113e-01,9.999546433675501333e-01,0.000000000000000000e+00,1.000000000037406522e+00
1.000908328416618920e+00,1.000908328416618920e+00,4.543910487663499470e-05,4.543910487663500148e-05,9.999991753143308015e-01,0.000000000000000000e+00
0.000000000000000000e+00,1.000000000000000000e+00,9.981849914538160062e-01,4.539992976248484740e-05,4.539786870243865007e-05,4.539992789197947598e-05
4.539992976248484740e-05,0.000000000000000000e+00,9.981849914538160062e-01,4.539992976248484740e-05,4.539786870243865007e-05,4.539992789197947598e-05
1.000045399929669010e+00,2.202746579480465880e+04,0.000000000000000000e+00,1.000045399929669010e+00,1.000000000000000222e+00,1.000045358727175815e+00
1.000045399929668788e+00,2.202746579480465152e+04,2.198748575613630601e+04,0.000000000000000000e+00,1.000000000000000000e+00,1.000045358727175593e+00
4.544120528351140226e-05,1.000909153852054256e+00,9.990924951838588974e-01,4.544120528351140226e-05,0.000000000000000000e+00,4.544120341130545297e-05
1.000000041200624468e+00,2.202646670231085955e+04,2.198648847700392798e+04,1.000000041200624468e+00,9.999546433301452764e-01,0.000000000000000000e+00
0.000000000000000000e+00,2.202646579480671789e+04,9.999546021313913124e-01,2.200644035683946640e+04,1.000000041200607370e+00,9.999999587993773087e-01
4.539992976248484740e-05,0.000000000000000000e+00,4.539786870243865007e-05,9.990908465228237612e-01,4.539993163298953441e-05,4.539992789197947598e-05
4.548248085393639684e-05,1.001818308792181478e+00,0.000000000000000000e+00,1.000907502193244314e+00,4.548248272784223285e-05,4.548247898002986289e-05
1.000000000000000000e+00,2.202646579480671789e+04,9.999546021313913124e-01,0.000000000000000000e+00,1.000000041200607370e+00,9.999999587993773087e-01
1.000045399929668788e+00,2.202746579480465152e+04,1.000000000000000000e+00,2.200743944768392612e+04,0.000000000000000000e+00,1.000045358727175593e+00
1.000000041200624468e+00,2.202646670231085955e+04,9.999546433301452764e-01,2.200644126351855084e+04,1.000000082401233614e+00,0.000000000000000000e+00
0.000000000000000000e+00,2.202646579480671789e+04,9.999546021312976096e-01,9.999546021313910904e-01,1.000000041200607370e+00,9.999999587993773087e-01
4.539992976248484740e-05,0.000000000000000000e+00,4.539786870243439458e-05,4.539786870243863652e-05,4.539993163298953441e-05,4.539992789197947598e-05
1.000045399929668788e+00,2.202746579480465152e+04,0.000000000000000000e+00,9.999999999999997780e-01,1.000045441132146662e+00,1.000045358727175593e+00
4.544124282640768427e-05,1.000909980789375098e+00,4.543917989083218016e-05,0.000000000000000000e+00,4.544124469861449416e-05,4.544124095420018998e-05
9.999999587993942951e-01,2.202646488730298370e+04,9.999545609325622975e-01,9.999545609326557782e-01,0.000000000000000000e+00,9.999999175987732691e-01
1.000000041200624468e+00,2.202646670231085955e+04,9.999546433300515735e-01,9.999546433301450543e-01,1.000000082401233614e+00,0.000000000000000000e+00
0.000000000000000000e+00,1.000000000000000000e+00,9.999546021313913124e-01,1.000000000000000000e+00,1.000000041200607370e+00,2.200647668668254482e+04
4.539992976248484740e-05,0.000000000000000000e+00,4.539786870243865007e-05,4.539992976248484740e-05,4.539993163298953441e-05,9.990924958951478141e-01
1.000045399929762491e+00,1.000045399929762491e+00,0.000000000000000000e+00,1.000045399929762491e+00,1.000045441132240365e+00,2.200747577917843955e+04
1.000045399929669010e+00,1.000045399929669010e+00,1.000000000000000222e+00,0.000000000000000000e+00,1.000045441132146884e+00,2.200747577917638046e+04
9.999999587993942951e-01,9.999999587993942951e-01,9.999545609326560003e-01,9.999999587993942951e-01,0.000000000000000000e+00,2.200647578000237627e+04
1.000000041200624468e+00,1.000000041200624468e+00,9.999546433301452764e-01,1.000000041200624468e+00,1.000000082401233614e+00,0.000000000000000000e+00
0.000000000000000000e+00,2.202646579480671789e+04,9.999546021313913124e-01,1.000000000000000000e+00,2.200645853825658924e+04,1.000000041238047865e+00
2.202646579480671789e+04,0.000000000000000000e+00,9.999546021313913124e-01,1.000000000000000000e+00,2.200645853825658924e+04,1.000000041238047865e+00
2.202746579480465152e+04,2.202746579480465152e+04,0.000000000000000000e+00,1.000045399929668788e+00,2.200745762992648451e+04,1.000045441169588933e+00
2.202646579480671789e+04,2.202646579480671789e+04,9.999546021313913124e-01,0.000000000000000000e+00,2.200645853825658924e+04,1.000000041238047865e+00
2.202646488730298370e+04,2.202646488730298370e+04,9.999545609326560003e-01,9.999999587993942951e-01,0.000000000000000000e+00,1.000000000037440495e+00
1.000908328416618920e+00,1.000908328416618920e+00,4.543910487663500148e-05,4.544116780880061521e-05,9.999991753143308015e-01,0.000000000000000000e+00
0.000000000000000000e+00,4.539992976248484740e-05,9.981849914538160062e-01,4.539992976248484740e-05,4.539993163639068340e-05,4.539992789197947598e-05
1.000000000000000000e+00,0.000000000000000000e+00,9.981849914538160062e-01,4.539992976248484740e-05,4.539993163639068340e-05,4.539992789197947598e-05
2.202746579480465152e+04,1.000045399929668788e+00,0.000000000000000000e+00,1.000045399929668788e+00,1.000045441207065400e+00,1.000045358727175593e+00
2.202646579480671789e+04,1.000000000000000000e+00,2.198648757114691398e+04,0.000000000000000000e+00,1.000000041275522777e+00,9.999999587993773087e-01
1.000909153852054256e+00,4.544120528351140226e-05,9.990924951838588974e-01,4.544120528351140226e-05,0.000000000000000000e+00,4.544120341130545297e-05
2.202646488647830120e+04,9.999999587619536889e-01,2.198648666446712014e+04,9.999999587619536889e-01,1.000000000037474912e+00,0.000000000000000000e+00
0.000000000000000000e+00,4.539992976248484740e-05,4.539992976418620455e-05,9.990908465228237612e-01,4.539786870243865007e-05,4.539993163468933302e-05
2.202646579480671789e+04,0.000000000000000000e+00,1.000000000037474912e+00,2.200644035683946640e+04,9.999546021313913124e-01,1.000000041238047865e+00
1.001818308792181478e+00,4.548248085393639684e-05,0.000000000000000000e+00,1.000907502193244314e+00,4.548041604624659240e-05,4.548248272954512144e-05
2.202646579480671789e+04,1.000000000000000000e+00,1.000000000037474912e+00,0.000000000000000000e+00,9.999546021313913124e-01,1.000000041238047865e+00
2.202646488565286563e+04,9.999999587244788879e-01,9.999999587619536889e-01,2.200643944851217384e+04,0.000000000000000000e+00,9.999999999625251990e-01
2.202646670231085955e+04,1.000000041200624468e+00,1.000000041238099158e+00,2.200644126351855084e+04,9.999546433301452764e-01,0.000000000000000000e+00
0.000000000000000000e+00,1.000000000000000000e+00,4.539992789197948276e-05,4.539786870243865007e-05,4.539993163639068340e-05,4.539786870243865007e-05
2.202646579480671789e+04,0.000000000000000000e+00,9.999999587993775307e-01,9.999546021313913124e-01,1.000000041275522777e+00,9.999546021313913124e-01
2.202646579398127869e+04,2.202646579398127869e+04,0.000000000000000000e+00,9.999546020939181767e-01,1.000000041238047865e+00,9.999546020939181767e-01
1.000909980789375098e+00,1.000909980789375098e+00,4.544124095420019676e-05,0.000000000000000000e+00,4.544124470201873990e-05,4.543917989083643566e-05
2.202746579480465152e+04,2.202746579480465152e+04,1.000045358727175815e+00,1.000000000000000000e+00,0.000000000000000000e+00,1.000000000000000000e+00
2.202646488647830120e+04,2.202646488647830120e+04,9.999999175613329960e-01,9.999545608952171705e-01,1.000000000037474912e+00,0.000000000000000000e+00
0.000000000000000000e+00,1.000000000000000000e+00,4.539786870243863652e-05,4.539993163298953441e-05,4.539786870243863652e-05,9.990924958951478141e-01
4.539992976248484740e-05,0.000000000000000000e+00,4.539786870243863652e-05,4.539993163298953441e-05,4.539786870243863652e-05,9.990924958951478141e-01
1.000000041200624246e+00,2.202646670231085591e+04,0.000000000000000000e+00,1.000000082401233392e+00,9.999546433301448323e-01,2.200647759336312083e+04
1.000045399929668788e+00,2.202746579480465152e+04,9.999999999999997780e-01,0.000000000000000000e+00,9.999999999999997780e-01,2.200747577917637682e+04
9.999999587244788879e-01,2.202646488565286563e+04,9.999545608577438127e-01,9.999999999250845928e-01,0.000000000000000000e+00,2.200647577835374977e+04
1.000045399929668788e+00,2.202746579480465152e+04,9.999999999999997780e-01,1.000045441132146662e+00,9.999999999999997780e-01,0.000000000000000000e+00
0.000000000000000000e+00,1.000000000000000000e+00,9.999546021312976096e-01,1.000000000000000000e+00,2.200645853825658924e+04,2.200647668668254482e+04
4.539992976248484740e-05,0.000000000000000000e+00,4.539786870243439458e-05,4.539992976248484740e-05,9.990916719578841754e-01,9.990924958951478141e-01
1.000045399929669010e+00,1.000045399929669010e+00,0.000000000000000000e+00,1.000045399929669010e+00,2.200745762992648815e+04,2.200747577917638046e+04
9.999999587993942951e-01,9.999999587993942951e-01,9.999545609325622975e-01,0.000000000000000000e+00,2.200645763157717010e+04,2.200647578000237627e+04
1.000045399929669010e+00,1.000045399929669010e+00,9.999999999999065192e-01,1.000045399929669010e+00,0.000000000000000000e+00,2.200747577917638046e+04
4.544116780880061521e-05,4.544116780880061521e-05,4.543910487663074598e-05,4.544116780880061521e-05,9.999991753143308015e-01,0.000000000000000000e+00
0.000000000000000000e+00,2.202646579480671789e+04,9.999999999625253100e-01,9.999546021313910904e-01,9.999999587619707864e-01,9.999546021313913124e-01
2.202646579480671789e+04,0.000000000000000000e+00,9.999999999625253100e-01,9.999546021313910904e-01,9.999999587619707864e-01,9.999546021313913124e-01
2.202746579480671789e+04,2.202746579480671789e+04,0.000000000000000000e+00,1.000000000000093481e+00,1.000045358689860997e+00,1.000000000000093703e+00
2.202646579480671789e+04,2.202646579480671789e+04,9.999999999625253100e-01,0.000000000000000000e+00,9.999999587619707864e-01,9.999546021313913124e-01
1.000909153852054256e+00,1.000909153852054256e+00,4.544120528180850690e-05,4.543914234964451269e-05,0.000000000000000000e+00,4.543914234964451947e-05
1.000908328416618920e+00,1.000908328416618920e+00,4.544116780709771985e-05,4.543910487663499470e-05,4.544116593489640551e-05,0.000000000000000000e+00
0.000000000000000000e+00,4.539992976248484740e-05,4.539786870243863652e-05,4.539993163468778804e-05,4.539786870243863652e-05,9.990924958951478141e-01
1.000000000000000000e+00,0.000000000000000000e+00,4.539786870243863652e-05,4.539993163468778804e-05,4.539786870243863652e-05,9.990924958951478141e-01
2.202646579563215346e+04,1.000000000037474690e+00,0.000000000000000000e+00,1.000000041275488805e+00,9.999546021688641151e-01,2.200647668750723096e+04
2.202746579480465880e+04,1.000045399929669010e+00,1.000000000000000000e+00,0.000000000000000000e+00,1.000000000000000000e+00,2.200747577917638046e+04
2.202646670313479626e+04,1.000000041238030990e+00,9.999546433675499113e-01,1.000000082476046659e+00,0.000000000000000000e+00,2.200647759418631176e+04
2.202746579480465152e+04,1.000045399929668788e+00,9.999999999999997780e-01,1.000045441169554961e+00,9.999999999999997780e-01,0.000000000000000000e+00
0.000000000000000000e+00,1.000000000000000000e+00,4.539992789197948276e-05,4.539992976248484740e-05,9.990916719578841754e-01,4.539993163468933302e-05
2.202646579480671789e+04,0.000000000000000000e+00,9.999999587993775307e-01,1.000000000000000000e+00,2.200645853825658924e+04,1.000000041238047865e+00
2.202746579480465880e+04,2.202746579480465880e+04,0.000000000000000000e+00,1.000045399929669010e+00,2.200745762992648815e+04,1.000045441169589155e+00
2.202646488647905062e+04,2.202646488647905062e+04,9.999999175613669689e-01,0.000000000000000000e+00,2.200645763075398281e+04,1.000000000000033973e+00
2.202746579480465880e+04,2.202746579480465880e+04,1.000045358727176037e+00,1.000045399929669010e+00,0.000000000000000000e+00,1.000045441169589155e+00
1.000908328416618920e+00,1.000908328416618920e+00,4.544116593659621090e-05,4.544116780880061521e-05,9.999991753143308015e-01,0.000000000000000000e+00
0.000000000000000000e+00,4.539992976248484740e-05,4.539992602147341339e-05,4.539993163298953441e-05,4.539993163639068340e-05,9.990924958951478141e-01
1.000000000000000000e+00,0.000000000000000000e+00,4.539992602147341339e-05,4.539993163298953441e-05,4.539993163639068340e-05,9.990924958951478141e-01
2.202646670231085591e+04,1.000000041200624246e+00,0.000000000000000000e+00,1.000000082401233392e+00,1.000000082476148577e+00,2.200647759336312083e+04
2.202646579480671789e+04,1.000000000000000000e+00,9.999999175987396294e-01,0.000000000000000000e+00,1.000000041275522777e+00,2.200647668668254482e+04
1.000909153852054256e+00,4.544120528351140226e-05,4.544120153909881249e-05,4.544120715571666039e-05,0.000000000000000000e+00,1.000000824686349432e+00
2.202646488647830120e+04,9.999999587619536889e-01,9.999998763606967600e-01,9.999999999625595049e-01,1.000000000037474912e+00,0.000000000000000000e+00
0.000000000000000000e+00,1.000000000000000000e+00,4.539992976418620455e-05,4.539993163128972224e-05,9.990916719578841754e-01,4.539993163468933302e-05
2.202646579480671789e+04,0.000000000000000000e+00,1.000000000037474912e+00,1.000000041163166653e+00,2.200645853825658924e+04,1.000000041238047865e+00
2.202646760981541229e+04,2.202646760981541229e+04,0.000000000000000000e+00,1.000000123564437349e+00,2.200646035161666077e+04,1.000000123639318561e+00
2.202646488730298370e+04,2.202646488730298370e+04,9.999999588368690961e-01,0.000000000000000000e+00,2.200645763157717010e+04,1.000000000037440495e+00
2.202646488565286563e+04,2.202646488565286563e+04,9.999999587619536889e-01,9.999999998876438756e-01,0.000000000000000000e+00,9.999999999625251990e-01
1.000908328416618920e+00,1.000908328416618920e+00,4.544116781050351058e-05,4.544116967930297797e-05,9.999991753143308015e-01,0.000000000000000000e+00
0.000000000000000000e+00,4.539992976248484740e-05,9.981849914538160062e-01,4.539993163469088479e-05,4.539786870243865007e-05,4.539992789197947598e-05
1.000000000000000000e+00,0.000000000000000000e+00,9.981849914538160062e-01,4.539993163469088479e-05,4.539786870243865007e-05,4.539992789197947598e-05
2.202646579398127869e+04,9.999999999625251990e-01,0.000000000000000000e+00,1.000000041200607370e+00,9.999546020939181767e-01,9.999999587619025077e-01
2.202646488812767348e+04,9.999999588368350123e-01,2.198648666611349836e+04,0.000000000000000000e+00,9.999545609700950521e-01,9.999999176362139863e-01
1.000909153852054256e+00,4.544120528351140226e-05,9.990924951838588974e-01,4.544120715741956253e-05,0.000000000000000000e+00,4.544120341130545297e-05
2.202646488647830120e+04,9.999999587619536889e-01,2.198648666446712014e+04,1.000000000000034195e+00,9.999545608952171705e-01,0.000000000000000000e+00
0.000000000000000000e+00,1.000000000000000000e+00,4.539992789197948276e-05,4.539992788857987198e-05,4.539786870243865007e-05,4.539993163468933302e-05
2.202646579480671789e+04,0.000000000000000000e+00,9.999999587993775307e-01,9.999999587244959853e-01,9.999546021313913124e-01,1.000000041238047865e+00
1.001818308792181478e+00,1.001818308792181478e+00,0.000000000000000000e+00,4.548247897662407893e-05,4.548041604624659240e-05,4.548248272954512144e-05
2.202646488647754813e+04,2.202646488647754813e+04,9.999999175612988012e-01,0.000000000000000000e+00,9.999545608951829756e-01,9.999999999999658051e-01
2.202746579480465152e+04,2.202746579480465152e+04,1.000045358727175815e+00,1.000045358652290828e+00,0.000000000000000000e+00,1.000045441169588933e+00
2.202646670231085955e+04,2.202646670231085955e+04,1.000000000000000222e+00,9.999999999251186766e-01,9.999546433301452764e-01,0.000000000000000000e+00
0.000000000000000000e+00,1.000000000000000000e+00,4.539992789197948276e-05,4.539993163298953441e-05,4.539993163639068340e-05,4.539992789197947598e-05
1.000000000000000000e+00,0.000000000000000000e+00,4.539992789197948276e-05,4.539993163298953441e-05,4.539993163639068340e-05,4.539992789197947598e-05
2.202646670231085591e+04,2.202646670231085591e+04,0.000000000000000000e+00,1.000000082401233392e+00,1.000000082476148577e+00,9.999999999999997780e-01
2.202646670396023183e+04,2.202646670396023183e+04,1.000000000074881434e+00,0.000000000000000000e+00,1.000000082551030234e+00,1.000000000074881212e+00
2.202746579480465152e+04,2.202746579480465152e+04,1.000045358727175815e+00,1.000045441132146662e+00,0.000000000000000000e+00,1.000045358727175593e+00
2.202646488647830120e+04,2.202646488647830120e+04,9.999999175613329960e-01,9.999999999625595049e-01,1.000000000037474912e+00,0.000000000000000000e+00
0.000000000000000000e+00,1.000000000000000000e+00,4.539992976418620455e-05,4.539993163298953441e-05,4.539993163298953441e-05,9.990924958951478141e-01
4.539992976248484740e-05,0.000000000000000000e+00,4.539992976418620455e-05,4.539993163298953441e-05,4.539993163298953441e-05,9.990924958951478141e-01
1.000000041200624246e+00,2.202646670231085591e+04,0.000000000000000000e+00,1.000000082401233392e+00,1.000000082401233392e+00,2.200647759336312083e+04
9.999999587993942951e-01,2.202646488730298370e+04,9.999999588368690961e-01,0.000000000000000000e+00,1.000000000000000000e+00,2.200647578000237627e+04
9.999999587244788879e-01,2.202646488565286563e+04,9.999999587619536889e-01,9.999999999250845928e-01,0.000000000000000000e+00,2.200647577835374977e+04
1.000000041200624468e+00,2.202646670231085955e+04,1.000000041238099158e+00,1.000000082401233614e+00,1.000000082401233614e+00,0.000000000000000000e+00
0.000000000000000000e+00,2.202646579480671789e+04,9.999546021313913124e-01,1.000000041238082060e+00,2.200645853825658924e+04,2.200647668668254482e+04
1.000000000000000000e+00,0.000000000000000000e+00,4.539786870243865007e-05,4.539993163469088479e-05,9.990916719578841754e-01,9.990924958951478141e-01
2.202646579398127869e+04,2.202646579398127869e+04,0.000000000000000000e+00,1.000000041200607370e+00,2.200645853743190310e+04,2.200647668585785505e+04
2.202646488730298370e+04,2.202646488730298370e+04,9.999545609326560003e-01,0.000000000000000000e+00,2.200645763157717010e+04,2.200647578000237627e+04
2.202646488730298370e+04,2.202646488730298370e+04,9.999545609326560003e-01,1.000000000037474690e+00,0.000000000000000000e+00,2.200647578000237627e+04
1.000908328416618920e+00,1.000908328416618920e+00,4.543910487663500148e-05,4.544116968270722371e-05,9.999991753143308015e-01,0.000000000000000000e+00
0.000000000000000000e+00,1.000000000000000000e+00,9.981849914538160062e-01,4.539992976248484740e-05,9.990916719578841754e-01,4.539992789197947598e-05
1.000000000000000000e+00,0.000000000000000000e+00,9.981849914538160062e-01,4.539992976248484740e-05,9.990916719578841754e-01,4.539992789197947598e-05
2.202746579480465152e+04,2.202746579480465152e+04,0.000000000000000000e+00,1.000045399929668788e+00,2.200745762992648451e+04,1.000045358727175593e+00
2.202646488647754813e+04,2.202646488647754813e+04,2.198648666446637071e+04,0.000000000000000000e+00,2.200645763075248396e+04,9.999999175612985791e-01
1.000909153852054256e+00,1.000909153852054256e+00,9.990924951838588974e-01,4.544120528351140226e-05,0.000000000000000000e+00,4.544120341130545297e-05
1.000908328416618920e+00,1.000908328416618920e+00,9.990916712465959248e-01,4.544116780880061521e-05,9.999991753143308015e-01,0.000000000000000000e+00
0.000000000000000000e+00,1.000000000000000000e+00,4.539992602147341339e-05,9.990908465228237612e-01,4.539786870243865007e-05,9.990924958951478141e-01
1.000000000000000000e+00,0.000000000000000000e+00,4.539992602147341339e-05,9.990908465228237612e-01,4.539786870243865007e-05,9.990924958951478141e-01
1.001818308792181478e+00,1.001818308792181478e+00,0.000000000000000000e+00,1.000907502193244314e+00,4.548041604624659240e-05,1.000909154564636472e+00
2.202646579480671789e+04,2.202646579480671789e+04,9.999999175987396294e-01,0.000000000000000000e+00,9.999546021313913124e-01,2.200647668668254482e+04
1.000909153852054256e+00,1.000909153852054256e+00,4.544120153909881249e-05,9.999991738144921039e-01,0.000000000000000000e+00,1.000000824686349432e+00
2.202646670231085955e+04,2.202646670231085955e+04,9.999999587993605443e-01,2.200644126351855084e+04,9.999546433301452764e-01,0.000000000000000000e+00
0.000000000000000000e+00,1.000000000000000000e+00,4.539992789197948276e-05,4.539993163128972224e-05,9.990916719578841754e-01,9.990924958951478141e-01
1.000000000000000000e+00,0.000000000000000000e+00,4.539992789197948276e-05,4.539993163128972224e-05,9.990916719578841754e-01,9.990924958951478141e-01
2.202646760981541229e+04,2.202646760981541229e+04,0.000000000000000000e+00,1.000000123564437349e+00,2.200646035161666077e+04,2.200647850004410793e+04
1.000909980789375098e+00,1.000909980789375098e+00,4.544124095420019676e-05,0.000000000000000000e+00,1.000000826186190572e+00,1.000001650873221237e+00
2.202746579480465152e+04,2.202746579480465152e+04,1.000045358727175815e+00,1.000045441094704168e+00,0.000000000000000000e+00,2.200747577917637682e+04
1.000908328416618920e+00,1.000908328416618920e+00,4.544116593659621090e-05,4.544116967930297797e-05,9.999991753143308015e-01,0.000000000000000000e+00
0.000000000000000000e+00,4.539992976248484740e-05,9.981849914538160062e-01,4.539993163298953441e-05,9.990916719578841754e-01,9.990924958951478141e-01
1.000000000000000000e+00,0.000000000000000000e+00,9.981849914538160062e-01,4.539993163298953441e-05,9.990916719578841754e-01,9.990924958951478141e-01
2.202646670231085591e+04,1.000000041200624246e+00,0.000000000000000000e+00,1.000000082401233392e+00,2.200645944493641582e+04,2.200647759336312083e+04
2.202646488812767348e+04,9.999999588368350123e-01,2.198648666611349836e+04,0.000000000000000000e+00,2.200645763240110682e+04,2.200647578082631298e+04
1.000909153852054256e+00,4.544120528351140226e-05,9.990924951838588974e-01,4.544120715571666039e-05,0.000000000000000000e+00,1.000000824686349432e+00
1.000908328416618920e+00,4.544116780880061521e-05,9.990916712465959248e-01,4.544116968100432835e-05,9.999991753143308015e-01,0.000000000000000000e+00
0.000000000000000000e+00,1.000000000000000000e+00,4.539992602147341339e-05,9.990908465228237612e-01,9.990916719578841754e-01,4.539993163468933302e-05
2.202646579480671789e+04,0.000000000000000000e+00,9.999999175987396294e-01,2.200644035683946640e+04,2.200645853825658924e+04,1.000000041238047865e+00
1.001818308792181478e+00,1.001818308792181478e+00,0.000000000000000000e+00,1.000907502193244314e+00,1.000908329129200469e+00,4.548248272954512144e-05
2.202646488730298370e+04,2.202646488730298370e+04,9.999998763981372552e-01,0.000000000000000000e+00,2.200645763157717010e+04,1.000000000037440495e+00
1.000909153852054256e+00,1.000909153852054256e+00,4.544120153909881249e-05,9.999991738144921039e-01,0.000000000000000000e+00,4.544120715741800399e-05
1.000908328416618920e+00,1.000908328416618920e+00,4.544116406439110864e-05,9.999983491295042493e-01,9.999991753143308015e-01,0.000000000000000000e+00
0.000000000000000000e+00,1.000000000000000000e+00,9.981849914538160062e-01,4.539993163128972224e-05,4.539993163639068340e-05,4.539992789197947598e-05
4.539992976248484740e-05,0.000000000000000000e+00,9.981849914538160062e-01,4.539993163128972224e-05,4.539993163639068340e-05,4.539992789197947598e-05
1.000000082401267143e+00,2.202646760981541229e+04,0.000000000000000000e+00,1.000000123564437349e+00,1.000000123676793473e+00,1.000000041200641121e+00
4.544124282640768427e-05,1.000909980789375098e+00,9.990933206202814443e-01,0.000000000000000000e+00,4.544124470201873990e-05,4.544124095420018998e-05
4.544120528351140226e-05,1.000909153852054256e+00,9.990924951838588974e-01,4.544120715401531001e-05,0.000000000000000000e+00,4.544120341130545297e-05
9.999999587619536889e-01,2.202646488647830120e+04,2.198648666446712014e+04,9.999999999251186766e-01,1.000000000037474912e+00,0.000000000000000000e+00
0.000000000000000000e+00,2.202646579480671789e+04,9.999546021313913124e-01,2.200644035683946640e+04,1.000000041200607370e+00,9.999999587993773087e-01
4.539992976248484740e-05,0.000000000000000000e+00,4.539786870243865007e-05,9.990908465228237612e-01,4.539993163298953441e-05,4.539992789197947598e-05
4.548248085393639684e-05,1.001818308792181478e+00,0.000000000000000000e+00,1.000907502193244314e+00,4.548248272784223285e-05,4.548247898002986289e-05
9.999999588368350123e-01,2.202646488812767348e+04,9.999545609700950521e-01,0.000000000000000000e+00,1.000000000037440717e+00,9.999999176362139863e-01
9.999999587244788879e-01,2.202646488565286563e+04,9.999545608577440348e-01,2.200643944851217384e+04,0.000000000000000000e+00,9.999999175238578619e-01
1.000000041200624468e+00,2.202646670231085955e+04,9.999546433301452764e-01,2.200644126351855084e+04,1.000000082401233614e+00,0.000000000000000000e+00
0.000000000000000000e+00,2.202646579480671789e+04,9.999546021313913124e-01,1.000000000000000000e+00,1.000000041200607370e+00,2.200647668668254482e+04
1.000000000000000000e+00,0.000000000000000000e+00,4.539786870243865007e-05,4.539992976248484740e-05,4.539993163298953441e-05,9.990924958951478141e-01
2.202746579480465152e+04,2.202746579480465152e+04,0.000000000000000000e+00,1.000045399929668788e+00,1.000045441132146662e+00,2.200747577917637682e+04
1.000909980789375098e+00,1.000909980789375098e+00,4.543917989083643566e-05,0.000000000000000000e+00,4.544124469861449416e-05,1.000001650873221237e+00
2.202646488730298370e+04,2.202646488730298370e+04,9.999545609326560003e-01,9.999999587993942951e-01,0.000000000000000000e+00,2.200647578000237627e+04
2.202646670231085955e+04,2.202646670231085955e+04,9.999546433301452764e-01,1.000000041200624468e+00,1.000000082401233614e+00,0.000000000000000000e+00
0.000000000000000000e+00,1.000000000000000000e+00,4.539992976418310780e-05,4.539992976248484740e-05,9.990916719578841754e-01,4.539992789197947598e-05
4.539992976248484740e-05,0.000000000000000000e+00,4.539992976418310780e-05,4.539992976248484740e-05,9.990916719578841754e-01,4.539992789197947598e-05
1.000045399929668788e+00,2.202746579480465152e+04,0.000000000000000000e+00,1.000045399929668788e+00,2.200745762992648451e+04,1.000045358727175593e+00
1.000000000000000000e+00,2.202646579480671789e+04,1.000000000037406744e+00,0.000000000000000000e+00,2.200645853825658924e+04,9.999999587993773087e-01
9.999999587993942951e-01,2.202646488730298370e+04,9.999999588368009285e-01,9.999999587993942951e-01,0.000000000000000000e+00,9.999999175987732691e-01
4.544116780880061521e-05,1.000908328416618920e+00,4.544116781050041383e-05,4.544116780880061521e-05,9.999991753143308015e-01,0.000000000000000000e+00
0.000000000000000000e+00,2.202646579480671789e+04,9.999999999625253100e-01,1.000000041238081838e+00,1.000000041200607370e+00,2.200647668668254482e+04
4.539992976248484740e-05,0.000000000000000000e+00,4.539992976078349702e-05,4.539993163469087124e-05,4.539993163298953441e-05,9.990924958951478141e-01
9.999999999625933667e-01,2.202646579398278118e+04,0.000000000000000000e+00,1.000000041200675316e+00,1.000000041163200848e+00,2.200647668585935389e+04
1.000000000000000000e+00,2.202646579480671789e+04,9.999999999625253100e-01,0.000000000000000000e+00,1.000000041200607370e+00,2.200647668668254482e+04
4.544120528351140226e-05,1.000909153852054256e+00,4.544120528180850690e-05,4.544120715741954897e-05,0.000000000000000000e+00,1.000000824686349432e+00
1.000000041200624468e+00,2.202646670231085955e+04,1.000000041163149556e+00,1.000000082438708082e+00,1.000000082401233614e+00,0.000000000000000000e+00
0.000000000000000000e+00,1.000000000000000000e+00,9.999546021313913124e-01,1.000000041238013893e+00,9.999999587619707864e-01,2.200647668668254482e+04
1.000000000000000000e+00,0.000000000000000000e+00,4.539786870243865007e-05,4.539993163468778804e-05,4.539992789028121558e-05,9.990924958951478141e-01
2.202646579563215346e+04,1.000000000037474690e+00,0.000000000000000000e+00,1.000000041275488805e+00,9.999999587994454764e-01,2.200647668750723096e+04
2.202646488647755541e+04,9.999999587619197161e-01,9.999545608951831976e-01,0.000000000000000000e+00,9.999999175238922788e-01,2.200647577917769377e+04
2.202646488730298370e+04,9.999999587993942951e-01,9.999545609326560003e-01,1.000000000037406522e+00,0.000000000000000000e+00,2.200647578000237627e+04
1.000908328416618920e+00,4.544116780880061521e-05,4.543910487663500148e-05,4.544116968270412696e-05,4.544116593489640551e-05,0.000000000000000000e+00
0.000000000000000000e+00,1.000000000000000000e+00,4.539992976078505556e-05,4.539992976248484740e-05,9.990916719578841754e-01,4.539993163468933302e-05
2.202646579480671789e+04,0.000000000000000000e+00,9.999999999625595049e-01,1.000000000000000000e+00,2.200645853825658924e+04,1.000000041238047865e+00
2.202746579480465152e+04,2.202746579480465152e+04,0.000000000000000000e+00,1.000045399929668788e+00,2.200745762992648451e+04,1.000045441169588933e+00
2.202646488647905062e+04,2.202646488647905062e+04,9.999999587245471666e-01,0.000000000000000000e+00,2.200645763075398281e+04,1.000000000000033973e+00
2.202646670313479626e+04,2.202646670313479626e+04,1.000000041200590495e+00,1.000000041238030990e+00,0.000000000000000000e+00,1.000000082476080632e+00
1.000908328416618920e+00,1.000908328416618920e+00,4.544116780709927161e-05,4.544116780880061521e-05,9.999991753143308015e-01,0.000000000000000000e+00
0.000000000000000000e+00,4.539992976248484740e-05,9.981849914538160062e-01,4.539993163468778804e-05,4.539993163639068340e-05,9.990924958951478141e-01
4.539992976248484740e-05,0.000000000000000000e+00,9.981849914538160062e-01,4.539993163468778804e-05,4.539993163639068340e-05,9.990924958951478141e-01
1.000000000037440495e+00,1.000000000037440495e+00,0.000000000000000000e+00,1.000000041275454610e+00,1.000000041312963273e+00,2.200647668750647790e+04
1.000000000000000000e+00,1.000000000000000000e+00,2.198648757114691398e+04,0.000000000000000000e+00,1.000000041275522777e+00,2.200647668668254482e+04
4.544120528351140226e-05,4.544120528351140226e-05,9.990924951838588974e-01,4.544120715741645900e-05,0.000000000000000000e+00,1.000000824686349432e+00
9.999999587619536889e-01,9.999999587619536889e-01,2.198648666446712014e+04,9.999999999999660272e-01,1.000000000037474912e+00,0.000000000000000000e+00
0.000000000000000000e+00,2.202646579480671789e+04,9.999546021312976096e-01,2.200644035683946640e+04,9.999999587619707864e-01,1.000000041238047865e+00
2.202646579480671789e+04,0.000000000000000000e+00,9.999546021312976096e-01,2.200644035683946640e+04,9.999999587619707864e-01,1.000000041238047865e+00
1.001818308792181478e+00,1.001818308792181478e+00,0.000000000000000000e+00,1.000907502193244314e+00,4.548247897832851928e-05,4.548248272954512144e-05
2.202646488647905062e+04,2.202646488647905062e+04,9.999545608951574405e-01,0.000000000000000000e+00,9.999999175239602245e-01,1.000000000000033973e+00
2.202646488565286563e+04,2.202646488565286563e+04,9.999545608576503319e-01,2.200643944851217384e+04,0.000000000000000000e+00,9.999999999625251990e-01
1.000908328416618920e+00,1.000908328416618920e+00,4.543910487663074598e-05,9.999983491295042493e-01,4.544116593489640551e-05,0.000000000000000000e+00
0.000000000000000000e+00,1.000000000000000000e+00,4.539992976078505556e-05,4.539992976248484740e-05,4.539993163639068340e-05,4.539992789197947598e-05
1.000000000000000000e+00,0.000000000000000000e+00,4.539992976078505556e-05,4.539992976248484740e-05,4.539993163639068340e-05,4.539992789197947598e-05
2.202746579480671789e+04,2.202746579480671789e+04,0.000000000000000000e+00,1.000045399929762491e+00,1.000045441207159103e+00,1.000045358727269296e+00
1.000909980789375098e+00,1.000909980789375098e+00,4.544124282470634067e-05,0.000000000000000000e+00,4.544124470201873990e-05,4.544124095420018998e-05
2.202646670313479626e+04,2.202646670313479626e+04,1.000000041200590495e+00,1.000000041238030990e+00,0.000000000000000000e+00,1.000000000037406522e+00
2.202646488647830120e+04,2.202646488647830120e+04,9.999999587245131938e-01,9.999999587619536889e-01,1.000000000037474912e+00,0.000000000000000000e+00
0.000000000000000000e+00,4.539992976248484740e-05,4.539786870243863652e-05,4.539993163468778804e-05,4.539993163298953441e-05,4.539992789197947598e-05
4.539992976248484740e-05,0.000000000000000000e+00,4.539786870243863652e-05,4.539993163468778804e-05,4.539993163298953441e-05,4.539992789197947598e-05
1.000000000037440495e+00,1.000000000037440495e+00,0.000000000000000000e+00,1.000000041275454610e+00,1.000000041238047865e+00,9.999999588368178038e-01
1.000000000000000000e+00,1.000000000000000000e+00,9.999546021313910904e-01,0.000000000000000000e+00,1.000000041200607370e+00,9.999999587993773087e-01
9.999999587244788879e-01,9.999999587244788879e-01,9.999545608577438127e-01,9.999999999624912261e-01,0.000000000000000000e+00,9.999999175238578619e-01
1.000000041200624468e+00,1.000000041200624468e+00,9.999546433301450543e-01,1.000000082438640137e+00,1.000000082401233614e+00,0.000000000000000000e+00
0.000000000000000000e+00,2.202646579480671789e+04,9.999546021313913124e-01,1.000000000000000000e+00,1.000000041200607370e+00,9.999546021313913124e-01
2.202646579480671789e+04,0.000000000000000000e+00,9.999546021313913124e-01,1.000000000000000000e+00,1.000000041200607370e+00,9.999546021313913124e-01
2.202746579480465880e+04,2.202746579480465880e+04,0.000000000000000000e+00,1.000045399929669010e+00,1.000045441132146884e+00,1.000000000000000222e+00
2.202646488647905062e+04,2.202646488647905062e+04,9.999545608952511433e-01,0.000000000000000000e+00,9.999999999625934777e-01,9.999545608952511433e-01
2.202646488730298370e+04,2.202646488730298370e+04,9.999545609326560003e-01,9.999999587993942951e-01,0.000000000000000000e+00,9.999545609326560003e-01
2.202646670231085955e+04,2.202646670231085955e+04,9.999546433301452764e-01,1.000000041200624468e+00,1.000000082401233614e+00,0.000000000000000000e+00
0.000000000000000000e+00,4.539992976248484740e-05,4.539992976418310780e-05,4.539992976248484740e-05,4.539992976248484740e-05,9.990924958951478141e-01
1.000000000000000000e+00,0.000000000000000000e+00,4.539992976418310780e-05,4.539992976248484740e-05,4.539992976248484740e-05,9.990924958951478141e-01
2.202746579480465152e+04,1.000045399929668788e+00,0.000000000000000000e+00,1.000045399929668788e+00,1.000045399929668788e+00,2.200747577917637682e+04
2.202646579480671789e+04,1.000000000000000000e+00,1.000000000037406744e+00,0.000000000000000000e+00,1.000000000000000000e+00,2.200647668668254482e+04
2.202646488730298370e+04,9.999999587993942951e-01,9.999999588368009285e-01,9.999999587993942951e-01,0.000000000000000000e+00,2.200647578000237627e+04
2.202746579480465152e+04,1.000045399929668788e+00,1.000045399967077087e+00,1.000045399929668788e+00,1.000045399929668788e+00,0.000000000000000000e+00
0.000000000000000000e+00,4.539992976248484740e-05,4.539992976248484740e-05,4.539993163469087124e-05,4.539992789028121558e-05,4.539993163468933302e-05
2.202646579480671789e+04,0.000000000000000000e+00,1.000000000000000000e+00,1.000000041238081838e+00,9.999999587619707864e-01,1.000000041238047865e+00
2.202646579398278118e+04,9.999999999625933667e-01,0.000000000000000000e+00,1.000000041200675316e+00,9.999999587245640420e-01,1.000000041200641343e+00
2.202646579480671789e+04,1.000000000000000000e+00,1.000000000000000000e+00,0.000000000000000000e+00,9.999999587619707864e-01,1.000000041238047865e+00
2.202646579480671789e+04,1.000000000000000000e+00,1.000000000000000000e+00,1.000000041238081838e+00,0.000000000000000000e+00,1.000000041238047865e+00
1.000908328416618920e+00,4.544116780880061521e-05,4.544116780880061521e-05,4.544116968270721694e-05,4.544116593489640551e-05,0.000000000000000000e+00
0.000000000000000000e+00,1.000000000000000000e+00,4.539992976078505556e-05,4.539993163468933302e-05,4.539786870243865007e-05,4.539786870243865007e-05
2.202646579480671789e+04,0.000000000000000000e+00,9.999999999625595049e-01,1.000000041238047865e+00,9.999546021313913124e-01,9.999546021313913124e-01
2.202646579480671789e+04,2.202646579480671789e+04,0.000000000000000000e+00,1.000000041238047865e+00,9.999546021313913124e-01,9.999546021313913124e-01
2.202646488647755541e+04,2.202646488647755541e+04,9.999999587244792210e-01,0.000000000000000000e+00,9.999545608951831976e-01,9.999545608951831976e-01
2.202646670313479626e+04,2.202646670313479626e+04,1.000000041200590495e+00,1.000000082476080632e+00,0.000000000000000000e+00,9.999546433675501333e-01
2.202646488647830120e+04,2.202646488647830120e+04,9.999999587245131938e-01,1.000000000000000000e+00,9.999545608952171705e-01,0.000000000000000000e+00
0.000000000000000000e+00,1.000000000000000000e+00,4.539992789197948276e-05,4.539993163468778804e-05,4.539992976248484740e-05,9.990924958951478141e-01
1.000000000000000000e+00,0.000000000000000000e+00,4.539992789197948276e-05,4.539993163468778804e-05,4.539992976248484740e-05,9.990924958951478141e-01
2.202646579563140040e+04,2.202646579563140040e+04,0.000000000000000000e+00,1.000000041275454610e+00,1.000000000037440495e+00,2.200647668750647790e+04
2.202646488647830120e+04,2.202646488647830120e+04,9.999999175613329960e-01,0.000000000000000000e+00,9.999999587619536889e-01,2.200647577917843955e+04
2.202746579480465152e+04,2.202746579480465152e+04,1.000045358727175815e+00,1.000045441169554961e+00,0.000000000000000000e+00,2.200747577917637682e+04
2.202746579480465152e+04,2.202746579480465152e+04,1.000045358727175815e+00,1.000045441169554961e+00,1.000045399929668788e+00,0.000000000000000000e+00
0.000000000000000000e+00,1.000000000000000000e+00,4.539992976248484740e-05,4.539786870243865007e-05,4.539992789028121558e-05,4.539992789197947598e-05
1.000000000000000000e+00,0.000000000000000000e+00,4.539992976248484740e-05,4.539786870243865007e-05,4.539992789028121558e-05,4.539992789197947598e-05
2.202646670231085591e+04,2.202646670231085591e+04,0.000000000000000000e+00,9.999546433301450543e-01,9.999999999625932556e-01,9.999999999999997780e-01
2.202646488647905062e+04,2.202646488647905062e+04,9.999999587619876618e-01,0.000000000000000000e+00,9.999999175239602245e-01,9.999999175613667468e-01
2.202646579480671789e+04,2.202646579480671789e+04,1.000000000000000000e+00,9.999546021313913124e-01,0.000000000000000000e+00,9.999999587993773087e-01
1.000908328416618920e+00,1.000908328416618920e+00,4.544116780880061521e-05,4.543910487663500148e-05,4.544116593489640551e-05,0.000000000000000000e+00
0.000000000000000000e+00,1.000000000000000000e+00,4.539992976078505556e-05,4.539993163468933302e-05,4.539993163298953441e-05,9.990924958951478141e-01
4.539992976248484740e-05,0.000000000000000000e+00,4.539992976078505556e-05,4.539993163468933302e-05,4.539993163298953441e-05,9.990924958951478141e-01
1.000000000000000000e+00,2.202646579480671789e+04,0.000000000000000000e+00,1.000000041238047865e+00,1.000000041200607370e+00,2.200647668668254482e+04
1.000045399929668788e+00,2.202746579480465152e+04,1.000045399892226516e+00,0.000000000000000000e+00,1.000045441132146662e+00,2.200747577917637682e+04
1.000000041238030990e+00,2.202646670313479626e+04,1.000000041200590495e+00,1.000000082476080632e+00,0.000000000000000000e+00,2.200647759418631176e+04
1.000000041200624468e+00,2.202646670231085955e+04,1.000000041163183750e+00,1.000000082438674109e+00,1.000000082401233614e+00,0.000000000000000000e+00
0.000000000000000000e+00,1.000000000000000000e+00,9.999546021313913124e-01,9.999546021313913124e-01,2.200645853825658924e+04,2.200647668668254482e+04
4.539992976248484740e-05,0.000000000000000000e+00,4.539786870243865007e-05,4.539786870243865007e-05,9.990916719578841754e-01,9.990924958951478141e-01
1.000000000037440495e+00,1.000000000037440495e+00,0.000000000000000000e+00,9.999546021688301423e-01,2.200645853908052231e+04,2.200647668750647790e+04
9.999999587619536889e-01,9.999999587619536889e-01,9.999545608952171705e-01,0.000000000000000000e+00,2.200645763075323339e+04,2.200647577917843955e+04
9.999999587993942951e-01,9.999999587993942951e-01,9.999545609326560003e-01,9.999545609326560003e-01,0.000000000000000000e+00,2.200647578000237627e+04
4.544116780880061521e-05,4.544116780880061521e-05,4.543910487663500148e-05,4.543910487663500148e-05,9.999991753143308015e-01,0.000000000000000000e+00
0.000000000000000000e+00,2.202646579480671789e+04,9.999999999625253100e-01,1.000000000000000000e+00,2.200645853825658924e+04,9.999546021313913124e-01
2.202646579480671789e+04,0.000000000000000000e+00,9.999999999625253100e-01,1.000000000000000000e+00,2.200645853825658924e+04,9.999546021313913124e-01
2.202746579480465152e+04,2.202746579480465152e+04,0.000000000000000000e+00,1.000045399929668788e+00,2.200745762992648451e+04,1.000000000000000000e+00
2.202746579480465152e+04,2.202746579480465152e+04,1.000045399892192322e+00,0.000000000000000000e+00,2.200745762992648451e+04,1.000000000000000000e+00
1.000909153852054256e+00,1.000909153852054256e+00,4.544120528180850690e-05,4.544120528351140226e-05,0.000000000000000000e+00,4.543914234964451947e-05
1.000908328416618920e+00,1.000908328416618920e+00,4.544116780709771985e-05,4.544116780880061521e-05,9.999991753143308015e-01,0.000000000000000000e+00
0.000000000000000000e+00,1.000000000000000000e+00,9.981849914538160062e-01,4.539786870243865007e-05,4.539992976248484740e-05,9.990924958951478141e-01
1.000000000000000000e+00,0.000000000000000000e+00,9.981849914538160062e-01,4.539786870243865007e-05,4.539992976248484740e-05,9.990924958951478141e-01
2.202646579563215346e+04,2.202646579563215346e+04,0.000000000000000000e+00,9.999546021688643371e-01,1.000000000037474690e+00,2.200647668750723096e+04
2.202646579480671789e+04,2.202646579480671789e+04,2.198648757114691398e+04,0.000000000000000000e+00,1.000000000000000000e+00,2.200647668668254482e+04
1.000909153852054256e+00,1.000909153852054256e+00,9.990924951838588974e-01,4.543914234964451947e-05,0.000000000000000000e+00,1.000000824686349432e+00
2.202746579480465152e+04,2.202746579480465152e+04,2.198748575613630601e+04,1.000000000000000000e+00,1.000045399929668788e+00,0.000000000000000000e+00
0.000000000000000000e+00,1.000000000000000000e+00,4.539786870243863652e-05,4.539992788857987198e-05,9.990916719578841754e-01,9.990924958951478141e-01
4.539992976248484740e-05,0.000000000000000000e+00,4.539786870243863652e-05,4.539992788857987198e-05,9.990916719578841754e-01,9.990924958951478141e-01
4.548248085393639684e-05,1.001818308792181478e+00,0.000000000000000000e+00,4.548247897662407893e-05,1.000908329129200469e+00,1.000909154564636472e+00
1.000045399929668788e+00,2.202746579480465152e+04,9.999999999999997780e-01,0.000000000000000000e+00,2.200745762992648451e+04,2.200747577917637682e+04
1.000000000000000000e+00,2.202646579480671789e+04,9.999546021313910904e-01,9.999999587244959853e-01,0.000000000000000000e+00,2.200647668668254482e+04
4.544116780880061521e-05,1.000908328416618920e+00,4.543910487663499470e-05,4.544116593319351015e-05,9.999991753143308015e-01,0.000000000000000000e+00
0.000000000000000000e+00,2.202646579480671789e+04,9.999999999625253100e-01,1.000000000000000000e+00,2.200645853825658924e+04,9.999999587993773087e-01
1.000000000000000000e+00,0.000000000000000000e+00,4.539992976078349702e-05,4.539992976248484740e-05,9.990916719578841754e-01,4.539992789197947598e-05
2.202746579480465880e+04,2.202746579480465880e+04,0.000000000000000000e+00,1.000045399929669010e+00,2.200745762992648815e+04,1.000045358727175815e+00
2.202646670396023183e+04,2.202646670396023183e+04,1.000000041238030990e+00,0.000000000000000000e+00,2.200645944658429289e+04,1.000000000074881212e+00
1.000909153852054256e+00,1.000909153852054256e+00,4.544120528180850690e-05,4.544120528351140226e-05,0.000000000000000000e+00,4.544120341130545297e-05
1.000908328416618920e+00,1.000908328416618920e+00,4.544116780709771985e-05,4.544116780880061521e-05,9.999991753143308015e-01,0.000000000000000000e+00
0.000000000000000000e+00,1.000000000000000000e+00,9.981849914538160062e-01,4.539993163468778804e-05,4.539786870243865007e-05,9.990924958951478141e-01
1.000000000000000000e+00,0.000000000000000000e+00,9.981849914538160062e-01,4.539993163468778804e-05,4.539786870243865007e-05,9.990924958951478141e-01
2.202646579563215346e+04,2.202646579563215346e+04,0.000000000000000000e+00,1.000000041275488805e+00,9.999546021688643371e-01,2.200647668750723096e+04
2.202646579480671789e+04,2.202646579480671789e+04,2.198648757114691398e+04,0.000000000000000000e+00,9.999546021313913124e-01,2.200647668668254482e+04
1.000909153852054256e+00,1.000909153852054256e+00,9.990924951838588974e-01,4.544120715741645900e-05,0.000000000000000000e+00,1.000000824686349432e+00
2.202646670231085955e+04,2.202646670231085955e+04,2.198648847700392798e+04,1.000000082438640137e+00,9.999546433301452764e-01,0.000000000000000000e+00
0.000000000000000000e+00,4.539992976248484740e-05,4.539786870243863652e-05,4.539992788857987198e-05,9.990916719578841754e-01,9.990924958951478141e-01
1.000000000000000000e+00,0.000000000000000000e+00,4.539786870243863652e-05,4.539992788857987198e-05,9.990916719578841754e-01,9.990924958951478141e-01
1.001818308792181478e+00,4.548248085393639684e-05,0.000000000000000000e+00,4.548247897662407893e-05,1.000908329129200469e+00,1.000909154564636472e+00
2.202646488647905062e+04,9.999999587619876618e-01,9.999545608952509212e-01,0.000000000000000000e+00,2.200645763075398281e+04,2.200647577917918898e+04
2.202746579480465152e+04,1.000045399929668788e+00,9.999999999999997780e-01,1.000045358652290828e+00,0.000000000000000000e+00,2.200747577917637682e+04
1.000908328416618920e+00,4.544116780880061521e-05,4.543910487663499470e-05,4.544116593319351015e-05,9.999991753143308015e-01,0.000000000000000000e+00
0.000000000000000000e+00,1.000000000000000000e+00,9.981849914538160062e-01,4.539992976248484740e-05,9.990916719578841754e-01,4.539993163468933302e-05
2.202646579480671789e+04,0.000000000000000000e+00,2.198648757114691398e+04,1.000000000000000000e+00,2.200645853825658924e+04,1.000000041238047865e+00
2.202746579480465880e+04,2.202746579480465880e+04,0.000000000000000000e+00,1.000045399929669010e+00,2.200745762992648815e+04,1.000045441169589155e+00
2.202646670396023183e+04,2.202646670396023183e+04,2.198648847865030621e+04,0.000000000000000000e+00,2.200645944658429289e+04,1.000000082513555322e+00
1.000909153852054256e+00,1.000909153852054256e+00,9.990924951838588974e-01,4.544120528351140226e-05,0.000000000000000000e+00,4.544120715741800399e-05
1.000908328416618920e+00,1.000908328416618920e+00,9.990916712465959248e-01,4.544116780880061521e-05,9.999991753143308015e-01,0.000000000000000000e+00
0.000000000000000000e+00,4.539992976248484740e-05,4.539992602147341339e-05,4.539992788857987198e-05,4.539786870243865007e-05,9.990924958951478141e-01
1.000000000000000000e+00,0.000000000000000000e+00,4.539992602147341339e-05,4.539992788857987198e-05,4.539786870243865007e-05,9.990924958951478141e-01
1.001818308792181478e+00,4.548248085393639684e-05,0.000000000000000000e+00,4.548247897662407893e-05,4.548041604624659240e-05,1.000909154564636472e+00
2.202646579480671789e+04,1.000000000000000000e+00,9.999999175987396294e-01,0.000000000000000000e+00,9.999546021313913124e-01,2.200647668668254482e+04
1.000909153852054256e+00,4.544120528351140226e-05,4.544120153909881249e-05,4.544120340790275221e-05,0.000000000000000000e+00,1.000000824686349432e+00
2.202646488647830120e+04,9.999999587619536889e-01,9.999998763606967600e-01,9.999999174864514506e-01,9.999545608952171705e-01,0.000000000000000000e+00
0.000000000000000000e+00,1.000000000000000000e+00,4.539992789197948276e-05,4.539786870243865007e-05,9.990916719578841754e-01,4.539993163468933302e-05
2.202646579480671789e+04,0.000000000000000000e+00,9.999999587993775307e-01,9.999546021313913124e-01,2.200645853825658924e+04,1.000000041238047865e+00
2.202646760981541229e+04,2.202646760981541229e+04,0.000000000000000000e+00,9.999546845289176700e-01,2.200646035161666077e+04,1.000000123639318561e+00
2.202646670396023183e+04,2.202646670396023183e+04,1.000000000074881434e+00,0.000000000000000000e+00,2.200645944658429289e+04,1.000000082513555322e+00
2.202746579480465152e+04,2.202746579480465152e+04,1.000045358727175815e+00,1.000000000000000000e+00,0.000000000000000000e+00,1.000045441169588933e+00
1.000908328416618920e+00,1.000908328416618920e+00,4.544116593659621090e-05,4.543910487663500148e-05,9.999991753143308015e-01,0.000000000000000000e+00
0.000000000000000000e+00,4.539992976248484740e-05,4.539992602147341339e-05,4.539786870243865007e-05,4.539786870243865007e-05,9.990924958951478141e-01
1.000000000000000000e+00,0.000000000000000000e+00,4.539992602147341339e-05,4.539786870243865007e-05,4.539786870243865007e-05,9.990924958951478141e-01
2.202646670231085591e+04,1.000000041200624246e+00,0.000000000000000000e+00,9.999546433301450543e-01,9.999546433301450543e-01,2.200647759336312083e+04
2.202746579480465152e+04,1.000045399929668788e+00,1.000045317524667299e+00,0.000000000000000000e+00,1.000000000000000000e+00,2.200747577917637682e+04
1.000909153852054256e+00,4.544120528351140226e-05,4.544120153909881249e-05,4.543914234964451947e-05,0.000000000000000000e+00,1.000000824686349432e+00
2.202646488647830120e+04,9.999999587619536889e-01,9.999998763606967600e-01,9.999545608952171705e-01,9.999545608952171705e-01,0.000000000000000000e+00
0.000000000000000000e+00,4.539992976248484740e-05,4.539992789197948276e-05,4.539993163128972224e-05,9.990916719578841754e-01,4.539786870243865007e-05
1.000000000000000000e+00,0.000000000000000000e+00,9.999999587993775307e-01,1.000000041163166653e+00,2.200645853825658924e+04,9.999546021313913124e-01
1.000000082401267143e+00,1.000000082401267143e+00,0.000000000000000000e+00,1.000000123564437349e+00,2.200646035161666077e+04,9.999546845289176700e-01
1.000045399929668788e+00,1.000045399929668788e+00,1.000045358727175815e+00,0.000000000000000000e+00,2.200745762992648451e+04,1.000000000000000000e+00
1.000045399929668788e+00,1.000045399929668788e+00,1.000045358727175815e+00,1.000045441094704168e+00,0.000000000000000000e+00,1.000000000000000000e+00
4.544116780880061521e-05,4.544116780880061521e-05,4.544116593659621090e-05,4.544116967930297797e-05,9.999991753143308015e-01,0.000000000000000000e+00
0.000000000000000000e+00,2.202646579480671789e+04,9.999999999625253100e-01,9.999546021313913124e-01,1.000000000000000000e+00,1.000000041238047865e+00
2.202646579480671789e+04,0.000000000000000000e+00,9.999999999625253100e-01,9.999546021313913124e-01,1.000000000000000000e+00,1.000000041238047865e+00
2.202646670231085591e+04,2.202646670231085591e+04,0.000000000000000000e+00,9.999546433301450543e-01,1.000000041200624246e+00,1.000000082438673887e+00
2.202646488812767348e+04,2.202646488812767348e+04,9.999999587993603223e-01,0.000000000000000000e+00,9.999999588368350123e-01,1.000000000074881212e+00
1.000909153852054256e+00,1.000909153852054256e+00,4.544120528180850690e-05,4.543914234964451947e-05,0.000000000000000000e+00,4.544120715741800399e-05
2.202746579480465152e+04,2.202746579480465152e+04,1.000045399892192322e+00,1.000000000000000000e+00,1.000045399929668788e+00,0.000000000000000000e+00
0.000000000000000000e+00,1.000000000000000000e+00,4.539992976248484740e-05,4.539786870243865007e-05,4.539993163639068340e-05,4.539992789197947598e-05
1.000000000000000000e+00,0.000000000000000000e+00,4.539992976248484740e-05,4.539786870243865007e-05,4.539993163639068340e-05,4.539992789197947598e-05
2.202646579563215346e+04,2.202646579563215346e+04,0.000000000000000000e+00,9.999546021688643371e-01,1.000000041312997467e+00,9.999999588368519987e-01
2.202746579480465152e+04,2.202746579480465152e+04,1.000045399929668788e+00,0.000000000000000000e+00,1.000045441207065400e+00,1.000045358727175593e+00
2.202646579480671789e+04,2.202646579480671789e+04,1.000000000000000000e+00,9.999546021313913124e-01,0.000000000000000000e+00,9.999999587993773087e-01
2.202646488647830120e+04,2.202646488647830120e+04,9.999999587619536889e-01,9.999545608952171705e-01,1.000000000037474912e+00,0.000000000000000000e+00
0.000000000000000000e+00,1.000000000000000000e+00,4.539992976418620455e-05,4.539786870243865007e-05,4.539993163298953441e-05,9.990924958951478141e-01
1.000000000000000000e+00,0.000000000000000000e+00,4.539992976418620455e-05,4.539786870243865007e-05,4.539993163298953441e-05,9.990924958951478141e-01
2.202646579480671789e+04,2.202646579480671789e+04,0.000000000000000000e+00,9.999546021313913124e-01,1.000000041200607370e+00,2.200647668668254482e+04
2.202746579480465152e+04,2.202746579480465152e+04,1.000045399967145254e+00,0.000000000000000000e+00,1.000045441132146662e+00,2.200747577917637682e+04
2.202646488565286563e+04,2.202646488565286563e+04,9.999999587619536889e-01,9.999545608577440348e-01,0.000000000000000000e+00,2.200647577835374977e+04
2.202646670231085955e+04,2.202646670231085955e+04,1.000000041238099158e+00,9.999546433301452764e-01,1.000000082401233614e+00,0.000000000000000000e+00
0.000000000000000000e+00,1.000000000000000000e+00,4.539992976418310780e-05,4.539993163469088479e-05,4.539992789028121558e-05,9.990924958951478141e-01
1.000000000000000000e+00,0.000000000000000000e+00,4.539992976418310780e-05,4.539993163469088479e-05,4.539992789028121558e-05,9.990924958951478141e-01
2.202646579398127869e+04,2.202646579398127869e+04,0.000000000000000000e+00,1.000000041200607370e+00,9.999999587244958743e-01,2.200647668585785505e+04
2.202746579480465152e+04,2.202746579480465152e+04,1.000045399967077087e+00,0.000000000000000000e+00,1.000045358689767294e+00,2.200747577917637682e+04
2.202646488730298370e+04,2.202646488730298370e+04,9.999999588368009285e-01,1.000000000037474690e+00,0.000000000000000000e+00,2.200647578000237627e+04
1.000908328416618920e+00,1.000908328416618920e+00,4.544116781050041383e-05,4.544116968270722371e-05,4.544116593489640551e-05,0.000000000000000000e+00
0.000000000000000000e+00,1.000000000000000000e+00,4.539786870243863652e-05,4.539993163469087124e-05,9.990916719578841754e-01,9.990924958951478141e-01
1.000000000000000000e+00,0.000000000000000000e+00,4.539786870243863652e-05,4.539993163469087124e-05,9.990916719578841754e-01,9.990924958951478141e-01
2.202646579398278118e+04,2.202646579398278118e+04,0.000000000000000000e+00,1.000000041200675316e+00,2.200645853743340194e+04,2.200647668585935389e+04
2.202646488647754813e+04,2.202646488647754813e+04,9.999545608951827536e-01,0.000000000000000000e+00,2.200645763075248396e+04,2.200647577917768649e+04
2.202646670313479626e+04,2.202646670313479626e+04,9.999546433675499113e-01,1.000000082476114605e+00,0.000000000000000000e+00,2.200647759418631176e+04
1.000908328416618920e+00,1.000908328416618920e+00,4.543910487663499470e-05,4.544116968270721694e-05,9.999991753143308015e-01,0.000000000000000000e+00
0.000000000000000000e+00,1.000000000000000000e+00,9.981849914538160062e-01,4.539992976248484740e-05,9.990916719578841754e-01,4.539992789197947598e-05
1.000000000000000000e+00,0.000000000000000000e+00,9.981849914538160062e-01,4.539992976248484740e-05,9.990916719578841754e-01,4.539992789197947598e-05
2.202746579480465880e+04,2.202746579480465880e+04,0.000000000000000000e+00,1.000045399929669010e+00,2.200745762992648815e+04,1.000045358727175815e+00
2.202646488647755541e+04,2.202646488647755541e+04,2.198648666446637435e+04,0.000000000000000000e+00,2.200645763075248760e+04,9.999999175612988012e-01
1.000909153852054256e+00,1.000909153852054256e+00,9.990924951838588974e-01,4.544120528351140226e-05,0.000000000000000000e+00,4.544120341130545297e-05
1.000908328416618920e+00,1.000908328416618920e+00,9.990916712465959248e-01,4.544116780880061521e-05,9.999991753143308015e-01,0.000000000000000000e+00
0.000000000000000000e+00,1.000000000000000000e+00,4.539992602147341339e-05,9.990908465228237612e-01,4.539993163298953441e-05,9.990924958951478141e-01
1.000000000000000000e+00,0.000000000000000000e+00,4.539992602147341339e-05,9.990908465228237612e-01,4.539993163298953441e-05,9.990924958951478141e-01
1.001818308792181478e+00,1.001818308792181478e+00,0.000000000000000000e+00,1.000907502193244314e+00,4.548248272784223285e-05,1.000909154564636472e+00
2.202646579480671789e+04,2.202646579480671789e+04,9.999999175987396294e-01,0.000000000000000000e+00,1.000000041200607370e+00,2.200647668668254482e+04
1.000909153852054256e+00,1.000909153852054256e+00,4.544120153909881249e-05,9.999991738144921039e-01,0.000000000000000000e+00,1.000000824686349432e+00
2.202646670231085955e+04,2.202646670231085955e+04,9.999999587993605443e-01,2.200644126351855084e+04,1.000000082401233614e+00,0.000000000000000000e+00
0.000000000000000000e+00,4.539992976248484740e-05,4.539992976418310780e-05,4.539993163128972224e-05,4.539992789028121558e-05,4.539992789197947598e-05
1.000000000000000000e+00,0.000000000000000000e+00,4.539992976418310780e-05,4.539993163128972224e-05,4.539992789028121558e-05,4.539992789197947598e-05
2.202646760981541229e+04,1.000000082401267143e+00,0.000000000000000000e+00,1.000000123564437349e+00,1.000000041163234599e+00,1.000000041200641121e+00
1.000909980789375098e+00,4.544124282640768427e-05,4.544124282810748966e-05,0.000000000000000000e+00,4.544124095250038459e-05,4.544124095420018998e-05
2.202646488730298370e+04,9.999999587993942951e-01,9.999999588368009285e-01,9.999999999625592828e-01,0.000000000000000000e+00,9.999999175987732691e-01
1.000908328416618920e+00,4.544116780880061521e-05,4.544116781050041383e-05,4.544116967930297797e-05,4.544116593489640551e-05,0.000000000000000000e+00
0.000000000000000000e+00,1.000000000000000000e+00,4.539786870243863652e-05,4.539993163469087124e-05,4.539786870243865007e-05,4.539993163468933302e-05
1.000000000000000000e+00,0.000000000000000000e+00,9.999546021313910904e-01,1.000000041238081838e+00,9.999546021313913124e-01,1.000000041238047865e+00
9.999999999625933667e-01,2.202646579398278118e+04,0.000000000000000000e+00,1.000000041200675316e+00,9.999546020939863444e-01,1.000000041200641343e+00
9.999999588368350123e-01,2.202646488812767348e+04,9.999545609700948301e-01,0.000000000000000000e+00,9.999545609700950521e-01,1.000000000074881212e+00
1.000000041238030990e+00,2.202646670313479626e+04,9.999546433675499113e-01,1.000000082476114605e+00,0.000000000000000000e+00,1.000000082476080632e+00
1.000000041200624468e+00,2.202646670231085955e+04,9.999546433301450543e-01,1.000000082438708082e+00,9.999546433301452764e-01,0.000000000000000000e+00
0.000000000000000000e+00,1.000000000000000000e+00,9.999546021313913124e-01,1.000000000000000000e+00,9.999546021313913124e-01,2.200647668668254482e+04
4.539992976248484740e-05,0.000000000000000000e+00,4.539786870243865007e-05,4.539992976248484740e-05,4.539786870243865007e-05,9.990924958951478141e-01
1.000045399929669010e+00,1.000045399929669010e+00,0.000000000000000000e+00,1.000045399929669010e+00,1.000000000000000222e+00,2.200747577917638046e+04
9.999999587619197161e-01,9.999999587619197161e-01,9.999545608951831976e-01,0.000000000000000000e+00,9.999545608951831976e-01,2.200647577917769377e+04
1.000045399929668788e+00,1.000045399929668788e+00,1.000000000000000000e+00,1.000045399929668788e+00,0.000000000000000000e+00,2.200747577917637682e+04
9.999999587619536889e-01,9.999999587619536889e-01,9.999545608952171705e-01,9.999999587619536889e-01,9.999545608952171705e-01,0.000000000000000000e+00
0.000000000000000000e+00,2.202646579480671789e+04,9.999546021312976096e-01,1.000000000000000000e+00,2.200645853825658924e+04,1.000000041238047865e+00
2.202646579480671789e+04,0.000000000000000000e+00,9.999546021312976096e-01,1.000000000000000000e+00,2.200645853825658924e+04,1.000000041238047865e+00
2.202746579480465152e+04,2.202746579480465152e+04,0.000000000000000000e+00,1.000045399929668788e+00,2.200745762992648451e+04,1.000045441169588933e+00
2.202646579480671789e+04,2.202646579480671789e+04,9.999546021312976096e-01,0.000000000000000000e+00,2.200645853825658924e+04,1.000000041238047865e+00
2.202746579480465152e+04,2.202746579480465152e+04,9.999999999999062972e-01,1.000045399929668788e+00,0.000000000000000000e+00,1.000045441169588933e+00
1.000908328416618920e+00,1.000908328416618920e+00,4.543910487663074598e-05,4.544116780880061521e-05,9.999991753143308015e-01,0.000000000000000000e+00
0.000000000000000000e+00,1.000000000000000000e+00,4.539992602147341339e-05,4.539992976248484740e-05,4.539786870243865007e-05,4.539992789197947598e-05
4.539992976248484740e-05,0.000000000000000000e+00,4.539992602147341339e-05,4.539992976248484740e-05,4.539786870243865007e-05,4.539992789197947598e-05
1.000045399929762491e+00,2.202746579480671789e+04,0.000000000000000000e+00,1.000045399929762491e+00,1.000000000000093703e+00,1.000045358727269296e+00
1.000000000000000000e+00,2.202646579480671789e+04,9.999999175987396294e-01,0.000000000000000000e+00,9.999546021313913124e-01,9.999999587993773087e-01
4.544120528351140226e-05,1.000909153852054256e+00,4.544120153909881249e-05,4.544120528351140226e-05,0.000000000000000000e+00,4.544120341130545297e-05
9.999999587619536889e-01,2.202646488647830120e+04,9.999998763606967600e-01,9.999999587619536889e-01,9.999545608952171705e-01,0.000000000000000000e+00
0.000000000000000000e+00,2.202646579480671789e+04,9.999546021313913124e-01,1.000000041163166653e+00,1.000000041200607370e+00,2.200647668668254482e+04
1.000000000000000000e+00,0.000000000000000000e+00,4.539786870243865007e-05,4.539993163128972224e-05,4.539993163298953441e-05,9.990924958951478141e-01
2.202646760981541229e+04,2.202646760981541229e+04,0.000000000000000000e+00,1.000000123564437349e+00,1.000000123601878066e+00,2.200647850004410793e+04
2.202646579480671789e+04,2.202646579480671789e+04,9.999546021313913124e-01,0.000000000000000000e+00,1.000000041200607370e+00,2.200647668668254482e+04
2.202746579480465152e+04,2.202746579480465152e+04,1.000000000000000000e+00,1.000045441094704168e+00,0.000000000000000000e+00,2.200747577917637682e+04
2.202646670231085955e+04,2.202646670231085955e+04,9.999546433301452764e-01,1.000000082363792675e+00,1.000000082401233614e+00,0.000000000000000000e+00
0.000000000000000000e+00,4.539992976248484740e-05,4.539992976418310780e-05,4.539992976248484740e-05,9.990916719578841754e-01,9.990924958951478141e-01
1.000000000000000000e+00,0.000000000000000000e+00,4.539992976418310780e-05,4.539992976248484740e-05,9.990916719578841754e-01,9.990924958951478141e-01
2.202746579480465152e+04,1.000045399929668788e+00,0.000000000000000000e+00,1.000045399929668788e+00,2.200745762992648451e+04,2.200747577917637682e+04
2.202646488812767348e+04,9.999999588368350123e-01,9.999999588742416456e-01,0.000000000000000000e+00,2.200645763240110682e+04,2.200647578082631298e+04
2.202646488730298370e+04,9.999999587993942951e-01,9.999999588368009285e-01,9.999999587993942951e-01,0.000000000000000000e+00,2.200647578000237627e+04
1.000908328416618920e+00,4.544116780880061521e-05,4.544116781050041383e-05,4.544116780880061521e-05,9.999991753143308015e-01,0.000000000000000000e+00
0.000000000000000000e+00,1.000000000000000000e+00,9.981849914538160062e-01,4.539786870243865007e-05,9.990916719578841754e-01,4.539786870243865007e-05
2.202646579480671789e+04,0.000000000000000000e+00,2.198648757114691398e+04,9.999546021313913124e-01,2.200645853825658924e+04,9.999546021313913124e-01
2.202646579398278118e+04,2.202646579398278118e+04,0.000000000000000000e+00,9.999546020939863444e-01,2.200645853743340194e+04,9.999546020939863444e-01
2.202646579480671789e+04,2.202646579480671789e+04,2.198648757114691398e+04,0.000000000000000000e+00,2.200645853825658924e+04,9.999546021313913124e-01
1.000909153852054256e+00,1.000909153852054256e+00,9.990924951838588974e-01,4.543914234964451947e-05,0.000000000000000000e+00,4.543914234964451947e-05
1.000908328416618920e+00,1.000908328416618920e+00,9.990916712465959248e-01,4.543910487663500148e-05,9.999991753143308015e-01,0.000000000000000000e+00
0.000000000000000000e+00,1.000000000000000000e+00,9.981849914538160062e-01,9.990908465228237612e-01,4.539992976248484740e-05,9.990924958951478141e-01
4.539992976248484740e-05,0.000000000000000000e+00,9.981849914538160062e-01,9.990908465228237612e-01,4.539992976248484740e-05,9.990924958951478141e-01
4.548248085393639684e-05,1.001818308792181478e+00,0.000000000000000000e+00,1.000907502193244314e+00,4.548248085393639684e-05,1.000909154564636472e+00
1.000045399929668788e+00,2.202746579480465152e+04,2.198748575613630601e+04,0.000000000000000000e+00,1.000045399929668788e+00,2.200747577917637682e+04
4.544120528351140226e-05,1.000909153852054256e+00,9.990924951838588974e-01,9.999991738144921039e-01,0.000000000000000000e+00,1.000000824686349432e+00
1.000045399929668788e+00,2.202746579480465152e+04,2.198748575613630601e+04,2.200743944768392612e+04,1.000045399929668788e+00,0.000000000000000000e+00
0.000000000000000000e+00,2.202646579480671789e+04,9.999546021313913124e-01,2.200644035683946640e+04,2.200645853825658924e+04,2.200647668668254482e+04
4.539992976248484740e-05,0.000000000000000000e+00,4.539786870243865007e-05,9.990908465228237612e-01,9.990916719578841754e-01,9.990924958951478141e-01
4.548248085393639684e-05,1.001818308792181478e+00,0.000000000000000000e+00,1.000907502193244314e+00,1.000908329129200469e+00,1.000909154564636472e+00
4.544124282640768427e-05,1.000909980789375098e+00,4.543917989083643566e-05,0.000000000000000000e+00,1.000000826186190572e+00,1.000001650873221237e+00
1.000000000000000000e+00,2.202646579480671789e+04,9.999546021313913124e-01,2.200644035683946640e+04,0.000000000000000000e+00,2.200647668668254482e+04
4.544116780880061521e-05,1.000908328416618920e+00,4.543910487663500148e-05,9.999983491295042493e-01,9.999991753143308015e-01,0.000000000000000000e+00
0.000000000000000000e+00,2.202646579480671789e+04,9.999546021313910904e-01,1.000000000000000000e+00,2.200645853825658924e+04,9.999999587993773087e-01
1.000000000000000000e+00,0.000000000000000000e+00,4.539786870243863652e-05,4.539992976248484740e-05,9.990916719578841754e-01,4.539992789197947598e-05
2.202746579480465152e+04,2.202746579480465152e+04,0.000000000000000000e+00,1.000045399929668788e+00,2.200745762992648451e+04,1.000045358727175593e+00
1.000909980789375098e+00,1.000909980789375098e+00,4.543917989083642888e-05,0.000000000000000000e+00,1.000000826186190572e+00,4.544124095420018998e-05
1.000909153852054256e+00,1.000909153852054256e+00,4.543914234964451269e-05,4.544120528351140226e-05,0.000000000000000000e+00,4.544120341130545297e-05
1.000908328416618920e+00,1.000908328416618920e+00,4.543910487663499470e-05,4.544116780880061521e-05,9.999991753143308015e-01,0.000000000000000000e+00
0.000000000000000000e+00,1.000000000000000000e+00,9.981849914538160062e-01,4.539992976248484740e-05,4.539993163298953441e-05,9.990924958951478141e-01
1.000000000000000000e+00,0.000000000000000000e+00,9.981849914538160062e-01,4.539992976248484740e-05,4.539993163298953441e-05,9.990924958951478141e-01
2.202746579480465880e+04,2.202746579480465880e+04,0.000000000000000000e+00,1.000045399929669010e+00,1.000045441132146884e+00,2.200747577917638046e+04
2.202646579480671789e+04,2.202646579480671789e+04,2.198648757114691398e+04,0.000000000000000000e+00,1.000000041200607370e+00,2.200647668668254482e+04
1.000909153852054256e+00,1.000909153852054256e+00,9.990924951838588974e-01,4.544120528351140226e-05,0.000000000000000000e+00,1.000000824686349432e+00
2.202646670231085955e+04,2.202646670231085955e+04,2.198648847700392798e+04,1.000000041200624468e+00,1.000000082401233614e+00,0.000000000000000000e+00
0.000000000000000000e+00,1.000000000000000000e+00,4.539992976418310780e-05,9.990908465228237612e-01,9.990916719578841754e-01,9.990924958951478141e-01
1.000000000000000000e+00,0.000000000000000000e+00,4.539992976418310780e-05,9.990908465228237612e-01,9.990916719578841754e-01,9.990924958951478141e-01
1.001818308792181478e+00,1.001818308792181478e+00,0.000000000000000000e+00,1.000907502193244314e+00,1.000908329129200469e+00,1.000909154564636472e+00
2.202646579480671789e+04,2.202646579480671789e+04,1.000000000037406744e+00,0.000000000000000000e+00,2.200645853825658924e+04,2.200647668668254482e+04
2.202646488730298370e+04,2.202646488730298370e+04,9.999999588368009285e-01,2.200643945016079306e+04,0.000000000000000000e+00,2.200647578000237627e+04
1.000908328416618920e+00,1.000908328416618920e+00,4.544116781050041383e-05,9.999983491295042493e-01,9.999991753143308015e-01,0.000000000000000000e+00
0.000000000000000000e+00,1.000000000000000000e+00,4.539992602147341339e-05,4.539993163469087124e-05,9.990916719578841754e-01,9.990924958951478141e-01
1.000000000000000000e+00,0.000000000000000000e+00,4.539992602147341339e-05,4.539993163469087124e-05,9.990916719578841754e-01,9.990924958951478141e-01
2.202646579398278118e+04,2.202646579398278118e+04,0.000000000000000000e+00,1.000000041200675316e+00,2.200645853743340194e+04,2.200647668585935389e+04
1.000909980789375098e+00,1.000909980789375098e+00,4.544123908199200452e-05,0.000000000000000000e+00,1.000000826186190572e+00,1.000001650873221237e+00
1.000909153852054256e+00,1.000909153852054256e+00,4.544120153909881249e-05,4.544120715741954897e-05,0.000000000000000000e+00,1.000000824686349432e+00
1.000908328416618920e+00,1.000908328416618920e+00,4.544116406439110864e-05,4.544116968270721694e-05,9.999991753143308015e-01,0.000000000000000000e+00
0.000000000000000000e+00,1.000000000000000000e+00,4.539992602147341339e-05,4.539786870243865007e-05,9.990916719578841754e-01,9.990924958951478141e-01
1.000000000000000000e+00,0.000000000000000000e+00,4.539992602147341339e-05,4.539786870243865007e-05,9.990916719578841754e-01,9.990924958951478141e-01
2.202646760981541229e+04,2.202646760981541229e+04,0.000000000000000000e+00,9.999546845289176700e-01,2.200646035161666077e+04,2.200647850004410793e+04
2.202646488647755541e+04,2.202646488647755541e+04,9.999998763606627872e-01,0.000000000000000000e+00,2.200645763075248760e+04,2.200647577917769377e+04
1.000909153852054256e+00,1.000909153852054256e+00,4.544120153909881249e-05,4.543914234964451947e-05,0.000000000000000000e+00,1.000000824686349432e+00
1.000908328416618920e+00,1.000908328416618920e+00,4.544116406439110864e-05,4.543910487663500148e-05,9.999991753143308015e-01,0.000000000000000000e+00
0.000000000000000000e+00,1.000000000000000000e+00,4.539992602147341339e-05,4.539993163128972224e-05,9.990916719578841754e-01,4.539992789197947598e-05
1.000000000000000000e+00,0.000000000000000000e+00,4.539992602147341339e-05,4.539993163128972224e-05,9.990916719578841754e-01,4.539992789197947598e-05
2.202646760981541229e+04,2.202646760981541229e+04,0.000000000000000000e+00,1.000000123564437349e+00,2.200646035161666077e+04,1.000000041200641121e+00
2.202746579480465152e+04,2.202746579480465152e+04,1.000045317524667299e+00,0.000000000000000000e+00,2.200745762992648451e+04,1.000045358727175593e+00
1.000909153852054256e+00,1.000909153852054256e+00,4.544120153909881249e-05,4.544120715401531001e-05,0.000000000000000000e+00,4.544120341130545297e-05
1.000908328416618920e+00,1.000908328416618920e+00,4.544116406439110864e-05,4.544116967930297797e-05,9.999991753143308015e-01,0.000000000000000000e+00
0.000000000000000000e+00,1.000000000000000000e+00,9.981849914538160062e-01,4.539993163128972224e-05,4.539786870243865007e-05,9.990924958951478141e-01
4.539992976248484740e-05,0.000000000000000000e+00,9.981849914538160062e-01,4.539993163128972224e-05,4.539786870243865007e-05,9.990924958951478141e-01
1.000000082401267143e+00,2.202646760981541229e+04,0.000000000000000000e+00,1.000000123564437349e+00,9.999546845289176700e-01,2.200647850004410793e+04
9.999999588368350123e-01,2.202646488812767348e+04,2.198648666611349836e+04,0.000000000000000000e+00,9.999545609700950521e-01,2.200647578082631298e+04
4.544120528351140226e-05,1.000909153852054256e+00,9.990924951838588974e-01,4.544120715401531001e-05,0.000000000000000000e+00,1.000000824686349432e+00
1.000000041200624468e+00,2.202646670231085955e+04,2.198648847700392798e+04,1.000000082363792675e+00,9.999546433301452764e-01,0.000000000000000000e+00
0.000000000000000000e+00,1.000000000000000000e+00,9.999546021312976096e-01,2.200644035683946640e+04,2.200645853825658924e+04,2.200647668668254482e+04
1.000000000000000000e+00,0.000000000000000000e+00,4.539786870243439458e-05,9.990908465228237612e-01,9.990916719578841754e-01,9.990924958951478141e-01
1.001818308792181478e+00,4.548248085393639684e-05,0.000000000000000000e+00,1.000907502193244314e+00,1.000908329129200469e+00,1.000909154564636472e+00
2.202646488812767348e+04,9.999999588368350123e-01,9.999545609700013493e-01,0.000000000000000000e+00,2.200645763240110682e+04,2.200647578082631298e+04
2.202746579480465152e+04,1.000045399929668788e+00,9.999999999999062972e-01,2.200743944768392612e+04,0.000000000000000000e+00,2.200747577917637682e+04
1.000908328416618920e+00,4.544116780880061521e-05,4.543910487663074598e-05,9.999983491295042493e-01,9.999991753143308015e-01,0.000000000000000000e+00
0.000000000000000000e+00,4.539992976248484740e-05,4.539992602147341339e-05,4.539992976248484740e-05,4.539992789028121558e-05,4.539786870243865007e-05
2.202646579480671789e+04,0.000000000000000000e+00,9.999999175987396294e-01,1.000000000000000000e+00,9.999999587619707864e-01,9.999546021313913124e-01
2.202746579480671789e+04,1.000045399929762491e+00,0.000000000000000000e+00,1.000045399929762491e+00,1.000045358689860997e+00,1.000000000000093703e+00
1.000909980789375098e+00,4.544124282640768427e-05,4.544123908199200452e-05,0.000000000000000000e+00,4.544124095250038459e-05,4.543917989083643566e-05
1.000909153852054256e+00,4.544120528351140226e-05,4.544120153909881249e-05,4.544120528351140226e-05,0.000000000000000000e+00,4.543914234964451947e-05
1.000908328416618920e+00,4.544116780880061521e-05,4.544116406439110864e-05,4.544116780880061521e-05,4.544116593489640551e-05,0.000000000000000000e+00
0.000000000000000000e+00,1.000000000000000000e+00,4.539786870243863652e-05,4.539993163128972224e-05,4.539992976248484740e-05,4.539786870243865007e-05
1.000000000000000000e+00,0.000000000000000000e+00,9.999546021313910904e-01,1.000000041163166653e+00,1.000000000000000000e+00,9.999546021313913124e-01
1.000000082401267143e+00,2.202646760981541229e+04,0.000000000000000000e+00,1.000000123564437349e+00,1.000000082401267143e+00,9.999546845289176700e-01
1.000000000000000000e+00,2.202646579480671789e+04,9.999546021313910904e-01,0.000000000000000000e+00,1.000000000000000000e+00,9.999546021313913124e-01
1.000000041238030990e+00,2.202646670313479626e+04,9.999546433675499113e-01,1.000000082401199419e+00,0.000000000000000000e+00,9.999546433675501333e-01
1.000045399929668788e+00,2.202746579480465152e+04,9.999999999999997780e-01,1.000045441094704168e+00,1.000045399929668788e+00,0.000000000000000000e+00
0.000000000000000000e+00,2.202646579480671789e+04,9.999546021313913124e-01,9.999546021313910904e-01,9.999546021313910904e-01,2.200647668668254482e+04
1.000000000000000000e+00,0.000000000000000000e+00,4.539786870243865007e-05,4.539786870243863652e-05,4.539786870243863652e-05,9.990924958951478141e-01
2.202746579480465880e+04,2.202746579480465880e+04,0.000000000000000000e+00,1.000000000000000000e+00,1.000000000000000000e+00,2.200747577917638046e+04
2.202646488812767348e+04,2.202646488812767348e+04,9.999545609700950521e-01,0.000000000000000000e+00,9.999545609700948301e-01,2.200647578082631298e+04
2.202646579480671789e+04,2.202646579480671789e+04,9.999546021313913124e-01,9.999546021313910904e-01,0.000000000000000000e+00,2.200647668668254482e+04
2.202746579480465152e+04,2.202746579480465152e+04,1.000000000000000000e+00,9.999999999999997780e-01,9.999999999999997780e-01,0.000000000000000000e+00
0.000000000000000000e+00,1.000000000000000000e+00,4.539992789197948276e-05,4.539992976248484740e-05,9.990916719578841754e-01,9.990924958951478141e-01
1.000000000000000000e+00,0.000000000000000000e+00,4.539992789197948276e-05,4.539992976248484740e-05,9.990916719578841754e-01,9.990924958951478141e-01
2.202746579480465152e+04,2.202746579480465152e+04,0.000000000000000000e+00,1.000045399929668788e+00,2.200745762992648451e+04,2.200747577917637682e+04
2.202746579480465880e+04,2.202746579480465880e+04,1.000045358727176037e+00,0.000000000000000000e+00,2.200745762992648815e+04,2.200747577917638046e+04
2.202746579480465880e+04,2.202746579480465880e+04,1.000045358727176037e+00,1.000045399929669010e+00,0.000000000000000000e+00,2.200747577917638046e+04
1.000908328416618920e+00,1.000908328416618920e+00,4.544116593659621090e-05,4.544116780880061521e-05,9.999991753143308015e-01,0.000000000000000000e+00
0.000000000000000000e+00,1.000000000000000000e+00,9.981849914538160062e-01,4.539786870243865007e-05,4.539992789028121558e-05,9.990924958951478141e-01
1.000000000000000000e+00,0.000000000000000000e+00,9.981849914538160062e-01,4.539786870243865007e-05,4.539992789028121558e-05,9.990924958951478141e-01
2.202646670231085591e+04,2.202646670231085591e+04,0.000000000000000000e+00,9.999546433301450543e-01,9.999999999625932556e-01,2.200647759336312083e+04
2.202646579480671789e+04,2.202646579480671789e+04,2.198648757114691398e+04,0.000000000000000000e+00,9.999999587619707864e-01,2.200647668668254482e+04
1.000909153852054256e+00,1.000909153852054256e+00,9.990924951838588974e-01,4.543914234964451947e-05,0.000000000000000000e+00,1.000000824686349432e+00
1.000908328416618920e+00,1.000908328416618920e+00,9.990916712465959248e-01,4.543910487663500148e-05,4.544116593489640551e-05,0.000000000000000000e+00
0.000000000000000000e+00,1.000000000000000000e+00,4.539786870243863652e-05,9.990908465228237612e-01,9.990916719578841754e-01,9.990924958951478141e-01
1.000000000000000000e+00,0.000000000000000000e+00,4.539786870243863652e-05,9.990908465228237612e-01,9.990916719578841754e-01,9.990924958951478141e-01
1.001818308792181478e+00,1.001818308792181478e+00,0.000000000000000000e+00,1.000907502193244314e+00,1.000908329129200469e+00,1.000909154564636472e+00
2.202746579480465152e+04,2.202746579480465152e+04,9.999999999999997780e-01,0.000000000000000000e+00,2.200745762992648451e+04,2.200747577917637682e+04
2.202646670313479626e+04,2.202646670313479626e+04,9.999546433675499113e-01,2.200644126434173450e+04,0.000000000000000000e+00,2.200647759418631176e+04
1.000908328416618920e+00,1.000908328416618920e+00,4.543910487663499470e-05,9.999983491295042493e-01,9.999991753143308015e-01,0.000000000000000000e+00
0.000000000000000000e+00,1.000000000000000000e+00,9.981849914538160062e-01,4.539992976248484740e-05,4.539992789028121558e-05,9.990924958951478141e-01
1.000000000000000000e+00,0.000000000000000000e+00,9.981849914538160062e-01,4.539992976248484740e-05,4.539992789028121558e-05,9.990924958951478141e-01
2.202746579480465880e+04,2.202746579480465880e+04,0.000000000000000000e+00,1.000045399929669010e+00,1.000045358689767516e+00,2.200747577917638046e+04
1.000909980789375098e+00,1.000909980789375098e+00,9.990933206202814443e-01,0.000000000000000000e+00,4.544124095250038459e-05,1.000001650873221237e+00
1.000909153852054256e+00,1.000909153852054256e+00,9.990924951838588974e-01,4.544120528351140226e-05,0.000000000000000000e+00,1.000000824686349432e+00
1.000908328416618920e+00,1.000908328416618920e+00,9.990916712465959248e-01,4.544116780880061521e-05,4.544116593489640551e-05,0.000000000000000000e+00
0.000000000000000000e+00,1.000000000000000000e+00,4.539992976078505556e-05,4.539992788857987198e-05,4.539992789028121558e-05,9.990924958951478141e-01
1.000000000000000000e+00,0.000000000000000000e+00,4.539992976078505556e-05,4.539992788857987198e-05,4.539992789028121558e-05,9.990924958951478141e-01
1.001818308792181478e+00,1.001818308792181478e+00,0.000000000000000000e+00,4.548247897662407893e-05,4.548247897832851928e-05,1.000909154564636472e+00
2.202646579480671789e+04,2.202646579480671789e+04,9.999999999625595049e-01,0.000000000000000000e+00,9.999999587619707864e-01,2.200647668668254482e+04
2.202646670313479626e+04,2.202646670313479626e+04,1.000000041200590495e+00,9.999999999625253100e-01,0.000000000000000000e+00,2.200647759418631176e+04
1.000908328416618920e+00,1.000908328416618920e+00,4.544116780709927161e-05,4.544116593319351015e-05,4.544116593489640551e-05,0.000000000000000000e+00
0.000000000000000000e+00,4.539992976248484740e-05,4.539992976078505556e-05,4.539786870243865007e-05,9.990916719578841754e-01,4.539992789197947598e-05
1.000000000000000000e+00,0.000000000000000000e+00,4.539992976078505556e-05,4.539786870243865007e-05,9.990916719578841754e-01,4.539992789197947598e-05
2.202646579563140040e+04,1.000000000037440495e+00,0.000000000000000000e+00,9.999546021688301423e-01,2.200645853908052231e+04,9.999999588368178038e-01
2.202646670396023183e+04,1.000000041275505680e+00,1.000000041238065185e+00,0.000000000000000000e+00,2.200645944658429289e+04,1.000000000074881212e+00
2.202646670313479626e+04,1.000000041238030990e+00,1.000000041200590495e+00,9.999546433675501333e-01,0.000000000000000000e+00,1.000000000037406522e+00
1.000908328416618920e+00,4.544116780880061521e-05,4.544116780709927161e-05,4.543910487663500148e-05,9.999991753143308015e-01,0.000000000000000000e+00
0.000000000000000000e+00,4.539992976248484740e-05,9.981849914538160062e-01,4.539993163468778804e-05,4.539993163298953441e-05,4.539993163468933302e-05
2.202646579480671789e+04,0.000000000000000000e+00,2.198648757114691398e+04,1.000000041238013893e+00,1.000000041200607370e+00,1.000000041238047865e+00
2.202646579563140040e+04,1.000000000037440495e+00,0.000000000000000000e+00,1.000000041275454610e+00,1.000000041238047865e+00,1.000000041275488583e+00
2.202746579480465152e+04,1.000045399929668788e+00,2.198748575613630601e+04,0.000000000000000000e+00,1.000045441132146662e+00,1.000045441169588933e+00
1.000909153852054256e+00,4.544120528351140226e-05,9.990924951838588974e-01,4.544120715741645900e-05,0.000000000000000000e+00,4.544120715741800399e-05
2.202646670231085955e+04,1.000000041200624468e+00,2.198648847700392798e+04,1.000000082438640137e+00,1.000000082401233614e+00,0.000000000000000000e+00
0.000000000000000000e+00,4.539992976248484740e-05,4.539786870243863652e-05,9.990908465228237612e-01,4.539993163639068340e-05,4.539786870243865007e-05
2.202646579480671789e+04,0.000000000000000000e+00,9.999546021313910904e-01,2.200644035683946640e+04,1.000000041275522777e+00,9.999546021313913124e-01
1.001818308792181478e+00,4.548248085393639684e-05,0.000000000000000000e+00,1.000907502193244314e+00,4.548248273124956857e-05,4.548041604624659240e-05
2.202646488647905062e+04,9.999999587619876618e-01,9.999545608952509212e-01,0.000000000000000000e+00,1.000000000037508885e+00,9.999545608952511433e-01
2.202646488730298370e+04,9.999999587993942951e-01,9.999545609326557782e-01,2.200643945016079306e+04,0.000000000000000000e+00,9.999545609326560003e-01
2.202646488647830120e+04,9.999999587619536889e-01,9.999545608952169484e-01,2.200643944933685998e+04,1.000000000037474912e+00,0.000000000000000000e+00
0.000000000000000000e+00,1.000000000000000000e+00,4.539786870243863652e-05,4.539992976248484740e-05,4.539992976248484740e-05,4.539993163468933302e-05
1.000000000000000000e+00,0.000000000000000000e+00,9.999546021313910904e-01,1.000000000000000000e+00,1.000000000000000000e+00,1.000000041238047865e+00
1.000045399929669010e+00,2.202746579480465880e+04,0.000000000000000000e+00,1.000045399929669010e+00,1.000045399929669010e+00,1.000045441169589155e+00
4.544124282640768427e-05,1.000909980789375098e+00,4.543917989083642888e-05,0.000000000000000000e+00,4.544124282640768427e-05,4.544124470031583776e-05
9.999999587244788879e-01,2.202646488565286563e+04,9.999545608577438127e-01,9.999999587244788879e-01,0.000000000000000000e+00,9.999999999625251990e-01
1.000045399929668788e+00,2.202746579480465152e+04,9.999999999999997780e-01,1.000045399929668788e+00,1.000045399929668788e+00,0.000000000000000000e+00
0.000000000000000000e+00,2.202646579480671789e+04,9.999546021313913124e-01,9.999546021313910904e-01,1.000000041275522777e+00,2.200647668668254482e+04
1.000000000000000000e+00,0.000000000000000000e+00,4.539786870243865007e-05,4.539786870243863652e-05,4.539993163639068340e-05,9.990924958951478141e-01
2.202746579480465880e+04,2.202746579480465880e+04,0.000000000000000000e+00,1.000000000000000000e+00,1.000045441207065622e+00,2.200747577917638046e+04
2.202646579480671789e+04,2.202646579480671789e+04,9.999546021313913124e-01,0.000000000000000000e+00,1.000000041275522777e+00,2.200647668668254482e+04
2.202646579480671789e+04,2.202646579480671789e+04,9.999546021313913124e-01,9.999546021313910904e-01,0.000000000000000000e+00,2.200647668668254482e+04
2.202646488647830120e+04,2.202646488647830120e+04,9.999545608952171705e-01,9.999545608952169484e-01,1.000000000037474912e+00,0.000000000000000000e+00
0.000000000000000000e+00,1.000000000000000000e+00,4.539992976418620455e-05,4.539992976248484740e-05,9.990916719578841754e-01,9.990924958951478141e-01
1.000000000000000000e+00,0.000000000000000000e+00,4.539992976418620455e-05,4.539992976248484740e-05,9.990916719578841754e-01,9.990924958951478141e-01
2.202746579480465152e+04,2.202746579480465152e+04,0.000000000000000000e+00,1.000045399929668788e+00,2.200745762992648451e+04,2.200747577917637682e+04
2.202746579480465880e+04,2.202746579480465880e+04,1.000045399967145476e+00,0.000000000000000000e+00,2.200745762992648815e+04,2.200747577917638046e+04
2.202646488565286563e+04,2.202646488565286563e+04,9.999999587619536889e-01,9.999999587244788879e-01,0.000000000000000000e+00,2.200647577835374977e+04
1.000908328416618920e+00,1.000908328416618920e+00,4.544116781050351058e-05,4.544116780880061521e-05,9.999991753143308015e-01,0.000000000000000000e+00
0.000000000000000000e+00,1.000000000000000000e+00,9.981849914538160062e-01,4.539993163469088479e-05,9.990916719578841754e-01,4.539992789197947598e-05
1.000000000000000000e+00,0.000000000000000000e+00,9.981849914538160062e-01,4.539993163469088479e-05,9.990916719578841754e-01,4.539992789197947598e-05
2.202646579398127869e+04,2.202646579398127869e+04,0.000000000000000000e+00,1.000000041200607370e+00,2.200645853743190310e+04,9.999999587619025077e-01
2.202646579480671789e+04,2.202646579480671789e+04,2.198648757114691398e+04,0.000000000000000000e+00,2.200645853825658924e+04,9.999999587993773087e-01
1.000909153852054256e+00,1.000909153852054256e+00,9.990924951838588974e-01,4.544120715741956253e-05,0.000000000000000000e+00,4.544120341130545297e-05
1.000908328416618920e+00,1.000908328416618920e+00,9.990916712465959248e-01,4.544116968270722371e-05,9.999991753143308015e-01,0.000000000000000000e+00
0.000000000000000000e+00,1.000000000000000000e+00,9.981849914538160062e-01,9.990908465228237612e-01,4.539786870243865007e-05,9.990924958951478141e-01
1.000000000000000000e+00,0.000000000000000000e+00,9.981849914538160062e-01,9.990908465228237612e-01,4.539786870243865007e-05,9.990924958951478141e-01
1.001818308792181478e+00,1.001818308792181478e+00,0.000000000000000000e+00,1.000907502193244314e+00,4.548041604624659240e-05,1.000909154564636472e+00
2.202646488647754813e+04,2.202646488647754813e+04,2.198648666446637071e+04,0.000000000000000000e+00,9.999545608951829756e-01,2.200647577917768649e+04
1.000909153852054256e+00,1.000909153852054256e+00,9.990924951838588974e-01,9.999991738144921039e-01,0.000000000000000000e+00,1.000000824686349432e+00
2.202646670231085955e+04,2.202646670231085955e+04,2.198648847700392798e+04,2.200644126351855084e+04,9.999546433301452764e-01,0.000000000000000000e+00
0.000000000000000000e+00,1.000000000000000000e+00,4.539992789197948276e-05,4.539992788857987198e-05,9.990916719578841754e-01,9.990924958951478141e-01
4.539992976248484740e-05,0.000000000000000000e+00,4.539992789197948276e-05,4.539992788857987198e-05,9.990916719578841754e-01,9.990924958951478141e-01
4.548248085393639684e-05,1.001818308792181478e+00,0.000000000000000000e+00,4.548247897662407893e-05,1.000908329129200469e+00,1.000909154564636472e+00
4.544124282640768427e-05,1.000909980789375098e+00,4.544124095420019676e-05,0.000000000000000000e+00,1.000000826186190572e+00,1.000001650873221237e+00
1.000045399929668788e+00,2.202746579480465152e+04,1.000045358727175815e+00,1.000045358652290828e+00,0.000000000000000000e+00,2.200747577917637682e+04
4.544116780880061521e-05,1.000908328416618920e+00,4.544116593659621090e-05,4.544116593319351015e-05,9.999991753143308015e-01,0.000000000000000000e+00
0.000000000000000000e+00,2.202646579480671789e+04,9.999999999625253100e-01,1.000000041200607370e+00,9.999999587619707864e-01,2.200647668668254482e+04
4.539992976248484740e-05,0.000000000000000000e+00,4.539992976078349702e-05,4.539993163298953441e-05,4.539992789028121558e-05,9.990924958951478141e-01
1.000000041200624246e+00,2.202646670231085591e+04,0.000000000000000000e+00,1.000000082401233392e+00,9.999999999625932556e-01,2.200647759336312083e+04
1.000000041275505680e+00,2.202646670396023183e+04,1.000000041238030990e+00,0.000000000000000000e+00,1.000000000037474690e+00,2.200647759501099790e+04
4.544120528351140226e-05,1.000909153852054256e+00,4.544120528180850690e-05,4.544120715571666039e-05,0.000000000000000000e+00,1.000000824686349432e+00
4.544116780880061521e-05,1.000908328416618920e+00,4.544116780709771985e-05,4.544116968100432835e-05,4.544116593489640551e-05,0.000000000000000000e+00
0.000000000000000000e+00,2.202646579480671789e+04,9.999546021313913124e-01,1.000000041238013893e+00,9.999999587619707864e-01,2.200647668668254482e+04
4.539992976248484740e-05,0.000000000000000000e+00,4.539786870243865007e-05,4.539993163468778804e-05,4.539992789028121558e-05,9.990924958951478141e-01
1.000000000037474690e+00,2.202646579563215346e+04,0.000000000000000000e+00,1.000000041275488805e+00,9.999999587994454764e-01,2.200647668750723096e+04
9.999999587993942951e-01,2.202646488730298370e+04,9.999545609326560003e-01,0.000000000000000000e+00,9.999999175613667468e-01,2.200647578000237627e+04
1.000000041238030990e+00,2.202646670313479626e+04,9.999546433675501333e-01,1.000000082476046659e+00,0.000000000000000000e+00,2.200647759418631176e+04
4.544116780880061521e-05,1.000908328416618920e+00,4.543910487663500148e-05,4.544116968270412696e-05,4.544116593489640551e-05,0.000000000000000000e+00
0.000000000000000000e+00,2.202646579480671789e+04,9.999546021313913124e-01,1.000000000000000000e+00,9.999999587619707864e-01,2.200647668668254482e+04
1.000000000000000000e+00,0.000000000000000000e+00,4.539786870243865007e-05,4.539992976248484740e-05,4.539992789028121558e-05,9.990924958951478141e-01
2.202746579480465152e+04,2.202746579480465152e+04,0.000000000000000000e+00,1.000045399929668788e+00,1.000045358689767294e+00,2.200747577917637682e+04
2.202646488647905062e+04,2.202646488647905062e+04,9.999545608952511433e-01,0.000000000000000000e+00,9.999999175239602245e-01,2.200647577917918898e+04
2.202646670313479626e+04,2.202646670313479626e+04,9.999546433675501333e-01,1.000000041238030990e+00,0.000000000000000000e+00,2.200647759418631176e+04
1.000908328416618920e+00,1.000908328416618920e+00,4.543910487663500148e-05,4.544116780880061521e-05,4.544116593489640551e-05,0.000000000000000000e+00
0.000000000000000000e+00,1.000000000000000000e+00,4.539786870243863652e-05,4.539992976248484740e-05,4.539992789028121558e-05,4.539992789197947598e-05
1.000000000000000000e+00,0.000000000000000000e+00,4.539786870243863652e-05,4.539992976248484740e-05,4.539992789028121558e-05,4.539992789197947598e-05
2.202746579480465152e+04,2.202746579480465152e+04,0.000000000000000000e+00,1.000045399929668788e+00,1.000045358689767294e+00,1.000045358727175593e+00
2.202646579480671789e+04,2.202646579480671789e+04,9.999546021313910904e-01,0.000000000000000000e+00,9.999999587619707864e-01,9.999999587993773087e-01
2.202646670313479626e+04,2.202646670313479626e+04,9.999546433675499113e-01,1.000000041238030990e+00,0.000000000000000000e+00,1.000000000037406522e+00
1.000908328416618920e+00,1.000908328416618920e+00,4.543910487663499470e-05,4.544116780880061521e-05,4.544116593489640551e-05,0.000000000000000000e+00
0.000000000000000000e+00,4.539992976248484740e-05,4.539992976078505556e-05,4.539786870243863652e-05,4.539993163298953441e-05,9.990924958951478141e-01
4.539992976248484740e-05,0.000000000000000000e+00,4.539992976078505556e-05,4.539786870243863652e-05,4.539993163298953441e-05,9.990924958951478141e-01
1.000045399929669010e+00,1.000045399929669010e+00,0.000000000000000000e+00,1.000000000000000000e+00,1.000045441132146884e+00,2.200747577917638046e+04
1.000000000000000000e+00,1.000000000000000000e+00,9.999999999625595049e-01,0.000000000000000000e+00,1.000000041200607370e+00,2.200647668668254482e+04
1.000000041238030990e+00,1.000000041238030990e+00,1.000000041200590495e+00,9.999546433675499113e-01,0.000000000000000000e+00,2.200647759418631176e+04
1.000000041200624468e+00,1.000000041200624468e+00,1.000000041163183750e+00,9.999546433301450543e-01,1.000000082401233614e+00,0.000000000000000000e+00
0.000000000000000000e+00,2.202646579480671789e+04,9.999546021313913124e-01,1.000000041238013893e+00,2.200645853825658924e+04,1.000000041238047865e+00
1.000000000000000000e+00,0.000000000000000000e+00,9.999546021313913124e-01,1.000000041238013893e+00,2.200645853825658924e+04,1.000000041238047865e+00
1.000000000037440495e+00,2.202646579563140040e+04,0.000000000000000000e+00,1.000000041275454610e+00,2.200645853908052231e+04,1.000000041275488583e+00
1.000045399929669010e+00,2.202746579480465880e+04,1.000000000000000222e+00,0.000000000000000000e+00,2.200745762992648815e+04,1.000045441169589155e+00
9.999999587993942951e-01,2.202646488730298370e+04,9.999545609326560003e-01,1.000000000037406522e+00,0.000000000000000000e+00,1.000000000037440495e+00
4.544116780880061521e-05,1.000908328416618920e+00,4.543910487663500148e-05,4.544116968270412696e-05,9.999991753143308015e-01,0.000000000000000000e+00
0.000000000000000000e+00,1.000000000000000000e+00,9.999546021313910904e-01,1.000000000000000000e+00,1.000000041275522777e+00,9.999999587993773087e-01
4.539992976248484740e-05,0.000000000000000000e+00,4.539786870243863652e-05,4.539992976248484740e-05,4.539993163639068340e-05,4.539992789197947598e-05
1.000045399929668788e+00,1.000045399929668788e+00,0.000000000000000000e+00,1.000045399929668788e+00,1.000045441207065400e+00,1.000045358727175593e+00
9.999999587619876618e-01,9.999999587619876618e-01,9.999545608952509212e-01,0.000000000000000000e+00,1.000000000037508885e+00,9.999999175613667468e-01
4.544120528351140226e-05,4.544120528351140226e-05,4.543914234964451269e-05,4.544120528351140226e-05,0.000000000000000000e+00,4.544120341130545297e-05
9.999999587619536889e-01,9.999999587619536889e-01,9.999545608952169484e-01,9.999999587619536889e-01,1.000000000037474912e+00,0.000000000000000000e+00
0.000000000000000000e+00,2.202646579480671789e+04,9.999546021313913124e-01,9.999546021313910904e-01,9.999546021313913124e-01,1.000000041238047865e+00
2.202646579480671789e+04,0.000000000000000000e+00,9.999546021313913124e-01,9.999546021313910904e-01,9.999546021313913124e-01,1.000000041238047865e+00
2.202746579480465880e+04,2.202746579480465880e+04,0.000000000000000000e+00,1.000000000000000000e+00,1.000000000000000222e+00,1.000045441169589155e+00
2.202646579480671789e+04,2.202646579480671789e+04,9.999546021313913124e-01,0.000000000000000000e+00,9.999546021313913124e-01,1.000000041238047865e+00
2.202646488565286563e+04,2.202646488565286563e+04,9.999545608577440348e-01,9.999545608577438127e-01,0.000000000000000000e+00,9.999999999625251990e-01
2.202646670231085955e+04,2.202646670231085955e+04,9.999546433301452764e-01,9.999546433301450543e-01,9.999546433301452764e-01,0.000000000000000000e+00
0.000000000000000000e+00,1.000000000000000000e+00,4.539992789197948276e-05,4.539992976248484740e-05,4.539786870243865007e-05,9.990924958951478141e-01
1.000000000000000000e+00,0.000000000000000000e+00,4.539992789197948276e-05,4.539992976248484740e-05,4.539786870243865007e-05,9.990924958951478141e-01
2.202746579480465152e+04,2.202746579480465152e+04,0.000000000000000000e+00,1.000045399929668788e+00,1.000000000000000000e+00,2.200747577917637682e+04
2.202746579480465880e+04,2.202746579480465880e+04,1.000045358727176037e+00,0.000000000000000000e+00,1.000000000000000222e+00,2.200747577917638046e+04
2.202746579480465152e+04,2.202746579480465152e+04,1.000045358727175815e+00,1.000045399929668788e+00,0.000000000000000000e+00,2.200747577917637682e+04
2.202646488647830120e+04,2.202646488647830120e+04,9.999999175613329960e-01,9.999999587619536889e-01,9.999545608952171705e-01,0.000000000000000000e+00
0.000000000000000000e+00,1.000000000000000000e+00,4.539992789197948276e-05,4.539993163298953441e-05,4.539992789028121558e-05,4.539992789197947598e-05
4.539992976248484740e-05,0.000000000000000000e+00,4.539992789197948276e-05,4.539993163298953441e-05,4.539992789028121558e-05,4.539992789197947598e-05
1.000000041200624246e+00,2.202646670231085591e+04,0.000000000000000000e+00,1.000000082401233392e+00,9.999999999625932556e-01,9.999999999999997780e-01
1.000000000000000000e+00,2.202646579480671789e+04,9.999999587993775307e-01,0.000000000000000000e+00,9.999999587619707864e-01,9.999999587993773087e-01
1.000045399929668788e+00,2.202746579480465152e+04,1.000045358727175815e+00,1.000045441132146662e+00,0.000000000000000000e+00,1.000045358727175593e+00
4.544116780880061521e-05,1.000908328416618920e+00,4.544116593659621090e-05,4.544116968100432835e-05,4.544116593489640551e-05,0.000000000000000000e+00
0.000000000000000000e+00,1.000000000000000000e+00,9.999546021312976096e-01,9.999546021313913124e-01,1.000000041200607370e+00,2.200647668668254482e+04
4.539992976248484740e-05,0.000000000000000000e+00,4.539786870243439458e-05,4.539786870243865007e-05,4.539993163298953441e-05,9.990924958951478141e-01
1.000000041200624246e+00,1.000000041200624246e+00,0.000000000000000000e+00,9.999546433301450543e-01,1.000000082401233392e+00,2.200647759336312083e+04
9.999999587993942951e-01,9.999999587993942951e-01,9.999545609325622975e-01,0.000000000000000000e+00,1.000000000000000000e+00,2.200647578000237627e+04
1.000000041238030990e+00,1.000000041238030990e+00,9.999546433674564305e-01,9.999546433675501333e-01,0.000000000000000000e+00,2.200647759418631176e+04
1.000000041200624468e+00,1.000000041200624468e+00,9.999546433300515735e-01,9.999546433301452764e-01,1.000000082401233614e+00,0.000000000000000000e+00
0.000000000000000000e+00,2.202646579480671789e+04,9.999546021312976096e-01,1.000000000000000000e+00,2.200645853825658924e+04,1.000000041238047865e+00
2.202646579480671789e+04,0.000000000000000000e+00,9.999546021312976096e-01,1.000000000000000000e+00,2.200645853825658924e+04,1.000000041238047865e+00
2.202746579480671789e+04,2.202746579480671789e+04,0.000000000000000000e+00,1.000045399929762491e+00,2.200745762992854725e+04,1.000045441169682636e+00
2.202746579480465152e+04,2.202746579480465152e+04,9.999999999999062972e-01,0.000000000000000000e+00,2.200745762992648451e+04,1.000045441169588933e+00
2.202646488730298370e+04,2.202646488730298370e+04,9.999545609325622975e-01,9.999999587993942951e-01,0.000000000000000000e+00,1.000000000037440495e+00
1.000908328416618920e+00,1.000908328416618920e+00,4.543910487663074598e-05,4.544116780880061521e-05,9.999991753143308015e-01,0.000000000000000000e+00
0.000000000000000000e+00,1.000000000000000000e+00,4.539992602147341339e-05,4.539786870243863652e-05,4.539786870243865007e-05,9.990924958951478141e-01
1.000000000000000000e+00,0.000000000000000000e+00,4.539992602147341339e-05,4.539786870243863652e-05,4.539786870243865007e-05,9.990924958951478141e-01
2.202746579480671789e+04,2.202746579480671789e+04,0.000000000000000000e+00,1.000000000000093481e+00,1.000000000000093703e+00,2.200747577917843955e+04
2.202646579480671789e+04,2.202646579480671789e+04,9.999999175987396294e-01,0.000000000000000000e+00,9.999546021313913124e-01,2.200647668668254482e+04
1.000909153852054256e+00,1.000909153852054256e+00,4.544120153909881249e-05,4.543914234964451269e-05,0.000000000000000000e+00,1.000000824686349432e+00
2.202646488647830120e+04,2.202646488647830120e+04,9.999998763606967600e-01,9.999545608952169484e-01,9.999545608952171705e-01,0.000000000000000000e+00
0.000000000000000000e+00,1.000000000000000000e+00,4.539992789197948276e-05,4.539786870243865007e-05,4.539992789028121558e-05,9.990924958951478141e-01
4.539992976248484740e-05,0.000000000000000000e+00,4.539992789197948276e-05,4.539786870243865007e-05,4.539992789028121558e-05,9.990924958951478141e-01
1.000000082401267143e+00,2.202646760981541229e+04,0.000000000000000000e+00,9.999546845289176700e-01,1.000000041163234599e+00,2.200647850004410793e+04
1.000045399929669010e+00,2.202746579480465880e+04,1.000045358727176037e+00,0.000000000000000000e+00,1.000045358689767516e+00,2.200747577917638046e+04
1.000045399929668788e+00,2.202746579480465152e+04,1.000045358727175815e+00,1.000000000000000000e+00,0.000000000000000000e+00,2.200747577917637682e+04
4.544116780880061521e-05,1.000908328416618920e+00,4.544116593659621090e-05,4.543910487663500148e-05,4.544116593489640551e-05,0.000000000000000000e+00
0.000000000000000000e+00,2.202646579480671789e+04,9.999546021313913124e-01,9.999546021313913124e-01,2.200645853825658924e+04,2.200647668668254482e+04
1.000000000000000000e+00,0.000000000000000000e+00,4.539786870243865007e-05,4.539786870243865007e-05,9.990916719578841754e-01,9.990924958951478141e-01
2.202646670231085591e+04,2.202646670231085591e+04,0.000000000000000000e+00,9.999546433301450543e-01,2.200645944493641582e+04,2.200647759336312083e+04
2.202746579480465152e+04,2.202746579480465152e+04,1.000000000000000000e+00,0.000000000000000000e+00,2.200745762992648451e+04,2.200747577917637682e+04
2.202646670313479626e+04,2.202646670313479626e+04,9.999546433675501333e-01,9.999546433675501333e-01,0.000000000000000000e+00,2.200647759418631176e+04
1.000908328416618920e+00,1.000908328416618920e+00,4.543910487663500148e-05,4.543910487663500148e-05,9.999991753143308015e-01,0.000000000000000000e+00
0.000000000000000000e+00,4.539992976248484740e-05,9.981849914538160062e-01,4.539992976248484740e-05,9.990916719578841754e-01,9.990924958951478141e-01
1.000000000000000000e+00,0.000000000000000000e+00,9.981849914538160062e-01,4.539992976248484740e-05,9.990916719578841754e-01,9.990924958951478141e-01
2.202746579480465152e+04,1.000045399929668788e+00,0.000000000000000000e+00,1.000045399929668788e+00,2.200745762992648451e+04,2.200747577917637682e+04
2.202746579480465152e+04,1.000045399929668788e+00,2.198748575613630601e+04,0.000000000000000000e+00,2.200745762992648451e+04,2.200747577917637682e+04
1.000909153852054256e+00,4.544120528351140226e-05,9.990924951838588974e-01,4.544120528351140226e-05,0.000000000000000000e+00,1.000000824686349432e+00
1.000908328416618920e+00,4.544116780880061521e-05,9.990916712465959248e-01,4.544116780880061521e-05,9.999991753143308015e-01,0.000000000000000000e+00
0.000000000000000000e+00,1.000000000000000000e+00,9.981849914538160062e-01,9.990908465228237612e-01,9.990916719578841754e-01,4.539993163468933302e-05
2.202646579480671789e+04,0.000000000000000000e+00,2.198648757114691398e+04,2.200644035683946640e+04,2.200645853825658924e+04,1.000000041238047865e+00
1.001818308792181478e+00,1.001818308792181478e+00,0.000000000000000000e+00,1.000907502193244314e+00,1.000908329129200469e+00,4.548248272954512144e-05
2.202646579480671789e+04,2.202646579480671789e+04,2.198648757114691398e+04,0.000000000000000000e+00,2.200645853825658924e+04,1.000000041238047865e+00
1.000909153852054256e+00,1.000909153852054256e+00,9.990924951838588974e-01,9.999991738144921039e-01,0.000000000000000000e+00,4.544120715741800399e-05
1.000908328416618920e+00,1.000908328416618920e+00,9.990916712465959248e-01,9.999983491295042493e-01,9.999991753143308015e-01,0.000000000000000000e+00
0.000000000000000000e+00,1.000000000000000000e+00,9.981849914538160062e-01,9.990908465228237612e-01,4.539786870243865007e-05,9.990924958951478141e-01
4.539992976248484740e-05,0.000000000000000000e+00,9.981849914538160062e-01,9.990908465228237612e-01,4.539786870243865007e-05,9.990924958951478141e-01
4.548248085393639684e-05,1.001818308792181478e+00,0.000000000000000000e+00,1.000907502193244314e+00,4.548041604624659240e-05,1.000909154564636472e+00
4.544124282640768427e-05,1.000909980789375098e+00,9.990933206202814443e-01,0.000000000000000000e+00,4.543917989083643566e-05,1.000001650873221237e+00
4.544120528351140226e-05,1.000909153852054256e+00,9.990924951838588974e-01,9.999991738144921039e-01,0.000000000000000000e+00,1.000000824686349432e+00
9.999999587619536889e-01,2.202646488647830120e+04,2.198648666446712014e+04,2.200643944933685998e+04,9.999545608952171705e-01,0.000000000000000000e+00
0.000000000000000000e+00,2.202646579480671789e+04,9.999546021313913124e-01,2.200644035683946640e+04,2.200645853825658924e+04,2.200647668668254482e+04
4.539992976248484740e-05,0.000000000000000000e+00,4.539786870243865007e-05,9.990908465228237612e-01,9.990916719578841754e-01,9.990924958951478141e-01
4.548248085393639684e-05,1.001818308792181478e+00,0.000000000000000000e+00,1.000907502193244314e+00,1.000908329129200469e+00,1.000909154564636472e+00
4.544124282640768427e-05,1.000909980789375098e+00,4.543917989083643566e-05,0.000000000000000000e+00,1.000000826186190572e+00,1.000001650873221237e+00
1.000045399929668788e+00,2.202746579480465152e+04,1.000000000000000000e+00,2.200743944768392612e+04,0.000000000000000000e+00,2.200747577917637682e+04
4.544116780880061521e-05,1.000908328416618920e+00,4.543910487663500148e-05,9.999983491295042493e-01,9.999991753143308015e-01,0.000000000000000000e+00
0.000000000000000000e+00,2.202646579480671789e+04,9.999999999625253100e-01,9.999546021313910904e-01,2.200645853825658924e+04,9.999999587993773087e-01
1.000000000000000000e+00,0.000000000000000000e+00,4.539992976078349702e-05,4.539786870243863652e-05,9.990916719578841754e-01,4.539992789197947598e-05
2.202746579480465152e+04,2.202746579480465152e+04,0.000000000000000000e+00,9.999999999999997780e-01,2.200745762992648451e+04,1.000045358727175593e+00
1.000909980789375098e+00,1.000909980789375098e+00,4.544124282470478891e-05,0.000000000000000000e+00,1.000000826186190572e+00,4.544124095420018998e-05
1.000909153852054256e+00,1.000909153852054256e+00,4.544120528180850690e-05,4.543914234964451269e-05,0.000000000000000000e+00,4.544120341130545297e-05
1.000908328416618920e+00,1.000908328416618920e+00,4.544116780709771985e-05,4.543910487663499470e-05,9.999991753143308015e-01,0.000000000000000000e+00
0.000000000000000000e+00,4.539992976248484740e-05,9.981849914538160062e-01,4.539786870243865007e-05,4.539993163298953441e-05,9.990924958951478141e-01
1.000000000000000000e+00,0.000000000000000000e+00,9.981849914538160062e-01,4.539786870243865007e-05,4.539993163298953441e-05,9.990924958951478141e-01
2.202646579563215346e+04,1.000000000037474690e+00,0.000000000000000000e+00,9.999546021688643371e-01,1.000000041238082060e+00,2.200647668750723096e+04
2.202746579480465880e+04,1.000045399929669010e+00,2.198748575613630965e+04,0.000000000000000000e+00,1.000045441132146884e+00,2.200747577917638046e+04
1.000909153852054256e+00,4.544120528351140226e-05,9.990924951838588974e-01,4.543914234964451947e-05,0.000000000000000000e+00,1.000000824686349432e+00
2.202646670231085955e+04,1.000000041200624468e+00,2.198648847700392798e+04,9.999546433301452764e-01,1.000000082401233614e+00,0.000000000000000000e+00
0.000000000000000000e+00,1.000000000000000000e+00,4.539786870243863652e-05,9.990908465228237612e-01,9.990916719578841754e-01,4.539993163468933302e-05
1.000000000000000000e+00,0.000000000000000000e+00,9.999546021313910904e-01,2.200644035683946640e+04,2.200645853825658924e+04,1.000000041238047865e+00
4.548248085393639684e-05,1.001818308792181478e+00,0.000000000000000000e+00,1.000907502193244314e+00,1.000908329129200469e+00,4.548248272954512144e-05
1.000045399929668788e+00,2.202746579480465152e+04,9.999999999999997780e-01,0.000000000000000000e+00,2.200745762992648451e+04,1.000045441169588933e+00
9.999999587993942951e-01,2.202646488730298370e+04,9.999545609326557782e-01,2.200643945016079306e+04,0.000000000000000000e+00,1.000000000037440495e+00
4.544116780880061521e-05,1.000908328416618920e+00,4.543910487663499470e-05,9.999983491295042493e-01,9.999991753143308015e-01,0.000000000000000000e+00
0.000000000000000000e+00,1.000000000000000000e+00,9.999546021313910904e-01,9.999546021313910904e-01,9.999546021313913124e-01,2.200647668668254482e+04
1.000000000000000000e+00,0.000000000000000000e+00,4.539786870243863652e-05,4.539786870243863652e-05,4.539786870243865007e-05,9.990924958951478141e-01
2.202746579480465880e+04,1.000045399929669010e+00,0.000000000000000000e+00,1.000000000000000000e+00,1.000000000000000222e+00,2.200747577917638046e+04
1.000909980789375098e+00,4.544124282640768427e-05,4.543917989083642888e-05,0.000000000000000000e+00,4.543917989083643566e-05,1.000001650873221237e+00
1.000909153852054256e+00,4.544120528351140226e-05,4.543914234964451269e-05,4.543914234964451269e-05,0.000000000000000000e+00,1.000000824686349432e+00
2.202646488647830120e+04,9.999999587619536889e-01,9.999545608952169484e-01,9.999545608952169484e-01,9.999545608952171705e-01,0.000000000000000000e+00
0.000000000000000000e+00,1.000000000000000000e+00,4.539992789197948276e-05,4.539992976248484740e-05,9.990916719578841754e-01,4.539786870243865007e-05
2.202646579480671789e+04,0.000000000000000000e+00,9.999999587993775307e-01,1.000000000000000000e+00,2.200645853825658924e+04,9.999546021313913124e-01
2.202746579480465880e+04,2.202746579480465880e+04,0.000000000000000000e+00,1.000045399929669010e+00,2.200745762992648815e+04,1.000000000000000222e+00
2.202746579480465880e+04,2.202746579480465880e+04,1.000045358727176037e+00,0.000000000000000000e+00,2.200745762992648815e+04,1.000000000000000222e+00
2.202746579480465152e+04,2.202746579480465152e+04,1.000045358727175815e+00,1.000045399929668788e+00,0.000000000000000000e+00,1.000000000000000000e+00
1.000908328416618920e+00,1.000908328416618920e+00,4.544116593659621090e-05,4.544116780880061521e-05,9.999991753143308015e-01,0.000000000000000000e+00
0.000000000000000000e+00,1.000000000000000000e+00,9.981849914538160062e-01,4.539786870243865007e-05,4.539992976248484740e-05,9.990924958951478141e-01
1.000000000000000000e+00,0.000000000000000000e+00,9.981849914538160062e-01,4.539786870243865007e-05,4.539992976248484740e-05,9.990924958951478141e-01
2.202646670231085591e+04,2.202646670231085591e+04,0.000000000000000000e+00,9.999546433301450543e-01,1.000000041200624246e+00,2.200647759336312083e+04
2.202646579480671789e+04,2.202646579480671789e+04,2.198648757114691398e+04,0.000000000000000000e+00,1.000000000000000000e+00,2.200647668668254482e+04
1.000909153852054256e+00,1.000909153852054256e+00,9.990924951838588974e-01,4.543914234964451947e-05,0.000000000000000000e+00,1.000000824686349432e+00
2.202746579480465152e+04,2.202746579480465152e+04,2.198748575613630601e+04,1.000000000000000000e+00,1.000045399929668788e+00,0.000000000000000000e+00
0.000000000000000000e+00,1.000000000000000000e+00,4.539992976248484740e-05,9.990908465228237612e-01,4.539992789028121558e-05,9.990924958951478141e-01
4.539992976248484740e-05,0.000000000000000000e+00,4.539992976248484740e-05,9.990908465228237612e-01,4.539992789028121558e-05,9.990924958951478141e-01
4.548248085393639684e-05,1.001818308792181478e+00,0.000000000000000000e+00,1.000907502193244314e+00,4.548247897832851928e-05,1.000909154564636472e+00
1.000045399929668788e+00,2.202746579480465152e+04,1.000045399929668788e+00,0.000000000000000000e+00,1.000045358689767294e+00,2.200747577917637682e+04
1.000000000000000000e+00,2.202646579480671789e+04,1.000000000000000000e+00,2.200644035683946640e+04,0.000000000000000000e+00,2.200647668668254482e+04
4.544116780880061521e-05,1.000908328416618920e+00,4.544116780880061521e-05,9.999983491295042493e-01,4.544116593489640551e-05,0.000000000000000000e+00
0.000000000000000000e+00,1.000000000000000000e+00,9.999546021313913124e-01,9.999546021313913124e-01,9.999999587619707864e-01,2.200647668668254482e+04
1.000000000000000000e+00,0.000000000000000000e+00,4.539786870243865007e-05,4.539786870243865007e-05,4.539992789028121558e-05,9.990924958951478141e-01
2.202646579480671789e+04,1.000000000000000000e+00,0.000000000000000000e+00,9.999546021313913124e-01,9.999999587619707864e-01,2.200647668668254482e+04
1.000909980789375098e+00,4.544124282640768427e-05,4.543917989083643566e-05,0.000000000000000000e+00,4.544124095250038459e-05,1.000001650873221237e+00
2.202646670313479626e+04,1.000000041238030990e+00,9.999546433675501333e-01,9.999546433675501333e-01,0.000000000000000000e+00,2.200647759418631176e+04
1.000908328416618920e+00,4.544116780880061521e-05,4.543910487663500148e-05,4.543910487663500148e-05,4.544116593489640551e-05,0.000000000000000000e+00
0.000000000000000000e+00,1.000000000000000000e+00,4.539992976078505556e-05,4.539992976248484740e-05,9.990916719578841754e-01,4.539993163468933302e-05
2.202646579480671789e+04,0.000000000000000000e+00,9.999999999625595049e-01,1.000000000000000000e+00,2.200645853825658924e+04,1.000000041238047865e+00
2.202746579480465152e+04,2.202746579480465152e+04,0.000000000000000000e+00,1.000045399929668788e+00,2.200745762992648451e+04,1.000045441169588933e+00
2.202746579480465152e+04,2.202746579480465152e+04,1.000045399892226516e+00,0.000000000000000000e+00,2.200745762992648451e+04,1.000045441169588933e+00
2.202646670313479626e+04,2.202646670313479626e+04,1.000000041200590495e+00,1.000000041238030990e+00,0.000000000000000000e+00,1.000000082476080632e+00
1.000908328416618920e+00,1.000908328416618920e+00,4.544116780709927161e-05,4.544116780880061521e-05,9.999991753143308015e-01,0.000000000000000000e+00
0.000000000000000000e+00,1.000000000000000000e+00,9.981849914538160062e-01,4.539786870243865007e-05,4.539993163639068340e-05,4.539992789197947598e-05
1.000000000000000000e+00,0.000000000000000000e+00,9.981849914538160062e-01,4.539786870243865007e-05,4.539993163639068340e-05,4.539992789197947598e-05
2.202646579563140040e+04,2.202646579563140040e+04,0.000000000000000000e+00,9.999546021688301423e-01,1.000000041312963273e+00,9.999999588368178038e-01
2.202646579480671789e+04,2.202646579480671789e+04,2.198648757114691398e+04,0.000000000000000000e+00,1.000000041275522777e+00,9.999999587993773087e-01
1.000909153852054256e+00,1.000909153852054256e+00,9.990924951838588974e-01,4.543914234964451947e-05,0.000000000000000000e+00,4.544120341130545297e-05
2.202646488647830120e+04,2.202646488647830120e+04,2.198648666446712014e+04,9.999545608952171705e-01,1.000000000037474912e+00,0.000000000000000000e+00
0.000000000000000000e+00,1.000000000000000000e+00,4.539992976418620455e-05,9.990908465228237612e-01,4.539993163298953441e-05,9.990924958951478141e-01
1.000000000000000000e+00,0.000000000000000000e+00,4.539992976418620455e-05,9.990908465228237612e-01,4.539993163298953441e-05,9.990924958951478141e-01
1.001818308792181478e+00,1.001818308792181478e+00,0.000000000000000000e+00,1.000907502193244314e+00,4.548248272784223285e-05,1.000909154564636472e+00
2.202746579480465152e+04,2.202746579480465152e+04,1.000045399967145254e+00,0.000000000000000000e+00,1.000045441132146662e+00,2.200747577917637682e+04
2.202646488565286563e+04,2.202646488565286563e+04,9.999999587619536889e-01,2.200643944851217384e+04,0.000000000000000000e+00,2.200647577835374977e+04
2.202646670231085955e+04,2.202646670231085955e+04,1.000000041238099158e+00,2.200644126351855084e+04,1.000000082401233614e+00,0.000000000000000000e+00
0.000000000000000000e+00,4.539992976248484740e-05,4.539992976418310780e-05,4.539786870243865007e-05,4.539992789028121558e-05,9.990924958951478141e-01
4.539992976248484740e-05,0.000000000000000000e+00,4.539992976418310780e-05,4.539786870243865007e-05,4.539992789028121558e-05,9.990924958951478141e-01
9.999999999625251990e-01,9.999999999625251990e-01,0.000000000000000000e+00,9.999546020939181767e-01,9.999999587244958743e-01,2.200647668585785505e+04
4.544124282640768427e-05,4.544124282640768427e-05,4.544124282810748966e-05,0.000000000000000000e+00,4.544124095250038459e-05,1.000001650873221237e+00
9.999999587993942951e-01,9.999999587993942951e-01,9.999999588368009285e-01,9.999545609326560003e-01,0.000000000000000000e+00,2.200647578000237627e+04
4.544116780880061521e-05,4.544116780880061521e-05,4.544116781050041383e-05,4.543910487663500148e-05,4.544116593489640551e-05,0.000000000000000000e+00
0.000000000000000000e+00,2.202646579480671789e+04,9.999546021313913124e-01,1.000000041238081838e+00,2.200645853825658924e+04,1.000000041238047865e+00
2.202646579480671789e+04,0.000000000000000000e+00,9.999546021313913124e-01,1.000000041238081838e+00,2.200645853825658924e+04,1.000000041238047865e+00
2.202646579398278118e+04,2.202646579398278118e+04,0.000000000000000000e+00,1.000000041200675316e+00,2.200645853743340194e+04,1.000000041200641343e+00
2.202746579480465152e+04,2.202746579480465152e+04,1.000000000000000000e+00,0.000000000000000000e+00,2.200745762992648451e+04,1.000045441169588933e+00
2.202646670313479626e+04,2.202646670313479626e+04,9.999546433675501333e-01,1.000000082476114605e+00,0.000000000000000000e+00,1.000000082476080632e+00
1.000908328416618920e+00,1.000908328416618920e+00,4.543910487663500148e-05,4.544116968270721694e-05,9.999991753143308015e-01,0.000000000000000000e+00
0.000000000000000000e+00,1.000000000000000000e+00,9.981849914538160062e-01,4.539992976248484740e-05,4.539993163639068340e-05,9.990924958951478141e-01
1.000000000000000000e+00,0.000000000000000000e+00,9.981849914538160062e-01,4.539992976248484740e-05,4.539993163639068340e-05,9.990924958951478141e-01
2.202746579480465152e+04,2.202746579480465152e+04,0.000000000000000000e+00,1.000045399929668788e+00,1.000045441207065400e+00,2.200747577917637682e+04
2.202646488647755541e+04,2.202646488647755541e+04,2.198648666446637435e+04,0.000000000000000000e+00,1.000000000037440939e+00,2.200647577917769377e+04
1.000909153852054256e+00,1.000909153852054256e+00,9.990924951838588974e-01,4.544120528351140226e-05,0.000000000000000000e+00,1.000000824686349432e+00
2.202646488647830120e+04,2.202646488647830120e+04,2.198648666446712014e+04,9.999999587619536889e-01,1.000000000037474912e+00,0.000000000000000000e+00
0.000000000000000000e+00,1.000000000000000000e+00,4.539992976418620455e-05,9.990908465228237612e-01,9.990916719578841754e-01,4.539992789197947598e-05
1.000000000000000000e+00,0.000000000000000000e+00,4.539992976418620455e-05,9.990908465228237612e-01,9.990916719578841754e-01,4.539992789197947598e-05
1.001818308792181478e+00,1.001818308792181478e+00,0.000000000000000000e+00,1.000907502193244314e+00,1.000908329129200469e+00,4.548247898002986289e-05
2.202646579480671789e+04,2.202646579480671789e+04,1.000000000037474912e+00,0.000000000000000000e+00,2.200645853825658924e+04,9.999999587993773087e-01
2.202646488565286563e+04,2.202646488565286563e+04,9.999999587619536889e-01,2.200643944851217384e+04,0.000000000000000000e+00,9.999999175238578619e-01
1.000908328416618920e+00,1.000908328416618920e+00,4.544116781050351058e-05,9.999983491295042493e-01,9.999991753143308015e-01,0.000000000000000000e+00
0.000000000000000000e+00,1.000000000000000000e+00,9.981849914538160062e-01,4.539993163469088479e-05,4.539993163298953441e-05,9.990924958951478141e-01
1.000000000000000000e+00,0.000000000000000000e+00,9.981849914538160062e-01,4.539993163469088479e-05,4.539993163298953441e-05,9.990924958951478141e-01
2.202646579398127869e+04,2.202646579398127869e+04,0.000000000000000000e+00,1.000000041200607370e+00,1.000000041163132680e+00,2.200647668585785505e+04
1.000909980789375098e+00,1.000909980789375098e+00,9.990933206202814443e-01,0.000000000000000000e+00,4.544124469861449416e-05,1.000001650873221237e+00
1.000909153852054256e+00,1.000909153852054256e+00,9.990924951838588974e-01,4.544120715741956253e-05,0.000000000000000000e+00,1.000000824686349432e+00
2.202646670231085955e+04,2.202646670231085955e+04,2.198648847700392798e+04,1.000000082438708304e+00,1.000000082401233614e+00,0.000000000000000000e+00
0.000000000000000000e+00,4.539992976248484740e-05,4.539786870243863652e-05,9.990908465228237612e-01,9.990916719578841754e-01,9.990924958951478141e-01
1.000000000000000000e+00,0.000000000000000000e+00,4.539786870243863652e-05,9.990908465228237612e-01,9.990916719578841754e-01,9.990924958951478141e-01
1.001818308792181478e+00,4.548248085393639684e-05,0.000000000000000000e+00,1.000907502193244314e+00,1.000908329129200469e+00,1.000909154564636472e+00
2.202646488647754813e+04,9.999999587619194941e-01,9.999545608951827536e-01,0.000000000000000000e+00,2.200645763075248396e+04,2.200647577917768649e+04
2.202646488730298370e+04,9.999999587993942951e-01,9.999545609326557782e-01,2.200643945016079306e+04,0.000000000000000000e+00,2.200647578000237627e+04
1.000908328416618920e+00,4.544116780880061521e-05,4.543910487663499470e-05,9.999983491295042493e-01,9.999991753143308015e-01,0.000000000000000000e+00
0.000000000000000000e+00,4.539992976248484740e-05,9.981849914538160062e-01,4.539992976248484740e-05,9.990916719578841754e-01,4.539993163468933302e-05
2.202646579480671789e+04,0.000000000000000000e+00,2.198648757114691398e+04,1.000000000000000000e+00,2.200645853825658924e+04,1.000000041238047865e+00
2.202746579480465880e+04,1.000045399929669010e+00,0.000000000000000000e+00,1.000045399929669010e+00,2.200745762992648815e+04,1.000045441169589155e+00
1.000909980789375098e+00,4.544124282640768427e-05,9.990933206202814443e-01,0.000000000000000000e+00,1.000000826186190572e+00,4.544124470031583776e-05
1.000909153852054256e+00,4.544120528351140226e-05,9.990924951838588974e-01,4.544120528351140226e-05,0.000000000000000000e+00,4.544120715741800399e-05
1.000908328416618920e+00,4.544116780880061521e-05,9.990916712465959248e-01,4.544116780880061521e-05,9.999991753143308015e-01,0.000000000000000000e+00
0.000000000000000000e+00,1.000000000000000000e+00,4.539992602147341339e-05,4.539992788857987198e-05,4.539993163639068340e-05,4.539993163468933302e-05
2.202646579480671789e+04,0.000000000000000000e+00,9.999999175987396294e-01,9.999999587244959853e-01,1.000000041275522777e+00,1.000000041238047865e+00
1.001818308792181478e+00,1.001818308792181478e+00,0.000000000000000000e+00,4.548247897662407893e-05,4.548248273124956857e-05,4.548248272954512144e-05
2.202646579480671789e+04,2.202646579480671789e+04,9.999999175987396294e-01,0.000000000000000000e+00,1.000000041275522777e+00,1.000000041238047865e+00
1.000909153852054256e+00,1.000909153852054256e+00,4.544120153909881249e-05,4.544120340790275221e-05,0.000000000000000000e+00,4.544120715741800399e-05
2.202646488647830120e+04,2.202646488647830120e+04,9.999998763606967600e-01,9.999999174864514506e-01,1.000000000037474912e+00,0.000000000000000000e+00
0.000000000000000000e+00,4.539992976248484740e-05,4.539786870243863652e-05,4.539786870243865007e-05,4.539993163639068340e-05,9.990924958951478141e-01
1.000000000000000000e+00,0.000000000000000000e+00,4.539786870243863652e-05,4.539786870243865007e-05,4.539993163639068340e-05,9.990924958951478141e-01
2.202646760981541229e+04,1.000000082401267143e+00,0.000000000000000000e+00,9.999546845289176700e-01,1.000000123676793473e+00,2.200647850004410793e+04
2.202646670396023183e+04,1.000000041275505680e+00,9.999546434050229360e-01,0.000000000000000000e+00,1.000000082551030234e+00,2.200647759501099790e+04
2.202646488565286563e+04,9.999999587244788879e-01,9.999545608577438127e-01,9.999545608577440348e-01,0.000000000000000000e+00,2.200647577835374977e+04
2.202646488647830120e+04,9.999999587619536889e-01,9.999545608952169484e-01,9.999545608952171705e-01,1.000000000037474912e+00,0.000000000000000000e+00
0.000000000000000000e+00,4.539992976248484740e-05,4.539992976418620455e-05,4.539992976248484740e-05,9.990916719578841754e-01,4.539786870243865007e-05
2.202646579480671789e+04,0.000000000000000000e+00,1.000000000037474912e+00,1.000000000000000000e+00,2.200645853825658924e+04,9.999546021313913124e-01
2.202746579480465880e+04,1.000045399929669010e+00,0.000000000000000000e+00,1.000045399929669010e+00,2.200745762992648815e+04,1.000000000000000222e+00
2.202746579480465152e+04,1.000045399929668788e+00,1.000045399967145254e+00,0.000000000000000000e+00,2.200745762992648451e+04,1.000000000000000000e+00
2.202646488565286563e+04,9.999999587244788879e-01,9.999999587619536889e-01,9.999999587244788879e-01,0.000000000000000000e+00,9.999545608577440348e-01
1.000908328416618920e+00,4.544116780880061521e-05,4.544116781050351058e-05,4.544116780880061521e-05,9.999991753143308015e-01,0.000000000000000000e+00
0.000000000000000000e+00,1.000000000000000000e+00,4.539992602147341339e-05,4.539786870243865007e-05,4.539786870243863652e-05,4.539993163468933302e-05
1.000000000000000000e+00,0.000000000000000000e+00,9.999999175987396294e-01,9.999546021313913124e-01,9.999546021313910904e-01,1.000000041238047865e+00
9.999999999625251990e-01,2.202646579398127869e+04,0.000000000000000000e+00,9.999546020939181767e-01,9.999546020939179547e-01,1.000000041200573175e+00
1.000000000000000000e+00,2.202646579480671789e+04,9.999999175987396294e-01,0.000000000000000000e+00,9.999546021313910904e-01,1.000000041238047865e+00
4.544120528351140226e-05,1.000909153852054256e+00,4.544120153909881249e-05,4.543914234964451947e-05,0.000000000000000000e+00,4.544120715741800399e-05
1.000045399929668788e+00,2.202746579480465152e+04,1.000045317524667299e+00,1.000000000000000000e+00,9.999999999999997780e-01,0.000000000000000000e+00
0.000000000000000000e+00,2.202646579480671789e+04,9.999546021313913124e-01,9.999546021313913124e-01,1.000000041275522777e+00,2.200647668668254482e+04
1.000000000000000000e+00,0.000000000000000000e+00,4.539786870243865007e-05,4.539786870243865007e-05,4.539993163639068340e-05,9.990924958951478141e-01
2.202646760981541229e+04,2.202646760981541229e+04,0.000000000000000000e+00,9.999546845289176700e-01,1.000000123676793473e+00,2.200647850004410793e+04
2.202746579480465152e+04,2.202746579480465152e+04,1.000000000000000000e+00,0.000000000000000000e+00,1.000045441207065400e+00,2.200747577917637682e+04
2.202746579480465880e+04,2.202746579480465880e+04,1.000000000000000222e+00,1.000000000000000222e+00,0.000000000000000000e+00,2.200747577917638046e+04
2.202646488647830120e+04,2.202646488647830120e+04,9.999545608952171705e-01,9.999545608952171705e-01,1.000000000037474912e+00,0.000000000000000000e+00
0.000000000000000000e+00,4.539992976248484740e-05,4.539992976418620455e-05,4.539992976248484740e-05,4.539992789028121558e-05,4.539992789197947598e-05
4.539992976248484740e-05,0.000000000000000000e+00,4.539992976418620455e-05,4.539992976248484740e-05,4.539992789028121558e-05,4.539992789197947598e-05
1.000045399929668788e+00,1.000045399929668788e+00,0.000000000000000000e+00,1.000045399929668788e+00,1.000045358689767294e+00,1.000045358727175593e+00
1.000045399929668788e+00,1.000045399929668788e+00,1.000045399967145254e+00,0.000000000000000000e+00,1.000045358689767294e+00,1.000045358727175593e+00
9.999999587244788879e-01,9.999999587244788879e-01,9.999999587619536889e-01,9.999999587244788879e-01,0.000000000000000000e+00,9.999999175238578619e-01
4.544116780880061521e-05,4.544116780880061521e-05,4.544116781050351058e-05,4.544116780880061521e-05,4.544116593489640551e-05,0.000000000000000000e+00
0.000000000000000000e+00,2.202646579480671789e+04,9.999546021312976096e-01,1.000000041238082060e+00,1.000000041200607370e+00,9.999546021313913124e-01
2.202646579480671789e+04,0.000000000000000000e+00,9.999546021312976096e-01,1.000000041238082060e+00,1.000000041200607370e+00,9.999546021313913124e-01
2.202646579398127869e+04,2.202646579398127869e+04,0.000000000000000000e+00,1.000000041200607370e+00,1.000000041163132680e+00,9.999546020939181767e-01
2.202646579480671789e+04,2.202646579480671789e+04,9.999546021312976096e-01,0.000000000000000000e+00,1.000000041200607370e+00,9.999546021313913124e-01
2.202646670313479626e+04,2.202646670313479626e+04,9.999546433674564305e-01,1.000000082476114827e+00,0.000000000000000000e+00,9.999546433675501333e-01
2.202646670231085955e+04,2.202646670231085955e+04,9.999546433300515735e-01,1.000000082438708304e+00,1.000000082401233614e+00,0.000000000000000000e+00
0.000000000000000000e+00,1.000000000000000000e+00,4.539992976418310780e-05,4.539992976248484740e-05,4.539992976248484740e-05,4.539992789197947598e-05
1.000000000000000000e+00,0.000000000000000000e+00,4.539992976418310780e-05,4.539992976248484740e-05,4.539992976248484740e-05,4.539992789197947598e-05
2.202746579480671789e+04,2.202746579480671789e+04,0.000000000000000000e+00,1.000045399929762491e+00,1.000045399929762491e+00,1.000045358727269296e+00
2.202646488647754813e+04,2.202646488647754813e+04,9.999999587993262384e-01,0.000000000000000000e+00,9.999999587619194941e-01,9.999999175612985791e-01
2.202646488730298370e+04,2.202646488730298370e+04,9.999999588368009285e-01,9.999999587993942951e-01,0.000000000000000000e+00,9.999999175987732691e-01
2.202746579480465152e+04,2.202746579480465152e+04,1.000045399967077087e+00,1.000045399929668788e+00,1.000045399929668788e+00,0.000000000000000000e+00
0.000000000000000000e+00,1.000000000000000000e+00,4.539786870243863652e-05,4.539786870243865007e-05,4.539993163298953441e-05,9.990924958951478141e-01
4.539992976248484740e-05,0.000000000000000000e+00,4.539786870243863652e-05,4.539786870243865007e-05,4.539993163298953441e-05,9.990924958951478141e-01
9.999999999625933667e-01,2.202646579398278118e+04,0.000000000000000000e+00,9.999546020939863444e-01,1.000000041163200848e+00,2.200647668585935389e+04
1.000000000000000000e+00,2.202646579480671789e+04,9.999546021313910904e-01,0.000000000000000000e+00,1.000000041200607370e+00,2.200647668668254482e+04
1.000000000000000000e+00,2.202646579480671789e+04,9.999546021313910904e-01,9.999546021313913124e-01,0.000000000000000000e+00,2.200647668668254482e+04
1.000000041200624468e+00,2.202646670231085955e+04,9.999546433301450543e-01,9.999546433301452764e-01,1.000000082401233614e+00,0.000000000000000000e+00
0.000000000000000000e+00,2.202646579480671789e+04,9.999546021313913124e-01,9.999546021313910904e-01,2.200645853825658924e+04,2.200647668668254482e+04
1.000000000000000000e+00,0.000000000000000000e+00,4.539786870243865007e-05,4.539786870243863652e-05,9.990916719578841754e-01,9.990924958951478141e-01
2.202746579480465880e+04,2.202746579480465880e+04,0.000000000000000000e+00,1.000000000000000000e+00,2.200745762992648815e+04,2.200747577917638046e+04
2.202746579480465152e+04,2.202746579480465152e+04,1.000000000000000000e+00,0.000000000000000000e+00,2.200745762992648451e+04,2.200747577917637682e+04
2.202646488730298370e+04,2.202646488730298370e+04,9.999545609326560003e-01,9.999545609326557782e-01,0.000000000000000000e+00,2.200647578000237627e+04
1.000908328416618920e+00,1.000908328416618920e+00,4.543910487663500148e-05,4.543910487663499470e-05,9.999991753143308015e-01,0.000000000000000000e+00
0.000000000000000000e+00,1.000000000000000000e+00,4.539992602147341339e-05,4.539992976248484740e-05,9.990916719578841754e-01,9.990924958951478141e-01
1.000000000000000000e+00,0.000000000000000000e+00,4.539992602147341339e-05,4.539992976248484740e-05,9.990916719578841754e-01,9.990924958951478141e-01
2.202746579480465152e+04,2.202746579480465152e+04,0.000000000000000000e+00,1.000045399929668788e+00,2.200745762992648451e+04,2.200747577917637682e+04
2.202746579480465880e+04,2.202746579480465880e+04,1.000045317524667521e+00,0.000000000000000000e+00,2.200745762992648815e+04,2.200747577917638046e+04
1.000909153852054256e+00,1.000909153852054256e+00,4.544120153909881249e-05,4.544120528351140226e-05,0.000000000000000000e+00,1.000000824686349432e+00
1.000908328416618920e+00,1.000908328416618920e+00,4.544116406439110864e-05,4.544116780880061521e-05,9.999991753143308015e-01,0.000000000000000000e+00
0.000000000000000000e+00,1.000000000000000000e+00,4.539992602147341339e-05,4.539993163128972224e-05,4.539992789028121558e-05,4.539992789197947598e-05
1.000000000000000000e+00,0.000000000000000000e+00,4.539992602147341339e-05,4.539993163128972224e-05,4.539992789028121558e-05,4.539992789197947598e-05
2.202646760981541229e+04,2.202646760981541229e+04,0.000000000000000000e+00,1.000000123564437349e+00,1.000000041163234599e+00,1.000000041200641121e+00
2.202646579480671789e+04,2.202646579480671789e+04,9.999999175987396294e-01,0.000000000000000000e+00,9.999999587619707864e-01,9.999999587993773087e-01
1.000909153852054256e+00,1.000909153852054256e+00,4.544120153909881249e-05,4.544120715401531001e-05,0.000000000000000000e+00,4.544120341130545297e-05
1.000908328416618920e+00,1.000908328416618920e+00,4.544116406439110864e-05,4.544116967930297797e-05,4.544116593489640551e-05,0.000000000000000000e+00
0.000000000000000000e+00,1.000000000000000000e+00,4.539992976078505556e-05,4.539993163128972224e-05,4.539993163298953441e-05,9.990924958951478141e-01
4.539992976248484740e-05,0.000000000000000000e+00,4.539992976078505556e-05,4.539993163128972224e-05,4.539993163298953441e-05,9.990924958951478141e-01
1.000000082401267143e+00,2.202646760981541229e+04,0.000000000000000000e+00,1.000000123564437349e+00,1.000000123601878066e+00,2.200647850004410793e+04
9.999999588368350123e-01,2.202646488812767348e+04,9.999999587993945172e-01,0.000000000000000000e+00,1.000000000037440717e+00,2.200647578082631298e+04
1.000000041238030990e+00,2.202646670313479626e+04,1.000000041200590495e+00,1.000000082401199419e+00,0.000000000000000000e+00,2.200647759418631176e+04
1.000000041200624468e+00,2.202646670231085955e+04,1.000000041163183750e+00,1.000000082363792675e+00,1.000000082401233614e+00,0.000000000000000000e+00
0.000000000000000000e+00,1.000000000000000000e+00,9.999546021312976096e-01,1.000000041238013893e+00,2.200645853825658924e+04,2.200647668668254482e+04
4.539992976248484740e-05,0.000000000000000000e+00,4.539786870243439458e-05,4.539993163468778804e-05,9.990916719578841754e-01,9.990924958951478141e-01
1.000000000037440495e+00,1.000000000037440495e+00,0.000000000000000000e+00,1.000000041275454610e+00,2.200645853908052231e+04,2.200647668750647790e+04
9.999999588368350123e-01,9.999999588368350123e-01,9.999545609700013493e-01,0.000000000000000000e+00,2.200645763240110682e+04,2.200647578082631298e+04
9.999999587993942951e-01,9.999999587993942951e-01,9.999545609325622975e-01,1.000000000037406522e+00,0.000000000000000000e+00,2.200647578000237627e+04
4.544116780880061521e-05,4.544116780880061521e-05,4.543910487663074598e-05,4.544116968270412696e-05,9.999991753143308015e-01,0.000000000000000000e+00
0.000000000000000000e+00,1.000000000000000000e+00,9.999999999625253100e-01,1.000000000000000000e+00,2.200645853825658924e+04,1.000000041238047865e+00
1.000000000000000000e+00,0.000000000000000000e+00,9.999999999625253100e-01,1.000000000000000000e+00,2.200645853825658924e+04,1.000000041238047865e+00
1.000045399929762491e+00,1.000045399929762491e+00,0.000000000000000000e+00,1.000045399929762491e+00,2.200745762992854725e+04,1.000045441169682636e+00
9.999999587619876618e-01,9.999999587619876618e-01,9.999999587245129717e-01,0.000000000000000000e+00,2.200645763075398281e+04,1.000000000000033973e+00
4.544120528351140226e-05,4.544120528351140226e-05,4.544120528180850690e-05,4.544120528351140226e-05,0.000000000000000000e+00,4.544120715741800399e-05
4.544116780880061521e-05,4.544116780880061521e-05,4.544116780709771985e-05,4.544116780880061521e-05,9.999991753143308015e-01,0.000000000000000000e+00
0.000000000000000000e+00,1.000000000000000000e+00,9.999546021313910904e-01,1.000000041238013893e+00,1.000000041275522777e+00,1.000000041238047865e+00
1.000000000000000000e+00,0.000000000000000000e+00,9.999546021313910904e-01,1.000000041238013893e+00,1.000000041275522777e+00,1.000000041238047865e+00
1.000000000037474690e+00,1.000000000037474690e+00,0.000000000000000000e+00,1.000000041275488805e+00,1.000000041312997467e+00,1.000000041275522777e+00
1.000000000000000000e+00,1.000000000000000000e+00,9.999546021313910904e-01,0.000000000000000000e+00,1.000000041275522777e+00,1.000000041238047865e+00
4.544120528351140226e-05,4.544120528351140226e-05,4.543914234964451269e-05,4.544120715741645900e-05,0.000000000000000000e+00,4.544120715741800399e-05
9.999999587619536889e-01,9.999999587619536889e-01,9.999545608952169484e-01,9.999999999999660272e-01,1.000000000037474912e+00,0.000000000000000000e+00
0.000000000000000000e+00,2.202646579480671789e+04,9.999546021312976096e-01,9.999546021313910904e-01,1.000000041275522777e+00,9.999546021313913124e-01
1.000000000000000000e+00,0.000000000000000000e+00,9.999546021312976096e-01,9.999546021313910904e-01,1.000000041275522777e+00,9.999546021313913124e-01
1.000045399929669010e+00,2.202746579480465880e+04,0.000000000000000000e+00,1.000000000000000000e+00,1.000045441207065622e+00,1.000000000000000222e+00
9.999999587619876618e-01,2.202646488647905062e+04,9.999545608951574405e-01,0.000000000000000000e+00,1.000000000037508885e+00,9.999545608952511433e-01
9.999999587244788879e-01,2.202646488565286563e+04,9.999545608576503319e-01,9.999545608577438127e-01,0.000000000000000000e+00,9.999545608577440348e-01
9.999999587619536889e-01,2.202646488647830120e+04,9.999545608951234676e-01,9.999545608952169484e-01,1.000000000037474912e+00,0.000000000000000000e+00
0.000000000000000000e+00,2.202646579480671789e+04,9.999546021313913124e-01,9.999546021313910904e-01,1.000000000000000000e+00,2.200647668668254482e+04
1.000000000000000000e+00,0.000000000000000000e+00,4.539786870243865007e-05,4.539786870243863652e-05,4.539992976248484740e-05,9.990924958951478141e-01
2.202746579480671789e+04,2.202746579480671789e+04,0.000000000000000000e+00,1.000000000000093481e+00,1.000045399929762491e+00,2.200747577917843955e+04
2.202746579480465880e+04,2.202746579480465880e+04,1.000000000000000222e+00,0.000000000000000000e+00,1.000045399929669010e+00,2.200747577917638046e+04
2.202646488565286563e+04,2.202646488565286563e+04,9.999545608577440348e-01,9.999545608577438127e-01,0.000000000000000000e+00,2.200647577835374977e+04
2.202746579480465152e+04,2.202746579480465152e+04,1.000000000000000000e+00,9.999999999999997780e-01,1.000045399929668788e+00,0.000000000000000000e+00
0.000000000000000000e+00,1.000000000000000000e+00,4.539992976248484740e-05,4.539992976248484740e-05,9.990916719578841754e-01,9.990924958951478141e-01
1.000000000000000000e+00,0.000000000000000000e+00,4.539992976248484740e-05,4.539992976248484740e-05,9.990916719578841754e-01,9.990924958951478141e-01
2.202746579480465152e+04,2.202746579480465152e+04,0.000000000000000000e+00,1.000045399929668788e+00,2.200745762992648451e+04,2.200747577917637682e+04
2.202746579480465880e+04,2.202746579480465880e+04,1.000045399929669010e+00,0.000000000000000000e+00,2.200745762992648815e+04,2.200747577917638046e+04
2.202646579480671789e+04,2.202646579480671789e+04,1.000000000000000000e+00,1.000000000000000000e+00,0.000000000000000000e+00,2.200647668668254482e+04
1.000908328416618920e+00,1.000908328416618920e+00,4.544116780880061521e-05,4.544116780880061521e-05,9.999991753143308015e-01,0.000000000000000000e+00
0.000000000000000000e+00,1.000000000000000000e+00,9.981849914538160062e-01,4.539786870243865007e-05,9.990916719578841754e-01,9.990924958951478141e-01
1.000000000000000000e+00,0.000000000000000000e+00,9.981849914538160062e-01,4.539786870243865007e-05,9.990916719578841754e-01,9.990924958951478141e-01
2.202646579480671789e+04,2.202646579480671789e+04,0.000000000000000000e+00,9.999546021313913124e-01,2.200645853825658924e+04,2.200647668668254482e+04
2.202646579480671789e+04,2.202646579480671789e+04,2.198648757114691398e+04,0.000000000000000000e+00,2.200645853825658924e+04,2.200647668668254482e+04
1.000909153852054256e+00,1.000909153852054256e+00,9.990924951838588974e-01,4.543914234964451947e-05,0.000000000000000000e+00,1.000000824686349432e+00
1.000908328416618920e+00,1.000908328416618920e+00,9.990916712465959248e-01,4.543910487663500148e-05,9.999991753143308015e-01,0.000000000000000000e+00
0.000000000000000000e+00,4.539992976248484740e-05,9.981849914538160062e-01,4.539992788857987198e-05,9.990916719578841754e-01,4.539992789197947598e-05
1.000000000000000000e+00,0.000000000000000000e+00,9.981849914538160062e-01,4.539992788857987198e-05,9.990916719578841754e-01,4.539992789197947598e-05
1.001818308792181478e+00,4.548248085393639684e-05,0.000000000000000000e+00,4.548247897662407893e-05,1.000908329129200469e+00,4.548247898002986289e-05
2.202746579480465152e+04,1.000045399929668788e+00,2.198748575613630601e+04,0.000000000000000000e+00,2.200745762992648451e+04,1.000045358727175593e+00
1.000909153852054256e+00,4.544120528351140226e-05,9.990924951838588974e-01,4.544120340790275221e-05,0.000000000000000000e+00,4.544120341130545297e-05
1.000908328416618920e+00,4.544116780880061521e-05,9.990916712465959248e-01,4.544116593319351015e-05,9.999991753143308015e-01,0.000000000000000000e+00
0.000000000000000000e+00,4.539992976248484740e-05,9.981849914538160062e-01,9.990908465228237612e-01,4.539993163298953441e-05,4.539786870243865007e-05
1.000000000000000000e+00,0.000000000000000000e+00,2.198648757114691398e+04,2.200644035683946640e+04,1.000000041200607370e+00,9.999546021313913124e-01
4.548248085393639684e-05,4.548248085393639684e-05,0.000000000000000000e+00,1.000907502193244314e+00,4.548248272784223285e-05,4.548041604624659240e-05
1.000000041275505680e+00,1.000000041275505680e+00,2.198648847865030621e+04,0.000000000000000000e+00,1.000000082476114827e+00,9.999546434050231580e-01
4.544120528351140226e-05,4.544120528351140226e-05,9.990924951838588974e-01,9.999991738144921039e-01,0.000000000000000000e+00,4.543914234964451947e-05
1.000000041200624468e+00,1.000000041200624468e+00,2.198648847700392798e+04,2.200644126351855084e+04,1.000000082401233614e+00,0.000000000000000000e+00
0.000000000000000000e+00,2.202646579480671789e+04,9.999546021313913124e-01,9.999999587244959853e-01,9.999546021313910904e-01,9.999546021313913124e-01
2.202646579480671789e+04,0.000000000000000000e+00,9.999546021313913124e-01,9.999999587244959853e-01,9.999546021313910904e-01,9.999546021313913124e-01
1.001818308792181478e+00,1.001818308792181478e+00,0.000000000000000000e+00,4.548247897662407893e-05,4.548041604624657885e-05,4.548041604624659240e-05
1.000909980789375098e+00,1.000909980789375098e+00,4.543917989083643566e-05,0.000000000000000000e+00,4.543917989083642888e-05,4.543917989083643566e-05
2.202646488730298370e+04,2.202646488730298370e+04,9.999545609326560003e-01,9.999999175238920568e-01,0.000000000000000000e+00,9.999545609326560003e-01
2.202746579480465152e+04,2.202746579480465152e+04,1.000000000000000000e+00,1.000045358652290828e+00,9.999999999999997780e-01,0.000000000000000000e+00
0.000000000000000000e+00,1.000000000000000000e+00,4.539992789197948276e-05,4.539786870243863652e-05,4.539992976248484740e-05,9.990924958951478141e-01
1.000000000000000000e+00,0.000000000000000000e+00,4.539992789197948276e-05,4.539786870243863652e-05,4.539992976248484740e-05,9.990924958951478141e-01
2.202746579480465152e+04,2.202746579480465152e+04,0.000000000000000000e+00,9.999999999999997780e-01,1.000045399929668788e+00,2.200747577917637682e+04
2.202646670396023183e+04,2.202646670396023183e+04,1.000000000074881434e+00,0.000000000000000000e+00,1.000000041275505680e+00,2.200647759501099790e+04
2.202746579480465880e+04,2.202746579480465880e+04,1.000045358727176037e+00,1.000000000000000000e+00,0.000000000000000000e+00,2.200747577917638046e+04
2.202746579480465152e+04,2.202746579480465152e+04,1.000045358727175815e+00,9.999999999999997780e-01,1.000045399929668788e+00,0.000000000000000000e+00
0.000000000000000000e+00,4.539992976248484740e-05,4.539786870243863652e-05,4.539993163298953441e-05,4.539992789028121558e-05,4.539992789197947598e-05
1.000000000000000000e+00,0.000000000000000000e+00,4.539786870243863652e-05,4.539993163298953441e-05,4.539992789028121558e-05,4.539992789197947598e-05
2.202646670231085591e+04,1.000000041200624246e+00,0.000000000000000000e+00,1.000000082401233392e+00,9.999999999625932556e-01,9.999999999999997780e-01
2.202746579480465880e+04,1.000045399929669010e+00,1.000000000000000000e+00,0.000000000000000000e+00,1.000045358689767516e+00,1.000045358727175815e+00
2.202646579480671789e+04,1.000000000000000000e+00,9.999546021313910904e-01,1.000000041200607370e+00,0.000000000000000000e+00,9.999999587993773087e-01
1.000908328416618920e+00,4.544116780880061521e-05,4.543910487663499470e-05,4.544116968100432835e-05,4.544116593489640551e-05,0.000000000000000000e+00
0.000000000000000000e+00,1.000000000000000000e+00,4.539786870243863652e-05,4.539992976248484740e-05,4.539786870243865007e-05,4.539993163468933302e-05
1.000000000000000000e+00,0.000000000000000000e+00,9.999546021313910904e-01,1.000000000000000000e+00,9.999546021313913124e-01,1.000000041238047865e+00
1.000045399929669010e+00,2.202746579480465880e+04,0.000000000000000000e+00,1.000045399929669010e+00,1.000000000000000222e+00,1.000045441169589155e+00
9.999999587993942951e-01,2.202646488730298370e+04,9.999545609326557782e-01,0.000000000000000000e+00,9.999545609326560003e-01,1.000000000037440495e+00
1.000000041238030990e+00,2.202646670313479626e+04,9.999546433675499113e-01,1.000000041238030990e+00,0.000000000000000000e+00,1.000000082476080632e+00
1.000000041200624468e+00,2.202646670231085955e+04,9.999546433301450543e-01,1.000000041200624468e+00,9.999546433301452764e-01,0.000000000000000000e+00
0.000000000000000000e+00,2.202646579480671789e+04,9.999546021312976096e-01,1.000000000000000000e+00,9.999546021313913124e-01,9.999999587993773087e-01
1.000000000000000000e+00,0.000000000000000000e+00,4.539786870243439458e-05,4.539992976248484740e-05,4.539786870243865007e-05,4.539992789197947598e-05
2.202746579480465880e+04,2.202746579480465880e+04,0.000000000000000000e+00,1.000045399929669010e+00,1.000000000000000222e+00,1.000045358727175815e+00
2.202646579480671789e+04,2.202646579480671789e+04,9.999546021312976096e-01,0.000000000000000000e+00,9.999546021313913124e-01,9.999999587993773087e-01
2.202746579480465152e+04,2.202746579480465152e+04,9.999999999999062972e-01,1.000045399929668788e+00,0.000000000000000000e+00,1.000045358727175593e+00
2.202646488647830120e+04,2.202646488647830120e+04,9.999545608951234676e-01,9.999999587619536889e-01,9.999545608952171705e-01,0.000000000000000000e+00
0.000000000000000000e+00,1.000000000000000000e+00,4.539992789197948276e-05,4.539992976248484740e-05,4.539993163298953441e-05,9.990924958951478141e-01
1.000000000000000000e+00,0.000000000000000000e+00,4.539992789197948276e-05,4.539992976248484740e-05,4.539993163298953441e-05,9.990924958951478141e-01
2.202746579480671789e+04,2.202746579480671789e+04,0.000000000000000000e+00,1.000045399929762491e+00,1.000045441132240365e+00,2.200747577917843955e+04
2.202646579480671789e+04,2.202646579480671789e+04,9.999999587993775307e-01,0.000000000000000000e+00,1.000000041200607370e+00,2.200647668668254482e+04
2.202746579480465152e+04,2.202746579480465152e+04,1.000045358727175815e+00,1.000045399929668788e+00,0.000000000000000000e+00,2.200747577917637682e+04
2.202646670231085955e+04,2.202646670231085955e+04,1.000000000000000222e+00,1.000000041200624468e+00,1.000000082401233614e+00,0.000000000000000000e+00
0.000000000000000000e+00,1.000000000000000000e+00,4.539786870243863652e-05,4.539993163298953441e-05,4.539992789028121558e-05,9.990924958951478141e-01
1.000000000000000000e+00,0.000000000000000000e+00,4.539786870243863652e-05,4.539993163298953441e-05,4.539992789028121558e-05,9.990924958951478141e-01
2.202646670231085591e+04,2.202646670231085591e+04,0.000000000000000000e+00,1.000000082401233392e+00,9.999999999625932556e-01,2.200647759336312083e+04
2.202646579480671789e+04,2.202646579480671789e+04,9.999546021313910904e-01,0.000000000000000000e+00,9.999999587619707864e-01,2.200647668668254482e+04
2.202646488730298370e+04,2.202646488730298370e+04,9.999545609326557782e-01,1.000000000000000000e+00,0.000000000000000000e+00,2.200647578000237627e+04
1.000908328416618920e+00,1.000908328416618920e+00,4.543910487663499470e-05,4.544116968100432835e-05,4.544116593489640551e-05,0.000000000000000000e+00
0.000000000000000000e+00,1.000000000000000000e+00,4.539786870243863652e-05,4.539786870243863652e-05,9.990916719578841754e-01,9.990924958951478141e-01
1.000000000000000000e+00,0.000000000000000000e+00,4.539786870243863652e-05,4.539786870243863652e-05,9.990916719578841754e-01,9.990924958951478141e-01
2.202746579480465880e+04,2.202746579480465880e+04,0.000000000000000000e+00,1.000000000000000000e+00,2.200745762992648815e+04,2.200747577917638046e+04
2.202646488730298370e+04,2.202646488730298370e+04,9.999545609326557782e-01,0.000000000000000000e+00,2.200645763157717010e+04,2.200647578000237627e+04
2.202646670313479626e+04,2.202646670313479626e+04,9.999546433675499113e-01,9.999546433675499113e-01,0.000000000000000000e+00,2.200647759418631176e+04
1.000908328416618920e+00,1.000908328416618920e+00,4.543910487663499470e-05,4.543910487663499470e-05,9.999991753143308015e-01,0.000000000000000000e+00
0.000000000000000000e+00,1.000000000000000000e+00,9.981849914538160062e-01,4.539992976248484740e-05,9.990916719578841754e-01,9.990924958951478141e-01
1.000000000000000000e+00,0.000000000000000000e+00,9.981849914538160062e-01,4.539992976248484740e-05,9.990916719578841754e-01,9.990924958951478141e-01
2.202746579480465880e+04,2.202746579480465880e+04,0.000000000000000000e+00,1.000045399929669010e+00,2.200745762992648815e+04,2.200747577917638046e+04
2.202746579480465880e+04,2.202746579480465880e+04,2.198748575613630965e+04,0.000000000000000000e+00,2.200745762992648815e+04,2.200747577917638046e+04
1.000909153852054256e+00,1.000909153852054256e+00,9.990924951838588974e-01,4.544120528351140226e-05,0.000000000000000000e+00,1.000000824686349432e+00
1.000908328416618920e+00,1.000908328416618920e+00,9.990916712465959248e-01,4.544116780880061521e-05,9.999991753143308015e-01,0.000000000000000000e+00
0.000000000000000000e+00,4.539992976248484740e-05,4.539992602147341339e-05,9.990908465228237612e-01,9.990916719578841754e-01,9.990924958951478141e-01
1.000000000000000000e+00,0.000000000000000000e+00,4.539992602147341339e-05,9.990908465228237612e-01,9.990916719578841754e-01,9.990924958951478141e-01
1.001818308792181478e+00,4.548248085393639684e-05,0.000000000000000000e+00,1.000907502193244314e+00,1.000908329129200469e+00,1.000909154564636472e+00
2.202646579480671789e+04,1.000000000000000000e+00,9.999999175987396294e-01,0.000000000000000000e+00,2.200645853825658924e+04,2.200647668668254482e+04
1.000909153852054256e+00,4.544120528351140226e-05,4.544120153909881249e-05,9.999991738144921039e-01,0.000000000000000000e+00,1.000000824686349432e+00
1.000908328416618920e+00,4.544116780880061521e-05,4.544116406439110864e-05,9.999983491295042493e-01,9.999991753143308015e-01,0.000000000000000000e+00
0.000000000000000000e+00,1.000000000000000000e+00,9.981849914538160062e-01,4.539786870243865007e-05,4.539992789028121558e-05,4.539993163468933302e-05
2.202646579480671789e+04,0.000000000000000000e+00,2.198648757114691398e+04,9.999546021313913124e-01,9.999999587619707864e-01,1.000000041238047865e+00
2.202646760981541229e+04,2.202646760981541229e+04,0.000000000000000000e+00,9.999546845289176700e-01,1.000000041163234599e+00,1.000000123639318561e+00
1.000909980789375098e+00,1.000909980789375098e+00,9.990933206202814443e-01,0.000000000000000000e+00,4.544124095250038459e-05,4.544124470031583776e-05
1.000909153852054256e+00,1.000909153852054256e+00,9.990924951838588974e-01,4.543914234964451947e-05,0.000000000000000000e+00,4.544120715741800399e-05
1.000908328416618920e+00,1.000908328416618920e+00,9.990916712465959248e-01,4.543910487663500148e-05,4.544116593489640551e-05,0.000000000000000000e+00
0.000000000000000000e+00,4.539992976248484740e-05,4.539992976078505556e-05,4.539992788857987198e-05,4.539786870243865007e-05,4.539992789197947598e-05
1.000000000000000000e+00,0.000000000000000000e+00,4.539992976078505556e-05,4.539992788857987198e-05,4.539786870243865007e-05,4.539992789197947598e-05
1.001818308792181478e+00,4.548248085393639684e-05,0.000000000000000000e+00,4.548247897662407893e-05,4.548041604624659240e-05,4.548247898002986289e-05
2.202746579480465152e+04,1.000045399929668788e+00,1.000045399892226516e+00,0.000000000000000000e+00,1.000000000000000000e+00,1.000045358727175593e+00
2.202646670313479626e+04,1.000000041238030990e+00,1.000000041200590495e+00,9.999999999625253100e-01,0.000000000000000000e+00,1.000000000037406522e+00
2.202646488647830120e+04,9.999999587619536889e-01,9.999999587245131938e-01,9.999999174864514506e-01,9.999545608952171705e-01,0.000000000000000000e+00
0.000000000000000000e+00,1.000000000000000000e+00,4.539786870243863652e-05,4.539993163468778804e-05,4.539993163298953441e-05,4.539993163468933302e-05
2.202646579480671789e+04,0.000000000000000000e+00,9.999546021313910904e-01,1.000000041238013893e+00,1.000000041200607370e+00,1.000000041238047865e+00
2.202646579563140040e+04,2.202646579563140040e+04,0.000000000000000000e+00,1.000000041275454610e+00,1.000000041238047865e+00,1.000000041275488583e+00
2.202646670396023183e+04,2.202646670396023183e+04,9.999546434050229360e-01,0.000000000000000000e+00,1.000000082476114827e+00,1.000000082513555322e+00
2.202746579480465152e+04,2.202746579480465152e+04,9.999999999999997780e-01,1.000045441169554961e+00,0.000000000000000000e+00,1.000045441169588933e+00
2.202646670231085955e+04,2.202646670231085955e+04,9.999546433301450543e-01,1.000000082438640137e+00,1.000000082401233614e+00,0.000000000000000000e+00
0.000000000000000000e+00,1.000000000000000000e+00,4.539992976418310780e-05,4.539786870243863652e-05,4.539993163639068340e-05,4.539992789197947598e-05
1.000000000000000000e+00,0.000000000000000000e+00,4.539992976418310780e-05,4.539786870243863652e-05,4.539993163639068340e-05,4.539992789197947598e-05
2.202746579480465880e+04,2.202746579480465880e+04,0.000000000000000000e+00,1.000000000000000000e+00,1.000045441207065622e+00,1.000045358727175815e+00
2.202646488647905062e+04,2.202646488647905062e+04,9.999999587993944061e-01,0.000000000000000000e+00,1.000000000037508885e+00,9.999999175613667468e-01
2.202646488730298370e+04,2.202646488730298370e+04,9.999999588368009285e-01,9.999545609326557782e-01,0.000000000000000000e+00,9.999999175987732691e-01
2.202646488647830120e+04,2.202646488647830120e+04,9.999999587993604333e-01,9.999545608952169484e-01,1.000000000037474912e+00,0.000000000000000000e+00
0.000000000000000000e+00,1.000000000000000000e+00,4.539786870243863652e-05,4.539993163469087124e-05,4.539993163298953441e-05,9.990924958951478141e-01
1.000000000000000000e+00,0.000000000000000000e+00,4.539786870243863652e-05,4.539993163469087124e-05,4.539993163298953441e-05,9.990924958951478141e-01
2.202646579398278118e+04,2.202646579398278118e+04,0.000000000000000000e+00,1.000000041200675316e+00,1.000000041163200848e+00,2.200647668585935389e+04
2.202746579480465880e+04,2.202746579480465880e+04,1.000000000000000000e+00,0.000000000000000000e+00,1.000045441132146884e+00,2.200747577917638046e+04
2.202646488565286563e+04,2.202646488565286563e+04,9.999545608577438127e-01,9.999999999625591718e-01,0.000000000000000000e+00,2.200647577835374977e+04
2.202646670231085955e+04,2.202646670231085955e+04,9.999546433301450543e-01,1.000000082438708082e+00,1.000000082401233614e+00,0.000000000000000000e+00
0.000000000000000000e+00,1.000000000000000000e+00,4.539992976418310780e-05,4.539786870243863652e-05,9.990916719578841754e-01,4.539992789197947598e-05
1.000000000000000000e+00,0.000000000000000000e+00,4.539992976418310780e-05,4.539786870243863652e-05,9.990916719578841754e-01,4.539992789197947598e-05
2.202746579480465880e+04,2.202746579480465880e+04,0.000000000000000000e+00,1.000000000000000000e+00,2.200745762992648815e+04,1.000045358727175815e+00
2.202646488647755541e+04,2.202646488647755541e+04,9.999999587993264605e-01,0.000000000000000000e+00,2.200645763075248760e+04,9.999999175612988012e-01
2.202646488730298370e+04,2.202646488730298370e+04,9.999999588368009285e-01,9.999545609326557782e-01,0.000000000000000000e+00,9.999999175987732691e-01
1.000908328416618920e+00,1.000908328416618920e+00,4.544116781050041383e-05,4.543910487663499470e-05,9.999991753143308015e-01,0.000000000000000000e+00
0.000000000000000000e+00,1.000000000000000000e+00,9.981849914538160062e-01,4.539993163469087124e-05,4.539786870243865007e-05,9.990924958951478141e-01
1.000000000000000000e+00,0.000000000000000000e+00,9.981849914538160062e-01,4.539993163469087124e-05,4.539786870243865007e-05,9.990924958951478141e-01
2.202646579398278118e+04,2.202646579398278118e+04,0.000000000000000000e+00,1.000000041200675316e+00,9.999546020939863444e-01,2.200647668585935389e+04
2.202746579480465880e+04,2.202746579480465880e+04,2.198748575613630965e+04,0.000000000000000000e+00,1.000000000000000222e+00,2.200747577917638046e+04
1.000909153852054256e+00,1.000909153852054256e+00,9.990924951838588974e-01,4.544120715741954897e-05,0.000000000000000000e+00,1.000000824686349432e+00
2.202646670231085955e+04,2.202646670231085955e+04,2.198648847700392798e+04,1.000000082438708082e+00,9.999546433301452764e-01,0.000000000000000000e+00
0.000000000000000000e+00,1.000000000000000000e+00,4.539992789197948276e-05,4.539992788857987198e-05,9.990916719578841754e-01,4.539992789197947598e-05
1.000000000000000000e+00,0.000000000000000000e+00,4.539992789197948276e-05,4.539992788857987198e-05,9.990916719578841754e-01,4.539992789197947598e-05
1.001818308792181478e+00,1.001818308792181478e+00,0.000000000000000000e+00,4.548247897662407893e-05,1.000908329129200469e+00,4.548247898002986289e-05
2.202646488647755541e+04,2.202646488647755541e+04,9.999999175612990232e-01,0.000000000000000000e+00,2.200645763075248760e+04,9.999999175612988012e-01
2.202746579480465152e+04,2.202746579480465152e+04,1.000045358727175815e+00,1.000045358652290828e+00,0.000000000000000000e+00,1.000045358727175593e+00
1.000908328416618920e+00,1.000908328416618920e+00,4.544116593659621090e-05,4.544116593319351015e-05,9.999991753143308015e-01,0.000000000000000000e+00
0.000000000000000000e+00,4.539992976248484740e-05,4.539992602147341339e-05,4.539786870243865007e-05,4.539993163298953441e-05,9.990924958951478141e-01
1.000000000000000000e+00,0.000000000000000000e+00,4.539992602147341339e-05,4.539786870243865007e-05,4.539993163298953441e-05,9.990924958951478141e-01
2.202646670231085591e+04,1.000000041200624246e+00,0.000000000000000000e+00,9.999546433301450543e-01,1.000000082401233392e+00,2.200647759336312083e+04
2.202646670396023183e+04,1.000000041275505680e+00,9.999999588742418677e-01,0.000000000000000000e+00,1.000000082476114827e+00,2.200647759501099790e+04
1.000909153852054256e+00,4.544120528351140226e-05,4.544120153909881249e-05,4.543914234964451947e-05,0.000000000000000000e+00,1.000000824686349432e+00
2.202646670231085955e+04,1.000000041200624468e+00,9.999999587993605443e-01,9.999546433301452764e-01,1.000000082401233614e+00,0.000000000000000000e+00
0.000000000000000000e+00,4.539992976248484740e-05,4.539786870243863652e-05,4.539993163128972224e-05,4.539992789028121558e-05,4.539993163468933302e-05
2.202646579480671789e+04,0.000000000000000000e+00,9.999546021313910904e-01,1.000000041163166653e+00,9.999999587619707864e-01,1.000000041238047865e+00
2.202646760981541229e+04,1.000000082401267143e+00,0.000000000000000000e+00,1.000000123564437349e+00,1.000000041163234599e+00,1.000000123639318561e+00
2.202746579480465152e+04,1.000045399929668788e+00,9.999999999999997780e-01,0.000000000000000000e+00,1.000045358689767294e+00,1.000045441169588933e+00
2.202646488730298370e+04,9.999999587993942951e-01,9.999545609326557782e-01,9.999999999625592828e-01,0.000000000000000000e+00,1.000000000037440495e+00
1.000908328416618920e+00,4.544116780880061521e-05,4.543910487663499470e-05,4.544116967930297797e-05,4.544116593489640551e-05,0.000000000000000000e+00
0.000000000000000000e+00,1.000000000000000000e+00,4.539992976078505556e-05,4.539992976248484740e-05,4.539786870243865007e-05,4.539993163468933302e-05
2.202646579480671789e+04,0.000000000000000000e+00,9.999999999625595049e-01,1.000000000000000000e+00,9.999546021313913124e-01,1.000000041238047865e+00
2.202746579480465880e+04,2.202746579480465880e+04,0.000000000000000000e+00,1.000045399929669010e+00,1.000000000000000222e+00,1.000045441169589155e+00
2.202646488812767348e+04,2.202646488812767348e+04,9.999999587993945172e-01,0.000000000000000000e+00,9.999545609700950521e-01,1.000000000074881212e+00
2.202646670313479626e+04,2.202646670313479626e+04,1.000000041200590495e+00,1.000000041238030990e+00,0.000000000000000000e+00,1.000000082476080632e+00
2.202646488647830120e+04,2.202646488647830120e+04,9.999999587245131938e-01,9.999999587619536889e-01,9.999545608952171705e-01,0.000000000000000000e+00
0.000000000000000000e+00,1.000000000000000000e+00,4.539786870243863652e-05,4.539993163468778804e-05,4.539993163639068340e-05,9.990924958951478141e-01
1.000000000000000000e+00,0.000000000000000000e+00,4.539786870243863652e-05,4.539993163468778804e-05,4.539993163639068340e-05,9.990924958951478141e-01
2.202646579563140040e+04,2.202646579563140040e+04,0.000000000000000000e+00,1.000000041275454610e+00,1.000000041312963273e+00,2.200647668750647790e+04
2.202646579480671789e+04,2.202646579480671789e+04,9.999546021313910904e-01,0.000000000000000000e+00,1.000000041275522777e+00,2.200647668668254482e+04
2.202746579480465152e+04,2.202746579480465152e+04,9.999999999999997780e-01,1.000045441169554961e+00,0.000000000000000000e+00,2.200747577917637682e+04
2.202646488647830120e+04,2.202646488647830120e+04,9.999545608952169484e-01,9.999999999999660272e-01,1.000000000037474912e+00,0.000000000000000000e+00
0.000000000000000000e+00,4.539992976248484740e-05,4.539992976418620455e-05,4.539992976248484740e-05,9.990916719578841754e-01,9.990924958951478141e-01
1.000000000000000000e+00,0.000000000000000000e+00,4.539992976418620455e-05,4.539992976248484740e-05,9.990916719578841754e-01,9.990924958951478141e-01
2.202746579480465880e+04,1.000045399929669010e+00,0.000000000000000000e+00,1.000045399929669010e+00,2.200745762992648815e+04,2.200747577917638046e+04
2.202646488647905062e+04,9.999999587619876618e-01,9.999999587994625738e-01,0.000000000000000000e+00,2.200645763075398281e+04,2.200647577917918898e+04
2.202646488565286563e+04,9.999999587244788879e-01,9.999999587619536889e-01,9.999999587244788879e-01,0.000000000000000000e+00,2.200647577835374977e+04
1.000908328416618920e+00,4.544116780880061521e-05,4.544116781050351058e-05,4.544116780880061521e-05,9.999991753143308015e-01,0.000000000000000000e+00
0.000000000000000000e+00,1.000000000000000000e+00,4.539992602147341339e-05,4.539786870243865007e-05,9.990916719578841754e-01,4.539993163468933302e-05
1.000000000000000000e+00,0.000000000000000000e+00,9.999999175987396294e-01,9.999546021313913124e-01,2.200645853825658924e+04,1.000000041238047865e+00
9.999999999625251990e-01,2.202646579398127869e+04,0.000000000000000000e+00,9.999546020939181767e-01,2.200645853743190310e+04,1.000000041200573175e+00
1.000000000000000000e+00,2.202646579480671789e+04,9.999999175987396294e-01,0.000000000000000000e+00,2.200645853825658924e+04,1.000000041238047865e+00
4.544120528351140226e-05,1.000909153852054256e+00,4.544120153909881249e-05,4.543914234964451947e-05,0.000000000000000000e+00,4.544120715741800399e-05
4.544116780880061521e-05,1.000908328416618920e+00,4.544116406439110864e-05,4.543910487663500148e-05,9.999991753143308015e-01,0.000000000000000000e+00
0.000000000000000000e+00,1.000000000000000000e+00,9.999546021313910904e-01,1.000000041163166653e+00,1.000000041275522777e+00,2.200647668668254482e+04
1.000000000000000000e+00,0.000000000000000000e+00,4.539786870243863652e-05,4.539993163128972224e-05,4.539993163639068340e-05,9.990924958951478141e-01
2.202646760981541229e+04,1.000000082401267143e+00,0.000000000000000000e+00,1.000000123564437349e+00,1.000000123676793473e+00,2.200647850004410793e+04
2.202746579480465152e+04,1.000045399929668788e+00,9.999999999999997780e-01,0.000000000000000000e+00,1.000045441207065400e+00,2.200747577917637682e+04
1.000909153852054256e+00,4.544120528351140226e-05,4.543914234964451269e-05,4.544120715401531001e-05,0.000000000000000000e+00,1.000000824686349432e+00
2.202646488647830120e+04,9.999999587619536889e-01,9.999545608952169484e-01,9.999999999251186766e-01,1.000000000037474912e+00,0.000000000000000000e+00
0.000000000000000000e+00,1.000000000000000000e+00,4.539992976418620455e-05,4.539992976248484740e-05,9.990916719578841754e-01,4.539993163468933302e-05
2.202646579480671789e+04,0.000000000000000000e+00,1.000000000037474912e+00,1.000000000000000000e+00,2.200645853825658924e+04,1.000000041238047865e+00
2.202746579480465880e+04,2.202746579480465880e+04,0.000000000000000000e+00,1.000045399929669010e+00,2.200745762992648815e+04,1.000045441169589155e+00
2.202646488812767348e+04,2.202646488812767348e+04,9.999999588743098133e-01,0.000000000000000000e+00,2.200645763240110682e+04,1.000000000074881212e+00
2.202646488565286563e+04,2.202646488565286563e+04,9.999999587619536889e-01,9.999999587244788879e-01,0.000000000000000000e+00,9.999999999625251990e-01
1.000908328416618920e+00,1.000908328416618920e+00,4.544116781050351058e-05,4.544116780880061521e-05,9.999991753143308015e-01,0.000000000000000000e+00
